3  302  1  6241  
21  309  3  6203  6226  6227  
26  150  1  6203  
65  275  1  6248  
103  190  3  6248  6263  6294  
147  28  1  6200  
401  79  1  6215  
440  10  1  6215  
528  30  1  6227  
676  232  5  6200  6242  6263  6264  6294  
680  93  2  6285  6294  
702  773  6  6200  6203  6226  6227  6248  6285  
929  44  1  6294  
955  86  1  6294  
988  74  1  6215  
1009  305  4  6204  6215  6264  6277  
1046  48  1  6248  
1054  472  3  6203  6226  6227  
1066  599  1  6248  
1115  65  2  6215  6248  
1243  30  1  6215  
1249  3  1  6248  
1261  462  4  6204  6215  6285  6294  
1427  587  2  6248  6263  
1485  68  1  6242  
1518  19  1  6215  
1571  112  1  6215  
1586  96  1  6248  
1601  42  1  6226  
1634  97  1  6215  
1659  44  1  6264  
1660  38  1  6248  
1677  105  1  6248  
1683  49  1  6200  
1705  47  2  6229  6248  
1749  51  1  6227  
1950  122  1  6229  
1979  4  1  6248  
2014  5  1  6215  
2075  95  2  6203  6226  
2109  164  1  6248  
2138  215  1  6215  
2177  189  5  6200  6215  6229  6248  6285  
2193  66  2  6226  6227  
2222  7  1  6248  
2252  42  2  6200  6294  
2273  142  1  6248  
2342  70  1  6215  
2356  893  10  6200  6203  6204  6215  6226  6227  6264  6277  6285  6294  
2367  146  1  6204  
2376  60  1  6248  
2443  307  2  6200  6215  
2666  57  1  6248  
2691  123  2  6200  6242  
2720  357  5  6200  6203  6242  6263  6264  
2729  44  2  6204  6230  
2778  216  1  6204  
2831  81  2  6229  6248  
3090  180  4  6203  6226  6227  6285  
3144  271  3  6227  6264  6292  
3150  319  1  6294  
3153  241  3  6248  6285  6294  
3154  166  1  6215  
3156  92  1  6200  
3157  22  1  6215  
3209  71  1  6294  
3214  64  1  6285  
3264  156  5  6203  6226  6227  6248  6263  
3270  26  2  6226  6227  
3284  24  2  6226  6248  
3315  362  5  6215  6248  6263  6277  6294  
3362  95  2  6241  6264  
3428  22  2  6285  6292  
3443  232  1  6294  
3466  94  1  6248  
3548  42  1  6294  
3592  89  1  6294  
3596  90  1  6285  
3601  145  2  6263  6277  
3657  257  5  6203  6226  6227  6242  6285  
3658  89  2  6248  6263  
3789  5  1  6227  
3870  38  1  6248  
3879  278  6  6200  6203  6226  6227  6248  6285  
3926  6  1  6277  
3990  70  1  6203  
3994  202  1  6200  
4062  9  1  6227  
4073  81  1  6248  
4122  71  1  6294  
4152  228  1  6226  
4176  46  1  6226  
4217  25  1  6203  
4220  121  4  6227  6248  6285  6294  
4225  62  1  6215  
4259  7  1  6203  
4263  53  1  6226  
4285  62  1  6263  
4437  60  3  6230  6279  6285  
4440  361  5  6203  6226  6227  6248  6285  
4470  115  4  6203  6226  6227  6264  
4485  139  1  6248  
4489  43  1  6200  
4509  52  1  6200  
4510  2  1  6203  
4514  26  1  6226  
4551  54  3  6248  6277  6294  
4552  127  2  6200  6294  
4569  69  1  6248  
4586  16  1  6294  
4604  48  2  6203  6215  
4608  122  3  6203  6229  6294  
4614  217  1  6227  
4623  211  4  6203  6226  6227  6248  
4624  312  3  6204  6215  6285  
4680  33  1  6227  
4710  22  1  6294  
4715  61  1  6215  
4831  63  2  6215  6229  
4901  389  9  6203  6215  6226  6242  6248  6263  6264  6285  6294  
4906  39  2  6227  6285  
4908  243  2  6226  6230  
4919  137  3  6203  6215  6226  
4927  46  1  6203  
4951  105  4  6203  6226  6227  6285  
4981  15  1  6285  
4992  36  1  6215  
5012  139  4  6200  6229  6285  6292  
5046  21  1  6226  
5051  230  4  6203  6227  6263  6285  
5065  44  1  6248  
5069  10  3  6203  6226  6227  
5109  15  1  6248  
5110  75  6  6203  6204  6226  6227  6242  6263  
5113  14  1  6230  
5129  191  1  6294  
5133  222  8  6200  6203  6204  6227  6242  6263  6277  6285  
5135  385  9  6200  6203  6215  6226  6227  6248  6264  6285  6294  
5137  33  2  6200  6279  
5139  83  1  6294  
5140  27  1  6200  
5144  79  1  6230  
5147  144  2  6200  6294  
5149  84  1  6248  
5150  75  4  6226  6248  6263  6264  
5155  98  2  6248  6294  
5158  15  1  6226  
5191  50  1  6294  
5192  27  1  6200  
5239  33  1  6294  
5285  4  1  6215  
5294  81  3  6203  6226  6294  
5296  10  1  6248  
5317  17  1  6215  
5325  80  3  6200  6215  6277  
5363  54  1  6294  
5382  26  2  6227  6285  
5401  24  2  6263  6279  
5427  22  1  6215  
5477  53  1  6248  
5495  75  1  6200  
5499  8  1  6200  
5519  88  2  6241  6263  
5528  52  2  6200  6215  
5542  78  1  6263  
5546  190  1  6227  
5557  23  2  6285  6294  
5563  108  6  6203  6226  6227  6248  6285  6286  
5582  81  1  6285  
5583  35  4  6203  6226  6227  6285  
5606  29  2  6263  6294  
5611  3  2  6227  6230  
5617  21  1  6200  
5639  70  3  6215  6248  6285  
5653  28  1  6294  
5676  85  4  6226  6242  6263  6285  
5713  17  1  6203  
5725  21  1  6200  
5737  29  1  6248  
5740  35  3  6229  6285  6294  
5741  43  1  6285  
5743  58  2  6227  6285  
5772  177  3  6200  6204  6294  
5785  15  1  6286  
5789  160  9  6203  6215  6226  6227  6248  6263  6264  6277  6285  
5792  91  5  6200  6203  6215  6227  6241  
5793  104  6  6200  6227  6242  6263  6264  6285  
5794  93  8  6203  6226  6227  6248  6263  6264  6277  6285  
5796  5  1  6229  
5798  135  2  6215  6294  
5831  29  2  6200  6285  
5835  4  1  6215  
5864  10  1  6294  
5871  7  1  6203  
5874  100  2  6215  6285  
5915  22  1  6263  
5921  77  2  6263  6294  
5933  42  1  6215  
5982  14  1  6226  
5986  14  1  6263  
5998  1  1  6285  
6011  7  1  6226  
6019  31  1  6215  
6025  49  6  6203  6226  6227  6263  6264  6285  
6026  191  5  6200  6215  6227  6285  6294  
6032  44  6  6203  6226  6230  6248  6263  6285  
6033  95  2  6215  6294  
6035  54  2  6215  6294  
6037  29  1  6285  
6042  16  1  6215  
6049  65  4  6203  6204  6264  6285  
6054  57  2  6215  6294  
6057  18  1  6203  
6058  68  3  6200  6204  6294  
6080  10  1  6203  
6081  41  3  6203  6226  6285  
6090  1  1  6226  
6095  19  3  6241  6285  6292  
6124  8  2  6286  6292  
6127  13  1  6200  
6146  21  1  6294  
6147  161  1  6204  
6150  5  1  6204  
6152  142  6  6200  6203  6226  6227  6229  6294  
6153  31  1  6294  
6154  40  2  6200  6294  
6155  98  1  6215  
6156  37  1  6200  
6157  118  2  6215  6294  
6171  70  2  6263  6294  
6175  123  1  6215  
6179  11  1  6294  
6180  93  6  6215  6227  6242  6263  6285  6294  
6185  18  1  6285  
6186  15  3  6203  6226  6227  
6189  15  1  6285  
6201  7  3  6203  6226  6227  
6202  1  1  6203  
6216  30  1  6215  
6222  2  1  6285  
6223  3  1  6285  
6225  4  2  6226  6227  
6228  1  1  6227  
6229  1  1  6227  
6243  2  1  6242  
6245  3  1  6248  
6246  1  1  6248  
6247  1  1  6248  
6254  2  1  6215  
6255  4  2  6200  6263  
6258  2  1  6215  
6259  4  1  6215  
6260  2  1  6215  
6261  9  1  6294  
6262  2  1  6263  
6268  1  1  6269  
6272  1  1  6273  
6282  1  1  6285  
6283  1  1  6285  
6284  1  1  6285  
6296  12  1  6294  
6297  7  1  6294  
6300  101  3  6200  6215  6294  
6308  21  2  6200  6215  
6334  19  1  6294  
6335  89  1  6294  
6348  39  1  6294  
6364  15  1  6229  
6396  8  1  6200  
6405  38  1  6294  
6414  24  1  6294  
6415  52  1  6204  
6417  12  1  6294  
6420  15  1  6294  
6430  6  1  6294  
6461  1  1  6215  
6462  3  1  6215  
6463  1  1  6215  
6464  1  1  6215  
6465  4  1  6215  
6466  1  1  6215  
6467  1  1  6215  
6468  1  1  6215  
6469  1  1  6215  
6470  1  1  6215  
6471  1  1  6215  
6496  4  1  6294  
6554  19  2  6200  6294  
6560  8  1  6200  
6562  3  1  6294  
6563  4  1  6294  
6564  1  1  6294  
6565  4  1  6294  
6566  33  2  6200  6294  
6567  1  1  6294  
6568  1  1  6294  
6629  2  1  6204  
6631  2  1  6204  
6632  3  1  6204  
6639  19  1  6204  
6662  45  1  6204  
6665  2  1  6204  
