0  23  4  203  257  268  282  
1  29  5  203  219  230  264  281  
2  23  1  281  
3  302  28  205  208  214  215  216  219  223  230  237  239  244  245  246  248  257  258  259  263  267  268  272  280  281  282  283  286  288  299  
4  24  4  216  246  257  281  
5  182  24  203  205  208  212  214  219  223  230  237  239  242  245  248  257  258  259  263  264  268  281  282  283  290  292  
6  81  10  203  214  216  230  237  245  248  257  259  281  
7  86  17  203  205  208  233  237  239  242  244  248  257  259  263  268  282  283  288  292  
8  743  26  203  205  208  212  215  216  217  233  237  239  242  244  246  248  257  259  264  267  268  280  281  288  290  292  295  299  
9  65  13  203  208  219  223  237  242  244  246  259  264  268  272  281  
10  11  7  203  205  219  237  239  257  284  
11  114  12  203  205  208  212  214  223  237  246  248  257  264  281  
12  50  2  203  281  
14  45  7  203  245  248  257  258  264  281  
15  12  2  203  290  
16  39  11  203  205  208  237  239  244  248  257  259  268  281  
17  187  19  203  205  212  219  230  237  239  242  244  245  248  257  259  264  268  281  288  290  292  
18  76  8  208  223  230  237  239  257  281  290  
20  74  13  203  223  239  244  257  263  264  281  282  284  286  290  295  
21  309  11  203  216  217  230  242  246  257  263  281  292  293  
22  90  19  203  212  214  233  239  242  244  248  257  258  263  264  268  281  282  284  288  290  292  
23  95  21  203  205  208  214  219  223  230  237  239  244  245  248  257  258  259  268  281  282  283  288  292  
24  102  12  205  208  214  230  257  259  263  264  283  284  288  292  
25  133  22  203  205  212  214  216  219  223  233  237  239  246  248  257  258  263  264  281  283  284  286  292  295  
26  150  17  203  216  230  233  239  246  248  257  258  259  264  268  281  282  290  295  299  
28  15  1  217  
29  4  1  203  
30  24  1  203  
31  5  1  264  
32  65  11  203  214  215  230  244  246  248  257  259  281  282  
33  227  12  214  216  219  242  257  259  264  281  286  290  292  295  
34  20  3  205  239  281  
35  14  2  263  284  
36  41  5  205  239  257  264  281  
37  11  8  203  205  230  239  244  258  259  281  
38  30  5  214  215  239  257  281  
39  89  12  203  208  230  237  239  246  257  259  268  280  281  284  
41  44  3  203  212  246  
42  8  1  281  
43  59  10  203  212  239  242  257  263  264  268  282  283  
44  146  17  203  205  214  230  237  239  244  257  259  264  268  272  281  282  284  286  299  
45  21  7  203  237  239  257  264  281  292  
46  15  1  203  
47  14  9  205  208  237  239  244  248  257  258  281  
48  24  5  203  233  257  263  281  
50  39  1  259  
51  7  2  203  281  
52  64  13  203  205  230  237  239  257  264  281  284  286  290  295  299  
53  24  1  203  
54  13  3  216  257  281  
55  38  6  244  257  259  272  281  292  
56  94  6  203  208  216  239  257  280  
59  17  2  230  263  
63  44  2  264  284  
64  17  4  203  259  264  281  
65  275  2  257  272  
66  109  7  203  214  216  223  244  257  281  
67  164  9  214  219  223  230  248  257  264  281  295  
68  13  4  203  230  259  281  
69  69  8  216  239  244  257  267  281  286  299  
70  31  2  233  281  
72  25  4  203  208  257  281  
73  41  5  203  245  248  282  284  
74  53  9  203  223  230  239  257  281  284  293  295  
75  59  10  223  239  242  257  263  264  281  286  292  293  
76  18  3  203  258  281  
81  122  10  203  216  230  246  257  264  281  286  290  295  
82  195  8  246  257  264  272  281  286  295  299  
84  29  3  230  257  292  
85  72  6  203  230  239  257  272  290  
87  5  2  282  284  
89  80  18  203  208  212  230  237  239  244  245  248  257  258  259  264  268  281  283  284  286  
92  8  1  216  
93  24  1  257  
94  5  1  219  
95  16  2  230  281  
97  68  5  242  257  281  284  288  
98  30  7  203  230  239  264  281  284  290  
100  9  1  281  
103  190  1  272  
104  95  8  216  257  264  286  288  292  295  299  
105  29  4  257  282  288  290  
107  89  5  203  208  216  230  272  
114  8  2  203  281  
119  29  6  203  257  281  284  295  299  
120  25  2  216  257  
121  132  8  216  219  239  246  248  257  264  272  
122  80  3  203  205  257  
123  4  1  281  
124  13  1  257  
125  29  3  257  281  292  
128  7  2  242  292  
129  99  4  219  230  245  248  
131  72  13  212  216  223  237  239  242  246  257  259  264  280  290  299  
132  37  7  216  233  239  257  264  281  284  
133  30  3  214  245  264  
135  25  6  230  257  281  282  283  284  
136  94  12  203  205  214  237  239  257  259  280  281  283  295  299  
138  18  2  203  257  
140  58  4  257  286  292  293  
142  28  2  219  263  
143  74  5  216  223  233  257  290  
144  21  2  203  239  
146  61  8  212  230  239  264  286  288  290  292  
147  28  1  203  
148  4  1  246  
149  44  5  230  257  272  293  295  
153  32  1  281  
154  4  2  233  282  
155  9  1  257  
158  93  9  203  230  246  248  257  258  259  272  286  
160  9  2  281  284  
161  3  1  244  
162  70  3  215  217  281  
163  123  4  203  233  267  272  
164  334  12  203  215  217  246  257  280  281  286  293  295  296  299  
167  39  1  257  
168  19  2  203  216  
169  63  4  216  257  264  295  
170  17  4  283  286  288  290  
171  54  4  205  257  259  281  
172  3  2  203  257  
173  79  4  230  257  281  292  
175  4  1  203  
176  37  4  203  216  230  267  
177  3  1  203  
178  1  1  203  
179  2  1  203  
180  13  3  203  246  257  
181  19  2  203  290  
182  21  1  216  
183  5  2  203  246  
184  1  1  203  
185  1  1  203  
186  11  2  203  246  
187  1  1  203  
188  17  1  203  
189  1  1  203  
190  21  4  203  239  257  264  
191  6  3  203  282  283  
192  31  3  203  246  281  
193  12  1  203  
194  12  2  203  264  
195  1  1  203  
196  1  1  203  
197  6  2  203  208  
198  10  3  203  246  257  
199  1  1  203  
204  100  9  205  239  244  257  264  280  281  288  292  
206  1  1  208  
209  10  1  264  
211  19  3  214  244  283  
212  13  2  257  264  
214  25  1  280  
215  5  1  257  
216  6  2  264  281  
217  6  1  280  
218  50  7  216  223  242  257  263  281  282  
219  23  3  216  257  264  
222  2  1  257  
223  39  8  219  244  257  264  282  288  290  292  
224  41  2  257  264  
228  8  2  257  264  
230  2  1  237  
232  3  1  230  
234  11  3  219  259  282  
236  15  2  281  284  
238  8  2  281  292  
240  1  1  244  
241  25  4  216  233  244  295  
242  86  9  244  246  257  263  264  281  288  292  299  
243  10  4  214  244  264  280  
244  8  2  257  284  
245  6  3  248  257  258  
246  56  4  215  248  257  281  
247  6  3  245  248  267  
248  8  2  245  268  
249  22  2  257  264  
250  1  1  257  
251  31  2  257  264  
252  13  1  257  
253  1  1  257  
254  3  1  257  
255  30  2  233  257  
256  14  1  257  
258  7  3  245  281  284  
260  56  4  212  259  264  281  
261  7  2  230  259  
262  2  1  259  
263  76  6  257  272  281  286  290  299  
264  39  8  212  216  217  223  242  263  268  282  
266  7  2  268  281  
267  6  1  268  
272  71  3  203  257  281  
273  35  1  281  
274  6  1  281  
275  3  2  264  281  
276  1  1  281  
277  5  2  281  282  
278  10  3  230  233  281  
279  1  1  281  
280  2  1  281  
285  3  1  284  
286  79  3  257  295  299  
288  244  11  216  233  242  257  264  280  290  292  293  295  299  
290  142  8  216  230  257  281  286  293  295  299  
292  230  7  230  257  281  286  290  295  299  
293  321  7  230  246  257  281  286  295  299  
294  227  13  212  215  216  242  257  264  286  288  290  292  293  295  299  
295  54  1  272  
297  77  5  203  246  281  290  299  
299  140  8  216  257  280  281  286  290  293  295  
300  3  1  257  
301  199  11  203  242  257  263  264  272  281  288  292  293  299  
302  7  3  230  281  299  
303  27  3  257  290  293  
307  25  2  219  264  
308  12  2  230  264  
309  8  3  219  264  293  
310  13  1  281  
311  6  3  216  264  281  
316  41  3  257  295  299  
318  31  3  203  257  292  
321  80  8  212  214  215  223  230  246  257  264  
322  30  4  219  257  264  286  
323  47  2  246  281  
325  4  1  264  
327  9  2  216  264  
328  86  2  203  272  
330  21  1  257  
334  9  1  230  
335  6  1  230  
337  18  4  203  246  264  281  
343  14  1  203  
345  14  2  264  281  
346  5  1  281  
350  117  9  216  242  257  264  281  286  292  295  299  
355  37  3  281  292  293  
359  2  1  230  
360  1  1  230  
361  45  5  212  230  233  242  264  
362  1  1  230  
363  3  2  230  292  
364  11  3  203  230  246  
372  42  1  264  
376  6  1  257  
377  12  3  230  257  281  
382  19  3  233  257  272  
383  34  5  223  242  264  288  292  
384  145  5  203  217  267  280  290  
389  21  1  272  
393  2  1  214  
394  9  1  214  
399  7  1  203  
400  6  1  292  
401  79  2  263  267  
402  41  4  219  223  264  281  
403  6  1  246  
408  157  3  290  292  299  
412  1  1  219  
413  1  1  219  
415  8  1  257  
416  8  2  223  264  
420  4  1  257  
431  732  6  215  257  272  280  281  293  
432  4  1  257  
438  12  2  203  246  
445  8  1  230  
449  4  1  257  
452  1  1  281  
453  3  1  281  
454  3  1  281  
455  6  1  264  
481  7  2  230  295  
490  7  2  216  230  
493  24  2  230  281  
494  142  2  203  272  
497  4  1  230  
501  22  1  246  
504  121  9  212  215  216  217  242  246  257  264  281  
508  8  1  257  
509  4  2  223  264  
510  1  1  264  
511  1  1  264  
512  15  4  242  264  292  293  
513  1  1  264  
522  5  1  264  
531  26  1  203  
533  3  1  292  
534  13  1  230  
538  8  1  264  
540  12  3  212  263  264  
548  214  12  215  216  230  233  246  257  264  272  281  290  293  295  
551  8  1  292  
552  1  1  263  
553  3  1  263  
562  35  4  233  242  264  288  
563  1  1  264  
565  11  1  264  
572  31  3  246  264  281  
576  1  1  264  
577  55  8  242  257  264  280  288  292  293  295  
578  150  5  203  230  257  264  272  
579  66  6  257  264  267  281  286  299  
580  11  2  257  264  
581  25  4  257  264  293  299  
582  1  1  264  
583  31  2  257  295  
584  4  2  203  264  
585  2  1  264  
586  3  1  264  
587  46  3  264  293  295  
588  27  3  257  264  295  
589  16  3  203  257  264  
590  17  1  264  
591  32  3  230  264  281  
592  2  1  264  
593  40  3  264  286  299  
594  98  6  203  246  257  272  290  293  
602  6  1  242  
603  14  1  257  
606  158  7  203  230  246  257  272  281  293  
615  5  1  257  
616  16  4  257  290  292  299  
621  3  1  203  
623  3  1  292  
628  5  1  292  
629  47  4  203  246  281  292  
630  3  1  292  
631  24  1  288  
632  3  1  288  
635  118  3  257  272  299  
637  100  3  257  293  295  
641  4  1  217  
643  81  5  257  286  290  295  299  
644  28  1  299  
645  95  3  246  281  299  
646  123  5  215  257  272  281  293  
647  51  4  257  286  293  299  
649  105  3  217  230  257  
651  19  1  286  
654  23  2  215  281  
661  264  4  203  233  272  290  
666  32  2  203  257  
669  34  3  230  257  281  
671  4  1  233  
676  232  1  233  
680  93  6  233  257  280  286  293  299  
686  66  1  272  
695  77  6  246  257  281  293  295  299  
697  8  1  286  
698  50  1  257  
699  68  1  203  
702  773  2  257  267  
705  146  9  203  216  246  257  272  280  293  295  296  
719  224  6  203  217  230  272  281  293  
721  2  1  215  
723  113  4  230  272  293  299  
724  317  9  230  246  257  272  281  286  293  295  299  
725  41  2  203  257  
728  18  2  217  257  
729  60  7  230  257  272  286  293  295  299  
739  90  4  257  272  281  295  
742  4  1  257  
743  34  4  272  281  286  295  
746  272  1  280  
749  29  2  215  286  
756  15  3  230  286  295  
759  249  1  272  
767  4  1  217  
768  36  2  217  290  
772  30  1  272  
774  45  3  281  290  295  
777  8  3  216  290  299  
781  39  2  230  290  
782  16  3  217  281  299  
787  13  1  290  
788  8  3  216  290  299  
789  16  1  290  
793  97  6  203  216  230  246  257  299  
798  38  4  230  257  280  281  
799  59  4  203  272  281  293  
800  29  1  257  
805  2  1  295  
807  122  1  246  
810  7  2  257  299  
821  6  1  257  
823  1  1  215  
826  5  1  216  
829  119  2  217  246  
832  9  1  246  
836  27  3  230  257  286  
837  9  1  203  
839  7  2  257  286  
847  149  3  246  272  281  
850  6  1  230  
857  18  1  299  
859  22  1  272  
861  46  1  257  
864  80  5  203  215  272  281  293  
866  30  4  230  257  281  295  
867  5  1  257  
869  110  2  257  293  
870  27  1  257  
871  29  1  257  
872  8  1  257  
875  34  1  272  
877  42  3  257  281  293  
878  3  1  286  
880  12  2  246  295  
881  22  2  203  295  
888  16  1  230  
892  72  5  257  272  281  293  299  
895  36  1  257  
899  65  4  203  257  272  286  
902  16  2  257  286  
903  47  1  281  
907  77  1  272  
908  2  1  286  
909  292  1  272  
914  238  6  203  280  281  286  293  299  
915  45  2  286  293  
917  297  2  246  272  
918  30  1  230  
920  60  2  272  299  
923  18  1  272  
926  138  6  203  215  217  246  280  296  
928  8  1  286  
929  44  4  257  281  293  296  
930  6  1  296  
933  23  3  230  246  257  
941  14  1  230  
942  9  1  293  
943  41  1  272  
946  6  1  293  
947  7  1  257  
948  135  6  215  230  257  281  293  296  
950  19  1  293  
951  39  1  293  
952  6  2  257  293  
953  33  2  257  293  
955  86  1  217  
956  6  1  257  
969  46  1  272  
972  196  5  203  215  246  272  280  
977  156  2  215  257  
978  29  2  230  281  
979  16  1  230  
980  7  1  230  
981  5  2  230  257  
982  2  1  230  
988  74  2  215  246  
990  5  2  246  257  
991  2  1  257  
992  5  1  257  
993  1  1  257  
994  4  1  257  
995  2  1  257  
996  5  1  257  
997  4  2  203  246  
1001  8  1  246  
1009  305  1  267  
1022  60  2  246  281  
1025  39  2  217  281  
1030  37  1  203  
1031  2  1  203  
1034  62  2  203  272  
1037  57  1  246  
1038  399  3  217  280  281  
1040  115  1  281  
1041  135  3  246  267  280  
1046  48  1  281  
1054  472  3  203  217  272  
1062  24  2  215  281  
1064  39  2  272  281  
1066  599  4  203  210  267  272  
1067  158  2  272  281  
1079  10  1  203  
1082  7  1  281  
1084  79  1  203  
1093  31  1  272  
1095  5  1  246  
1098  4  1  267  
1100  107  1  272  
1101  35  1  280  
1104  61  1  272  
1110  218  2  217  280  
1111  79  2  267  272  
1129  33  1  272  
1133  16  1  281  
1134  20  2  215  281  
1135  103  1  272  
1140  35  1  217  
1146  77  1  280  
1150  51  1  296  
1156  45  1  215  
1158  8  1  280  
1173  69  3  246  272  281  
1174  124  3  215  246  272  
1175  4  1  272  
1179  31  1  272  
1180  65  1  281  
1184  7  2  246  281  
1189  76  1  272  
1197  290  3  203  272  296  
1198  20  1  280  
1211  181  3  217  272  296  
1217  1  1  281  
1218  6  1  281  
1219  1  1  281  
1220  2  1  281  
1221  3  1  281  
1227  62  1  272  
1239  2  1  246  
1240  117  1  246  
1241  1  1  246  
1242  121  5  217  246  267  280  296  
1243  30  1  246  
1244  8  1  246  
1245  3  1  246  
1246  20  2  246  272  
1247  91  3  246  267  280  
1248  18  1  246  
1249  3  1  246  
1250  22  3  246  267  272  
1251  1  1  246  
1252  4  1  246  
1255  40  1  267  
1261  462  4  217  267  272  280  
1267  63  2  203  217  
1273  61  1  280  
1277  32  1  272  
1282  199  1  280  
1312  183  2  272  280  
1326  20  1  296  
1346  48  1  217  
1349  8  1  203  
1352  20  1  272  
1353  7  1  272  
1354  156  1  272  
1355  72  1  203  
1364  52  1  272  
1368  117  2  217  280  
1372  157  2  217  280  
1376  210  2  217  267  
1380  48  1  203  
1386  41  1  272  
1400  99  1  280  
1401  139  1  272  
1404  35  1  280  
1413  2  1  217  
1417  81  1  280  
1427  587  3  203  272  280  
1430  81  1  267  
1441  27  1  272  
1457  13  1  296  
1458  87  2  272  296  
1460  102  2  203  272  
1468  114  2  267  280  
1481  355  5  203  217  267  272  280  
1487  73  1  203  
1488  162  4  217  267  272  280  
1515  48  1  217  
1567  70  1  267  
1570  93  1  272  
1571  112  1  203  
1572  1  1  217  
1573  1  1  217  
1574  47  2  203  217  
1575  4  1  217  
1576  34  1  217  
1577  1  1  217  
1578  6  1  217  
1579  1  1  217  
1580  9  1  217  
1586  96  1  203  
1597  19  1  203  
1601  42  1  280  
1602  55  1  272  
1609  9  1  203  
1618  35  2  203  272  
1626  5  1  272  
1636  67  1  203  
1639  141  1  267  
1677  105  1  272  
1680  90  1  272  
1695  16  1  203  
1696  28  1  272  
1705  47  1  267  
1717  2  1  272  
1749  51  2  267  272  
1769  112  2  203  272  
1772  204  2  267  272  
1807  31  1  267  
1811  18  1  272  
1826  29  1  203  
1898  121  1  267  
1908  121  1  267  
1925  55  1  267  
1933  45  1  267  
1944  39  1  272  
1957  8  1  272  
1960  129  1  203  
1966  3  1  267  
1996  65  1  203  
2048  143  1  267  
2049  49  1  203  
2059  108  1  267  
2073  247  1  203  
2108  2  1  203  
2109  164  1  203  
2134  111  1  272  
2137  252  1  267  
2176  17  1  272  
2179  124  1  203  
2184  26  1  272  
2222  7  1  272  
2271  75  1  203  
2272  103  1  272  
2273  142  1  272  
2275  35  1  272  
2283  324  1  272  
2299  30  1  203  
2305  13  2  203  272  
2334  37  1  272  
2342  70  1  272  
2348  77  1  203  
2350  82  2  203  272  
2351  180  1  272  
2356  893  3  203  267  272  
2432  18  1  203  
2436  269  2  267  272  
2439  104  1  267  
2445  164  1  267  
2460  7  1  203  
2471  618  2  267  272  
2476  149  1  267  
2483  168  1  267  
2485  80  1  272  
2486  61  1  267  
2487  75  1  272  
2490  103  1  272  
2494  200  1  267  
2514  16  1  272  
2525  7  1  272  
2550  22  1  203  
2587  43  1  203  
2604  124  1  267  
2621  5  1  203  
2622  1  1  203  
2623  4  1  203  
2624  5  1  203  
2625  1  1  203  
2626  2  1  203  
2627  6  1  203  
2628  3  1  203  
2629  1  1  203  
2630  1  1  203  
2631  1  1  203  
2632  282  2  203  272  
2633  87  2  203  272  
2657  29  2  267  272  
2658  4  1  272  
2691  123  2  267  272  
2702  10  1  272  
2720  357  1  210  
2746  43  1  267  
2751  28  1  272  
2752  31  1  272  
2753  15  1  272  
2767  7  1  267  
2771  4  1  272  
2772  175  1  272  
2808  1  1  272  
2834  37  1  267  
2857  8  1  267  
2907  24  1  267  
3024  31  1  267  
3025  5  1  267  
3064  273  1  267  
3119  1  1  267  
3120  1  1  267  
3146  314  1  210  
3158  101  1  210  
3338  144  1  210  
3679  111  1  210  
3748  16  1  273  
3777  6  1  273  
4021  18  1  210  
4596  24  1  210  
