3  302  7  1213  1218  1264  1276  1277  1281  1283  
6  81  1  1271  
8  743  24  1202  1211  1213  1214  1218  1222  1243  1250  1259  1261  1262  1264  1265  1269  1271  1272  1276  1277  1281  1283  1289  1294  1298  1299  
11  114  1  1272  
13  15  2  1261  1299  
17  187  6  1213  1242  1261  1276  1283  1289  
19  2  1  1294  
21  309  6  1202  1207  1222  1243  1247  1250  
27  5  1  1299  
28  15  1  1289  
32  65  3  1222  1264  1276  
33  227  7  1202  1243  1247  1259  1264  1265  1289  
39  89  1  1243  
44  146  1  1265  
56  94  3  1207  1247  1283  
57  9  1  1261  
65  275  2  1242  1261  
66  109  1  1247  
67  164  6  1202  1211  1242  1265  1281  1283  
69  69  1  1222  
72  25  1  1259  
78  8  2  1271  1272  
82  195  4  1222  1242  1269  1298  
116  213  2  1272  1280  
121  132  1  1272  
122  80  1  1214  
125  29  1  1261  
131  72  1  1262  
136  94  1  1222  
138  18  2  1213  1264  
140  58  4  1207  1247  1265  1294  
142  28  3  1211  1272  1299  
162  70  5  1222  1269  1276  1281  1289  
163  123  3  1247  1261  1271  
164  334  15  1211  1214  1243  1247  1250  1259  1262  1264  1265  1276  1281  1283  1289  1294  1299  
167  39  1  1262  
173  79  3  1247  1261  1283  
186  11  1  1243  
188  17  2  1294  1299  
204  100  3  1214  1261  1262  
214  25  1  1214  
218  50  1  1283  
224  41  2  1207  1261  
243  10  1  1289  
245  6  1  1250  
246  56  5  1222  1259  1262  1269  1289  
247  6  1  1250  
255  30  1  1214  
256  14  1  1265  
260  56  1  1247  
272  71  3  1265  1283  1298  
286  79  2  1211  1218  
288  244  3  1265  1272  1281  
290  142  2  1276  1289  
292  230  5  1211  1262  1265  1294  1298  
293  321  10  1211  1214  1218  1222  1243  1247  1261  1262  1264  1272  
294  227  4  1211  1222  1262  1269  
295  54  2  1222  1264  
297  77  2  1213  1269  
299  140  2  1264  1281  
301  199  1  1269  
307  25  1  1250  
317  46  1  1272  
318  31  1  1272  
321  80  2  1213  1222  
323  47  1  1272  
337  18  1  1262  
350  117  3  1202  1214  1283  
355  37  2  1222  1289  
372  42  3  1247  1271  1276  
384  145  2  1214  1294  
392  4  1  1222  
399  7  1  1271  
403  6  1  1271  
408  157  3  1265  1289  1294  
422  15  1  1271  
431  732  13  1202  1211  1214  1242  1243  1247  1261  1264  1265  1272  1277  1281  1283  
493  24  2  1222  1289  
494  142  2  1247  1294  
501  22  1  1207  
504  121  3  1207  1222  1243  
536  22  1  1222  
538  8  1  1262  
548  214  8  1202  1207  1222  1242  1243  1261  1264  1294  
551  8  1  1264  
572  31  1  1222  
578  150  10  1211  1213  1222  1247  1265  1269  1272  1276  1277  1290  
579  66  2  1213  1247  
583  31  1  1269  
588  27  2  1250  1259  
590  17  2  1272  1299  
591  32  3  1222  1265  1277  
594  98  2  1262  1269  
606  158  4  1211  1250  1261  1281  
607  13  1  1261  
626  83  4  1259  1262  1276  1289  
635  118  4  1214  1261  1272  1298  
643  81  1  1283  
645  95  5  1213  1214  1222  1261  1298  
646  123  7  1211  1222  1259  1262  1264  1276  1289  
649  105  3  1211  1250  1264  
654  23  2  1213  1222  
661  264  6  1213  1247  1261  1265  1272  1289  
676  232  1  1290  
680  93  3  1202  1272  1281  
686  66  2  1202  1294  
695  77  2  1207  1262  
699  68  2  1250  1294  
702  773  9  1202  1242  1247  1250  1265  1271  1272  1280  1290  
705  146  4  1207  1211  1265  1283  
719  224  4  1250  1271  1272  1298  
723  113  2  1272  1298  
724  317  12  1202  1211  1213  1214  1242  1250  1261  1271  1272  1277  1281  1283  
729  60  1  1250  
739  90  7  1214  1261  1264  1272  1277  1283  1289  
743  34  1  1214  
746  272  8  1207  1211  1247  1250  1261  1265  1271  1272  
755  11  1  1207  
758  165  1  1202  
759  249  5  1211  1214  1247  1261  1264  
768  36  1  1214  
771  61  1  1207  
782  16  1  1299  
783  99  4  1211  1271  1272  1276  
785  91  1  1261  
793  97  1  1207  
798  38  2  1211  1214  
799  59  1  1264  
807  122  1  1269  
826  5  1  1215  
827  2  1  1272  
829  119  7  1211  1214  1218  1222  1261  1262  1277  
847  149  5  1211  1213  1214  1222  1264  
861  46  1  1265  
864  80  4  1211  1222  1262  1298  
869  110  5  1247  1250  1283  1294  1299  
871  29  1  1215  
872  8  1  1294  
875  34  1  1298  
881  22  1  1214  
885  4  1  1269  
889  5  1  1271  
890  2  1  1276  
892  72  2  1213  1276  
895  36  1  1272  
899  65  1  1261  
902  16  1  1264  
909  292  2  1247  1280  
914  238  9  1211  1222  1261  1264  1265  1269  1280  1281  1294  
915  45  1  1280  
917  297  10  1243  1247  1262  1265  1271  1276  1280  1281  1289  1299  
918  30  1  1214  
923  18  2  1211  1261  
926  138  8  1218  1222  1262  1276  1281  1283  1289  1299  
929  44  2  1289  1299  
933  23  2  1269  1283  
941  14  1  1264  
948  135  10  1211  1213  1222  1259  1262  1264  1269  1281  1283  1289  
951  39  1  1247  
953  33  2  1211  1214  
955  86  3  1243  1261  1265  
959  49  1  1211  
960  41  3  1271  1283  1294  
961  21  1  1283  
964  24  4  1211  1213  1218  1281  
968  44  3  1247  1265  1294  
969  46  2  1271  1272  
972  196  5  1214  1250  1262  1269  1298  
976  2  1  1277  
977  156  3  1222  1247  1261  
983  3  1  1214  
987  95  2  1213  1242  
988  74  4  1222  1243  1259  1262  
1008  88  1  1280  
1009  305  4  1207  1247  1265  1294  
1013  15  1  1298  
1022  60  2  1222  1243  
1025  39  4  1213  1214  1222  1281  
1032  62  3  1211  1247  1271  
1034  62  3  1213  1264  1294  
1037  57  1  1283  
1038  399  3  1202  1250  1272  
1040  115  4  1214  1222  1247  1265  
1041  135  7  1247  1259  1261  1262  1265  1281  1294  
1046  48  2  1214  1247  
1053  8  1  1211  
1054  472  10  1211  1214  1215  1242  1243  1247  1261  1265  1280  1294  
1062  24  5  1222  1259  1269  1281  1283  
1066  599  11  1207  1214  1215  1242  1247  1261  1265  1271  1272  1280  1298  
1067  158  5  1213  1214  1222  1247  1298  
1083  9  1  1276  
1084  79  3  1211  1247  1261  
1085  43  2  1213  1214  
1093  31  1  1215  
1100  107  1  1280  
1101  35  4  1211  1214  1281  1283  
1102  66  2  1243  1294  
1103  22  2  1218  1247  
1104  61  5  1222  1259  1262  1281  1289  
1110  218  16  1211  1222  1242  1243  1247  1261  1264  1265  1271  1276  1280  1281  1283  1289  1294  1299  
1111  79  2  1259  1262  
1115  65  1  1247  
1120  77  6  1213  1262  1265  1277  1281  1283  
1132  14  2  1213  1218  
1134  20  4  1218  1222  1276  1299  
1135  103  5  1211  1247  1265  1277  1281  
1140  35  2  1211  1222  
1141  11  1  1214  
1146  77  5  1211  1247  1261  1272  1294  
1147  21  2  1289  1299  
1150  51  2  1269  1298  
1156  45  3  1259  1276  1281  
1162  61  2  1211  1247  
1173  69  5  1211  1213  1218  1269  1299  
1174  124  5  1211  1213  1218  1247  1264  
1177  8  1  1271  
1179  31  1  1265  
1180  65  2  1281  1290  
1182  16  2  1222  1264  
1183  34  5  1222  1247  1262  1264  1289  
1184  7  1  1289  
1185  33  3  1211  1222  1264  
1188  9  1  1207  
1189  76  1  1222  
1197  290  7  1207  1213  1222  1247  1276  1280  1290  
1203  2  1  1259  
1211  181  6  1214  1218  1247  1261  1269  1289  
1218  6  1  1214  
1227  62  5  1214  1218  1261  1271  1299  
1230  3  2  1294  1299  
1238  3  1  1299  
1240  117  4  1211  1214  1276  1298  
1242  121  3  1211  1283  1298  
1244  8  2  1259  1298  
1245  3  1  1299  
1246  20  1  1214  
1247  91  4  1211  1214  1242  1264  
1255  40  1  1289  
1260  4  1  1262  
1261  462  7  1214  1243  1262  1271  1280  1290  1298  
1263  1  1  1269  
1264  33  3  1269  1283  1289  
1265  14  1  1269  
1266  1  1  1269  
1267  63  6  1211  1261  1264  1269  1289  1294  
1268  52  3  1207  1265  1269  
1270  4  2  1271  1276  
1271  37  2  1261  1276  
1272  35  1  1276  
1273  61  2  1243  1276  
1274  1  1  1276  
1275  2  2  1271  1276  
1277  32  2  1264  1281  
1278  1  1  1281  
1279  2  1  1281  
1280  4  1  1281  
1281  9  1  1277  
1282  199  9  1211  1214  1243  1247  1265  1271  1277  1283  1294  
1284  1  1  1289  
1285  1  1  1289  
1286  1  1  1289  
1287  3  1  1289  
1288  3  1  1289  
1290  3  1  1299  
1291  1  1  1299  
1292  1  1  1299  
1293  2  2  1298  1299  
1294  3  1  1299  
1295  1  1  1299  
1296  1  1  1299  
1297  1  1  1299  
1298  1  1  1299  
1301  13  1  1271  
1303  41  2  1215  1271  
1304  12  1  1214  
1305  2  1  1298  
1308  52  2  1247  1264  
1312  183  8  1211  1214  1218  1247  1261  1265  1277  1294  
1313  3  1  1211  
1322  1  1  1218  
1323  9  1  1211  
1326  20  1  1211  
1327  3  1  1211  
1332  1  1  1211  
1333  1  1  1211  
1334  1  1  1211  
1335  3  2  1211  1214  
1346  48  2  1264  1298  
1349  8  1  1247  
1350  24  2  1211  1264  
1352  20  1  1272  
1354  156  4  1202  1211  1261  1272  
1355  72  1  1214  
1357  91  2  1247  1261  
1361  44  1  1294  
1364  52  2  1264  1298  
1368  117  2  1211  1214  
1370  64  1  1261  
1372  157  3  1211  1264  1294  
1376  210  7  1211  1214  1243  1247  1250  1264  1280  
1377  28  1  1214  
1380  48  1  1207  
1381  38  1  1214  
1386  41  1  1272  
1389  16  1  1264  
1390  1  1  1264  
1400  99  4  1211  1215  1261  1298  
1401  139  2  1261  1272  
1404  35  1  1214  
1405  4  1  1298  
1416  68  2  1247  1294  
1417  81  2  1211  1214  
1421  244  3  1211  1243  1272  
1425  28  1  1261  
1427  587  13  1207  1211  1214  1242  1243  1247  1250  1261  1265  1272  1277  1294  1298  
1428  42  1  1272  
1430  81  1  1298  
1433  79  1  1211  
1441  27  2  1243  1277  
1443  46  2  1207  1265  
1447  24  1  1247  
1458  87  2  1261  1298  
1460  102  2  1265  1271  
1466  30  1  1271  
1468  114  2  1211  1261  
1470  29  1  1211  
1481  355  10  1211  1214  1243  1247  1261  1265  1271  1277  1280  1294  
1487  73  3  1214  1247  1261  
1488  162  4  1211  1214  1294  1298  
1494  80  2  1243  1265  
1495  50  1  1247  
1496  39  1  1247  
1511  36  1  1265  
1515  48  1  1271  
1541  18  2  1261  1277  
1558  25  1  1265  
1567  70  1  1272  
1570  93  2  1243  1272  
1571  112  1  1250  
1576  34  1  1271  
1581  1  1  1211  
1582  1  1  1211  
1583  5  1  1211  
1586  96  2  1214  1247  
1589  14  1  1265  
1591  14  2  1265  1290  
1597  19  1  1243  
1601  42  1  1242  
1602  55  3  1214  1247  1265  
1603  1  1  1214  
1610  6  1  1298  
1614  7  1  1265  
1623  89  4  1207  1243  1277  1298  
1626  5  1  1298  
1632  4  1  1294  
1633  27  1  1261  
1639  141  3  1261  1265  1294  
1648  57  2  1243  1298  
1656  31  1  1261  
1658  26  1  1280  
1659  44  1  1247  
1663  48  1  1247  
1671  129  5  1243  1265  1271  1272  1294  
1674  43  2  1242  1280  
1677  105  3  1207  1247  1280  
1680  90  2  1247  1261  
1683  49  1  1243  
1694  73  3  1207  1261  1294  
1696  28  2  1207  1294  
1697  57  1  1294  
1705  47  1  1298  
1720  6  1  1298  
1721  1  1  1298  
1722  2  1  1298  
1723  22  2  1265  1298  
1730  33  1  1280  
1738  44  1  1247  
1744  36  1  1271  
1749  51  3  1207  1261  1277  
1759  9  1  1207  
1769  112  4  1243  1261  1265  1277  
1772  204  3  1243  1247  1280  
1781  15  1  1243  
1807  31  1  1294  
1810  9  1  1265  
1811  18  1  1265  
1817  181  2  1207  1247  
1821  34  2  1243  1265  
1829  56  2  1247  1277  
1834  36  2  1242  1272  
1835  66  2  1261  1271  
1836  16  1  1271  
1841  88  3  1243  1265  1294  
1850  63  1  1247  
1857  13  1  1207  
1880  6  1  1265  
1898  121  2  1243  1265  
1899  21  1  1265  
1901  50  2  1207  1215  
1905  17  1  1215  
1907  7  1  1265  
1908  121  4  1261  1265  1271  1277  
1925  55  2  1207  1261  
1930  22  1  1243  
1935  2  1  1294  
1940  3  1  1294  
1941  4  1  1294  
1945  16  1  1202  
1950  122  1  1243  
1960  129  3  1261  1271  1277  
1981  41  1  1243  
1991  32  2  1261  1277  
1994  29  1  1271  
1996  65  2  1243  1261  
2008  61  2  1207  1290  
2014  5  1  1207  
2028  14  1  1261  
2029  31  1  1247  
2045  28  1  1261  
2048  143  3  1247  1272  1280  
2055  75  2  1247  1280  
2056  241  2  1207  1247  
2059  108  1  1280  
2060  14  1  1243  
2066  38  2  1243  1290  
2072  31  1  1277  
2073  247  2  1261  1271  
2080  58  3  1243  1247  1290  
2097  17  1  1280  
2101  14  1  1272  
2102  120  1  1272  
2109  164  4  1207  1247  1261  1271  
2110  48  1  1272  
2111  67  1  1277  
2112  1  1  1277  
2113  1  1  1277  
2114  1  1  1277  
2134  111  1  1272  
2137  252  2  1202  1272  
2138  215  1  1271  
2171  4  2  1207  1280  
2173  77  1  1247  
2174  7  1  1261  
2177  189  1  1242  
2179  124  2  1207  1247  
2183  49  1  1271  
2184  26  1  1261  
2188  71  1  1272  
2190  72  2  1207  1272  
2207  1  1  1215  
2208  2  1  1215  
2216  141  1  1272  
2236  35  1  1261  
2271  75  3  1207  1247  1280  
2272  103  4  1207  1261  1271  1280  
2273  142  4  1247  1261  1271  1280  
2275  35  1  1247  
2283  324  5  1207  1247  1250  1280  1290  
2304  69  3  1242  1247  1280  
2305  13  1  1261  
2306  11  2  1261  1271  
2314  5  1  1202  
2339  34  1  1247  
2340  105  1  1247  
2342  70  1  1247  
2343  26  1  1247  
2348  77  2  1202  1207  
2350  82  1  1272  
2351  180  1  1250  
2355  50  2  1207  1242  
2356  893  9  1202  1207  1247  1250  1261  1271  1272  1280  1290  
2357  32  1  1261  
2360  5  1  1261  
2367  146  2  1207  1247  
2382  32  1  1261  
2384  49  1  1247  
2405  46  1  1247  
2411  3  1  1261  
2436  269  2  1250  1272  
2439  104  1  1247  
2440  49  1  1207  
2442  44  1  1242  
2443  307  1  1272  
2445  164  2  1250  1280  
2456  13  2  1261  1271  
2458  103  2  1247  1280  
2460  7  1  1261  
2466  13  1  1247  
2469  156  2  1247  1280  
2471  618  6  1202  1242  1247  1250  1272  1280  
2473  26  1  1247  
2474  44  1  1247  
2475  19  1  1280  
2476  149  1  1202  
2479  64  1  1280  
2485  80  1  1272  
2486  61  1  1280  
2487  75  1  1280  
2490  103  2  1247  1272  
2494  200  1  1272  
2495  2  1  1271  
2496  1  1  1271  
2497  1  1  1271  
2498  1  1  1271  
2506  33  1  1247  
2509  2  1  1261  
2513  1  1  1261  
2514  16  1  1261  
2515  3  1  1261  
2516  1  1  1261  
2517  28  1  1261  
2532  23  1  1272  
2546  46  2  1202  1290  
2562  173  1  1247  
2596  50  1  1250  
2604  124  2  1247  1272  
2616  16  1  1250  
2632  282  6  1202  1207  1247  1250  1272  1280  
2633  87  1  1280  
2634  6  1  1280  
2643  5  1  1207  
2661  18  1  1247  
2666  57  1  1202  
2668  33  2  1247  1280  
2691  123  1  1242  
2697  26  1  1247  
2699  13  1  1207  
2700  19  1  1272  
2712  70  2  1250  1272  
2715  238  2  1202  1207  
2716  55  1  1247  
2720  357  2  1202  1250  
2732  4  1  1207  
2733  3  1  1207  
2734  9  2  1207  1247  
2735  55  1  1207  
2736  10  1  1207  
2751  28  1  1247  
2755  51  1  1272  
2764  19  1  1247  
2766  52  2  1247  1280  
2772  175  2  1247  1272  
2773  39  1  1202  
2774  189  1  1280  
2778  216  1  1272  
2779  45  2  1247  1280  
2780  38  1  1250  
2781  13  2  1242  1272  
2801  44  1  1280  
2802  48  1  1247  
2806  42  1  1280  
2812  25  2  1247  1280  
2813  34  1  1202  
2834  37  2  1247  1280  
2837  37  1  1280  
2844  5  2  1247  1290  
2845  10  1  1247  
2846  8  1  1247  
2902  13  1  1272  
2936  41  1  1272  
3011  36  1  1272  
3062  55  1  1250  
3064  273  2  1202  1272  
3087  41  1  1272  
3090  180  1  1290  
3098  60  1  1250  
3110  122  1  1202  
3137  88  2  1242  1272  
3144  271  1  1202  
3146  314  2  1202  1250  
3148  98  2  1250  1272  
3149  131  3  1202  1250  1290  
3150  319  3  1202  1250  1272  
3151  148  2  1202  1272  
3152  68  1  1202  
3153  241  4  1202  1242  1250  1272  
3154  166  2  1250  1272  
3159  54  1  1242  
3160  56  1  1250  
3163  17  1  1242  
3191  114  1  1272  
3214  64  1  1290  
3253  45  1  1290  
3270  26  1  1290  
3280  12  1  1202  
3289  205  1  1202  
3314  212  1  1272  
3315  362  1  1242  
3316  44  1  1272  
3331  38  1  1272  
3332  87  1  1272  
3337  20  1  1272  
3359  4  1  1272  
3391  93  1  1272  
3395  85  1  1272  
3403  10  1  1272  
3426  16  1  1272  
3428  22  1  1290  
3434  11  1  1272  
3443  232  2  1202  1250  
3498  82  1  1242  
3514  13  1  1202  
3596  90  2  1272  1290  
3601  145  1  1202  
3622  28  1  1272  
3648  147  1  1202  
3649  15  1  1272  
3652  104  1  1290  
3656  89  1  1250  
3657  257  4  1202  1242  1250  1290  
3658  89  1  1290  
3666  23  1  1272  
3674  131  1  1202  
3679  111  1  1272  
3683  33  1  1272  
3690  15  1  1272  
3704  155  1  1272  
3742  76  2  1242  1272  
3778  9  2  1202  1250  
3800  65  1  1272  
3844  24  1  1272  
3879  278  2  1242  1290  
3882  5  1  1272  
3884  29  1  1272  
3893  8  1  1272  
3962  1  1  1272  
3964  1  1  1272  
3965  1  1  1272  
3971  17  1  1250  
3995  18  1  1250  
4004  9  1  1242  
4039  50  1  1242  
4102  40  1  1202  
4152  228  1  1272  
4169  114  1  1272  
4179  9  1  1250  
4187  96  1  1242  
4193  14  1  1202  
4196  57  1  1272  
4198  59  2  1202  1250  
4220  121  2  1202  1242  
4231  36  1  1202  
4248  38  1  1202  
4275  27  2  1242  1272  
4288  73  1  1290  
4304  46  2  1202  1242  
4305  20  1  1250  
4307  1  1  1250  
4308  1  1  1250  
4319  168  1  1272  
4331  4  1  1272  
4344  5  1  1242  
4350  30  1  1202  
4418  17  1  1202  
4427  214  2  1202  1272  
4436  13  1  1202  
4439  25  1  1272  
4440  361  2  1242  1290  
4449  3  1  1202  
4450  1  1  1202  
4451  1  1  1202  
4452  16  1  1202  
4453  53  2  1202  1272  
4454  43  2  1202  1272  
4455  4  1  1202  
4470  115  1  1290  
4473  28  1  1272  
4485  139  1  1272  
4531  271  1  1242  
4541  3  1  1290  
4551  54  1  1290  
4555  33  1  1290  
4571  54  1  1272  
4582  11  1  1272  
4583  51  1  1242  
4586  16  1  1290  
4601  5  1  1242  
4604  48  1  1242  
4616  41  1  1242  
4620  152  1  1242  
4623  211  1  1242  
4630  4  1  1272  
4662  2  1  1272  
4663  24  1  1272  
4664  3  1  1272  
4669  19  1  1272  
4672  44  1  1242  
4683  2  1  1272  
4687  1  1  1272  
4901  389  1  1290  
4908  243  2  1242  1290  
4909  26  1  1242  
4981  15  1  1290  
5051  230  1  1242  
5065  44  1  1242  
5133  222  1  1290  
5135  385  2  1242  1290  
5144  79  1  1290  
5147  144  1  1290  
5154  22  1  1242  
5169  41  1  1242  
5182  92  1  1290  
5186  24  1  1242  
5241  42  1  1242  
5294  81  1  1242  
5325  80  1  1290  
5476  31  1  1242  
5495  75  1  1290  
5521  76  1  1290  
5528  52  1  1290  
5563  108  1  1290  
5573  2  1  1242  
5582  81  1  1242  
5643  12  1  1242  
5653  28  1  1242  
5660  8  1  1242  
5676  85  1  1290  
5706  33  1  1290  
5773  6  1  1290  
5780  10  1  1242  
5782  4  1  1242  
5789  160  1  1290  
5793  104  1  1290  
5794  93  1  1290  
5798  135  1  1290  
5864  10  1  1290  
5874  100  1  1290  
6025  49  1  1290  
6026  191  1  1290  
6035  54  1  1290  
6077  6  1  1290  
6095  19  1  1290  
6152  142  1  1290  
6175  123  1  1290  
6180  93  1  1290  
6189  15  1  1290  
6266  14  1  1290  
6292  1  1  1290  
6309  1  1  1290  
6310  21  1  1290  
