3  302  1  5565  
17  187  1  5512  
21  309  1  5521  
24  102  1  5500  
25  133  1  5503  
41  44  2  5512  5547  
65  275  2  5512  5547  
66  109  1  5563  
81  122  1  5563  
82  195  2  5539  5570  
97  68  1  5563  
103  190  7  5521  5539  5547  5564  5565  5573  5589  
129  99  3  5512  5542  5565  
158  93  2  5546  5565  
164  334  1  5518  
245  6  1  5512  
247  6  1  5512  
251  31  1  5564  
293  321  3  5542  5547  5565  
301  199  1  5575  
350  117  1  5597  
361  45  1  5539  
384  145  1  5500  
401  79  3  5507  5559  5570  
431  732  16  5511  5519  5521  5539  5542  5544  5546  5547  5559  5563  5564  5569  5570  5575  5589  5597  
501  22  1  5542  
528  30  1  5564  
548  214  1  5565  
577  55  1  5565  
587  46  1  5546  
589  16  1  5547  
635  118  3  5503  5512  5547  
661  264  1  5542  
676  232  6  5528  5542  5546  5557  5559  5597  
686  66  1  5575  
699  68  1  5512  
702  773  8  5503  5512  5521  5539  5542  5563  5570  5575  
723  113  5  5507  5544  5547  5569  5583  
724  317  3  5500  5512  5570  
749  29  1  5547  
758  165  5  5500  5503  5563  5570  5583  
781  39  1  5507  
783  99  1  5503  
785  91  2  5542  5575  
793  97  2  5564  5597  
807  122  1  5559  
822  26  1  5542  
917  297  3  5500  5512  5547  
924  12  3  5544  5547  5569  
929  44  1  5503  
955  86  1  5542  
959  49  3  5512  5519  5549  
972  196  3  5547  5564  5575  
987  95  3  5542  5563  5575  
988  74  1  5597  
1009  305  9  5519  5539  5542  5546  5547  5559  5563  5565  5569  
1037  57  1  5547  
1038  399  3  5500  5512  5569  
1054  472  3  5563  5564  5570  
1066  599  13  5500  5503  5507  5512  5519  5542  5546  5547  5563  5565  5569  5570  5597  
1100  107  1  5547  
1104  61  1  5542  
1110  218  4  5546  5565  5569  5570  
1143  2  1  5512  
1246  20  1  5597  
1250  22  1  5512  
1261  462  4  5542  5557  5565  5575  
1268  52  1  5575  
1272  35  1  5542  
1288  3  1  5575  
1354  156  8  5500  5503  5512  5547  5563  5564  5569  5570  
1355  72  2  5521  5542  
1386  41  1  5539  
1401  139  1  5563  
1421  244  3  5500  5511  5564  
1427  587  1  5542  
1476  16  1  5569  
1481  355  1  5500  
1485  68  2  5519  5575  
1495  50  1  5563  
1532  66  2  5539  5559  
1538  55  2  5544  5547  
1567  70  1  5507  
1586  96  2  5547  5570  
1589  14  1  5563  
1601  42  2  5570  5575  
1605  9  1  5572  
1616  76  1  5557  
1629  47  3  5542  5575  5597  
1660  38  3  5519  5546  5563  
1664  20  1  5569  
1674  43  1  5564  
1683  49  1  5521  
1732  13  1  5546  
1749  51  1  5563  
1765  33  4  5500  5503  5547  5564  
1826  29  4  5519  5546  5563  5597  
1851  27  1  5557  
1950  122  2  5558  5597  
1962  146  2  5512  5570  
1971  145  2  5542  5565  
1994  29  1  5564  
2008  61  1  5542  
2035  15  1  5539  
2045  28  2  5542  5565  
2050  66  1  5503  
2059  108  2  5563  5570  
2066  38  1  5542  
2073  247  7  5539  5544  5547  5564  5569  5570  5597  
2075  95  3  5503  5564  5565  
2109  164  1  5570  
2134  111  1  5507  
2138  215  3  5539  5563  5575  
2177  189  3  5547  5563  5564  
2188  71  1  5565  
2252  42  1  5528  
2273  142  1  5575  
2283  324  2  5563  5575  
2301  100  1  5539  
2303  46  2  5547  5575  
2340  105  1  5570  
2351  180  2  5557  5565  
2355  50  2  5564  5570  
2356  893  9  5519  5521  5542  5546  5557  5563  5565  5575  5597  
2367  146  1  5557  
2388  9  1  5503  
2406  24  2  5546  5597  
2408  108  4  5511  5527  5547  5549  
2440  49  1  5570  
2445  164  1  5512  
2451  126  6  5563  5564  5569  5570  5583  5597  
2461  40  3  5521  5563  5565  
2469  156  2  5570  5583  
2471  618  9  5500  5503  5512  5521  5539  5544  5547  5569  5570  
2476  149  2  5565  5575  
2519  39  2  5500  5503  
2546  46  1  5575  
2562  173  4  5500  5507  5565  5597  
2613  44  1  5570  
2616  16  1  5565  
2665  12  1  5503  
2691  123  1  5547  
2715  238  1  5547  
2720  357  5  5500  5503  5521  5549  5565  
2732  4  1  5575  
2756  123  1  5575  
2774  189  7  5511  5544  5547  5549  5558  5572  5589  
2778  216  6  5503  5521  5569  5570  5575  5597  
2803  32  1  5575  
2831  81  1  5547  
2964  28  1  5563  
2999  69  1  5546  
3012  58  1  5500  
3060  25  3  5542  5565  5569  
3076  63  1  5547  
3090  180  7  5512  5521  5546  5547  5564  5569  5575  
3112  89  1  5548  
3144  271  13  5500  5507  5511  5512  5519  5521  5542  5546  5547  5563  5565  5570  5583  
3146  314  7  5500  5503  5512  5539  5547  5564  5570  
3150  319  4  5521  5539  5559  5575  
3153  241  2  5564  5570  
3155  69  1  5570  
3156  92  2  5521  5542  
3157  22  1  5575  
3166  23  1  5512  
3178  20  1  5503  
3191  114  2  5542  5564  
3208  29  1  5564  
3209  71  3  5500  5547  5563  
3252  42  1  5575  
3253  45  1  5563  
3264  156  7  5503  5519  5521  5539  5549  5563  5573  
3265  15  2  5564  5597  
3278  52  1  5503  
3284  24  1  5563  
3289  205  1  5563  
3307  82  3  5503  5512  5570  
3314  212  2  5521  5575  
3315  362  19  5500  5503  5507  5512  5518  5539  5542  5546  5547  5559  5563  5564  5565  5569  5570  5572  5573  5575  5597  
3334  10  3  5542  5565  5569  
3337  20  1  5565  
3362  95  1  5546  
3395  85  1  5575  
3411  11  1  5570  
3423  10  1  5565  
3442  99  3  5512  5549  5570  
3443  232  10  5500  5503  5507  5512  5546  5547  5557  5564  5575  5597  
3446  27  4  5539  5546  5570  5575  
3447  46  1  5575  
3465  53  1  5570  
3544  33  1  5519  
3552  6  1  5542  
3554  7  1  5542  
3583  85  1  5570  
3592  89  3  5519  5547  5573  
3601  145  4  5508  5511  5518  5526  
3607  20  1  5570  
3610  32  1  5539  
3652  104  2  5518  5526  
3653  68  3  5507  5547  5570  
3657  257  2  5563  5570  
3658  89  2  5519  5557  
3665  3  1  5575  
3672  27  1  5546  
3674  131  1  5559  
3680  17  1  5539  
3682  115  3  5563  5583  5597  
3704  155  2  5542  5547  
3742  76  7  5500  5507  5512  5539  5542  5559  5564  
3749  84  1  5547  
3782  20  1  5559  
3866  4  1  5547  
3879  278  5  5539  5542  5563  5564  5570  
3914  55  1  5565  
3919  80  3  5512  5539  5564  
3929  39  1  5500  
3966  7  1  5547  
3978  2  1  5569  
3990  70  3  5542  5546  5565  
3991  6  1  5508  
3994  202  3  5564  5569  5570  
4008  22  2  5519  5563  
4035  153  2  5518  5583  
4039  50  1  5589  
4040  15  1  5569  
4083  100  4  5503  5507  5546  5565  
4102  40  3  5512  5546  5570  
4122  71  5  5500  5511  5519  5542  5563  
4152  228  9  5500  5503  5507  5512  5542  5546  5547  5563  5564  
4187  96  6  5563  5564  5569  5570  5572  5597  
4220  121  9  5507  5512  5518  5519  5547  5564  5565  5569  5570  
4225  62  1  5521  
4247  18  2  5539  5549  
4248  38  1  5569  
4275  27  1  5500  
4281  20  1  5597  
4288  73  4  5519  5544  5564  5570  
4309  28  1  5547  
4319  168  8  5512  5521  5546  5563  5565  5570  5575  5597  
4320  78  1  5597  
4380  79  7  5500  5507  5511  5518  5544  5558  5572  
4384  169  5  5500  5503  5542  5563  5564  
4407  10  1  5503  
4427  214  1  5557  
4440  361  9  5500  5503  5508  5521  5539  5563  5564  5565  5570  
4459  23  1  5500  
4460  7  1  5512  
4464  19  1  5542  
4470  115  2  5539  5563  
4480  14  1  5542  
4485  139  5  5503  5526  5549  5563  5569  
4486  172  11  5500  5503  5507  5512  5546  5563  5565  5569  5570  5575  5597  
4489  43  1  5569  
4506  11  1  5570  
4509  52  2  5542  5570  
4516  13  1  5583  
4531  271  10  5521  5542  5547  5557  5559  5564  5570  5575  5583  5597  
4540  8  1  5564  
4551  54  1  5565  
4552  127  3  5547  5557  5563  
4557  84  5  5500  5503  5507  5570  5597  
4567  9  1  5539  
4569  69  4  5542  5547  5559  5570  
4571  54  4  5500  5503  5539  5547  
4604  48  1  5565  
4606  41  1  5563  
4608  122  4  5519  5542  5559  5563  
4612  101  4  5503  5512  5539  5547  
4614  217  16  5500  5503  5507  5512  5519  5521  5539  5542  5546  5547  5563  5564  5565  5569  5570  5597  
4620  152  10  5503  5521  5542  5546  5547  5559  5563  5564  5575  5597  
4623  211  8  5512  5521  5542  5546  5547  5563  5564  5565  
4624  312  15  5500  5503  5511  5512  5518  5526  5539  5544  5546  5547  5563  5565  5569  5570  5583  
4628  18  1  5575  
4629  10  1  5512  
4631  32  1  5503  
4640  13  1  5544  
4648  21  1  5542  
4680  33  1  5542  
4681  8  1  5507  
4684  59  3  5500  5512  5547  
4689  1  1  5575  
4730  32  1  5507  
4739  6  1  5564  
4745  10  1  5507  
4763  15  1  5503  
4800  40  3  5507  5542  5597  
4814  48  5  5547  5564  5569  5570  5597  
4828  66  5  5507  5511  5563  5565  5597  
4832  26  1  5557  
4836  17  1  5597  
4840  44  4  5503  5511  5544  5597  
4868  30  1  5500  
4901  389  14  5503  5519  5521  5539  5542  5546  5547  5557  5563  5564  5565  5570  5575  5597  
4906  39  2  5563  5565  
4908  243  13  5500  5503  5507  5512  5521  5539  5542  5546  5547  5563  5565  5575  5597  
4909  26  1  5544  
4916  3  1  5565  
4919  137  10  5500  5503  5521  5539  5542  5546  5547  5564  5565  5570  
4927  46  1  5547  
4951  105  5  5542  5563  5564  5569  5575  
4956  11  2  5500  5539  
4958  27  5  5500  5512  5547  5569  5597  
4969  7  1  5546  
4977  66  2  5564  5570  
4982  22  1  5500  
4992  36  6  5500  5503  5507  5518  5526  5547  
5002  21  4  5503  5507  5512  5547  
5012  139  5  5518  5542  5544  5563  5572  
5015  10  1  5569  
5038  18  2  5547  5564  
5045  49  1  5507  
5046  21  2  5542  5563  
5050  50  3  5507  5542  5547  
5051  230  18  5500  5503  5507  5512  5519  5521  5539  5544  5546  5547  5549  5559  5563  5564  5565  5569  5570  5575  
5065  44  2  5564  5570  
5080  45  1  5564  
5098  3  1  5542  
5105  13  1  5503  
5106  4  1  5542  
5109  15  1  5542  
5110  75  4  5521  5563  5565  5597  
5112  42  2  5519  5575  
5113  14  2  5512  5547  
5118  23  1  5507  
5129  191  6  5519  5521  5542  5563  5575  5597  
5131  12  2  5511  5570  
5132  23  3  5539  5563  5597  
5133  222  9  5519  5521  5542  5546  5548  5563  5565  5575  5597  
5135  385  11  5519  5521  5542  5547  5557  5559  5563  5565  5569  5583  5597  
5138  16  1  5503  
5139  83  5  5539  5542  5544  5547  5563  
5140  27  1  5563  
5142  21  3  5539  5547  5564  
5143  29  3  5549  5564  5570  
5144  79  4  5542  5546  5565  5597  
5145  41  6  5500  5503  5512  5539  5564  5565  
5147  144  3  5542  5563  5572  
5149  84  3  5500  5547  5565  
5150  75  6  5507  5542  5546  5563  5565  5570  
5151  67  10  5500  5503  5507  5512  5539  5547  5563  5570  5575  5597  
5155  98  3  5503  5542  5575  
5157  41  3  5500  5542  5559  
5158  15  1  5563  
5160  12  1  5500  
5182  92  3  5521  5546  5563  
5186  24  1  5521  
5191  50  1  5521  
5229  4  2  5563  5565  
5239  33  1  5565  
5241  42  1  5572  
5267  3  1  5570  
5281  10  1  5559  
5294  81  1  5563  
5295  20  1  5500  
5296  10  1  5519  
5297  5  1  5563  
5302  68  5  5521  5557  5559  5563  5569  
5313  25  1  5507  
5316  30  2  5511  5563  
5317  17  2  5503  5570  
5325  80  3  5563  5564  5575  
5359  32  1  5569  
5382  26  2  5542  5559  
5391  1  1  5500  
5410  7  2  5539  5547  
5418  9  1  5570  
5427  22  1  5564  
5438  14  2  5503  5549  
5456  2  1  5512  
5462  6  1  5500  
5466  12  1  5565  
5476  31  2  5563  5597  
5477  53  2  5542  5563  
5479  18  2  5512  5542  
5480  31  2  5539  5547  
5482  17  2  5547  5597  
5488  19  1  5565  
5493  5  1  5547  
5495  75  1  5542  
5496  5  1  5503  
5497  35  1  5500  
5498  1  1  5500  
5499  8  1  5500  
5502  10  1  5570  
5504  2  1  5507  
5505  1  1  5507  
5506  1  1  5507  
5509  1  1  5510  
5513  4  1  5512  
5514  1  1  5512  
5515  1  1  5512  
5516  1  1  5517  
5519  88  5  5521  5542  5546  5563  5564  
5521  76  1  5546  
5528  52  1  5542  
5534  1  1  5539  
5535  1  1  5539  
5536  1  1  5539  
5537  1  1  5539  
5538  3  1  5539  
5540  1  1  5539  
5541  7  1  5564  
5542  78  6  5519  5546  5547  5565  5569  5570  
5543  1  1  5544  
5545  1  1  5547  
5546  190  8  5542  5547  5549  5559  5563  5565  5575  5597  
5550  3  1  5569  
5554  19  2  5563  5565  
5557  23  2  5558  5597  
5559  44  1  5563  
5563  108  5  5519  5542  5559  5575  5597  
5565  1  1  5569  
5566  3  1  5569  
5567  1  1  5569  
5568  2  1  5569  
5569  4  1  5565  
5571  3  2  5564  5572  
5582  81  5  5521  5542  5563  5575  5597  
5583  35  3  5563  5570  5597  
5584  1  1  5564  
5590  17  2  5575  5597  
5596  1  1  5597  
5598  1  1  5570  
5606  29  1  5519  
5619  2  1  5563  
5621  23  1  5597  
5639  70  4  5519  5542  5557  5597  
5653  28  1  5565  
5656  6  1  5563  
5657  3  1  5563  
5673  28  1  5542  
5676  85  2  5559  5563  
5678  22  1  5563  
5679  2  1  5565  
5684  101  3  5546  5557  5565  
5699  54  2  5575  5597  
5706  33  1  5563  
5710  29  3  5559  5575  5597  
5711  33  2  5546  5565  
5714  11  1  5559  
5725  21  1  5597  
5737  29  1  5563  
5740  35  1  5542  
5741  43  1  5563  
5743  58  3  5542  5546  5563  
5769  1  1  5559  
5772  177  2  5542  5557  
5783  18  1  5559  
5784  7  1  5563  
5785  15  2  5519  5563  
5786  7  2  5546  5565  
5787  9  1  5546  
5788  2  1  5546  
5789  160  8  5519  5521  5542  5546  5563  5565  5575  5597  
5790  18  2  5546  5565  
5791  1  1  5546  
5792  91  5  5519  5521  5546  5557  5563  
5793  104  5  5521  5542  5546  5563  5565  
5794  93  3  5519  5521  5563  
5798  135  1  5542  
5801  50  1  5565  
5818  26  1  5521  
5832  6  1  5542  
5871  7  1  5542  
5874  100  1  5542  
5884  12  2  5559  5575  
5893  33  1  5575  
5915  22  1  5575  
5921  77  2  5563  5597  
5923  24  1  5521  
5932  4  1  5559  
5936  11  1  5542  
5937  11  2  5559  5565  
5958  4  1  5597  
5960  2  1  5575  
5961  1  1  5575  
5967  4  1  5565  
5980  6  1  5597  
5982  14  1  5563  
5984  1  1  5597  
5989  11  1  5521  
5994  2  1  5563  
6006  2  1  5563  
6008  4  1  5563  
6010  19  1  5548  
6019  31  1  5565  
6025  49  2  5542  5563  
6026  191  2  5542  5557  
6032  44  3  5519  5563  5565  
6033  95  2  5519  5557  
6035  54  1  5565  
6049  65  1  5519  
6050  2  1  5521  
6054  57  1  5563  
6065  3  1  5565  
6079  2  1  5565  
6088  7  1  5565  
6089  1  1  5565  
6131  2  1  5563  
6139  7  1  5563  
6145  36  1  5557  
6147  161  1  5557  
6153  31  1  5548  
6156  37  1  5557  
6157  118  1  5557  
6171  70  2  5519  5557  
6180  93  1  5563  
6185  18  1  5519  
6186  15  1  5563  
6201  7  1  5563  
6204  18  1  5557  
6213  11  1  5542  
6233  12  1  5563  
6234  1  1  5563  
6235  1  1  5563  
6236  1  1  5563  
6237  1  1  5563  
6238  1  1  5563  
6239  1  1  5563  
6240  1  1  5563  
6266  14  1  5542  
6278  1  1  5519  
6294  47  1  5557  
6335  89  1  5542  
6336  12  1  5542  
6347  4  1  5542  
6349  13  1  5542  
6355  27  1  5557  
6371  6  1  5542  
6374  1  1  5542  
6376  15  1  5542  
6377  1  1  5542  
6378  1  1  5542  
6387  21  1  5557  
6578  39  1  5557  
6595  1  1  5528  
6596  1  1  5528  
6616  14  1  5557  
6642  3  1  5557  
6908  7  1  5548  
7072  6  1  5548  
