3  302  1  6073  
21  309  2  6060  6066  
26  150  2  6032  6058  
33  227  1  6066  
44  146  1  6002  
65  275  1  6033  
66  109  1  6033  
67  164  1  6083  
81  122  2  6033  6047  
82  195  1  6047  
93  24  1  6037  
97  68  2  6058  6074  
103  190  9  6020  6032  6033  6049  6058  6063  6066  6083  6084  
129  99  4  6032  6052  6064  6098  
136  94  1  6083  
147  28  2  6041  6094  
155  9  1  6002  
158  93  2  6057  6060  
164  334  1  6095  
218  50  1  6047  
293  321  2  6037  6083  
301  199  2  6032  6047  
372  42  3  6023  6049  6081  
375  7  1  6013  
383  34  1  6083  
401  79  2  6083  6086  
408  157  1  6002  
431  732  8  6001  6002  6013  6017  6020  6026  6032  6047  
531  26  1  6033  
548  214  2  6014  6058  
587  46  1  6049  
611  2  1  6017  
631  24  1  6047  
637  100  1  6001  
666  32  1  6032  
676  232  16  6002  6017  6032  6036  6042  6047  6048  6049  6057  6058  6060  6064  6081  6083  6094  6095  
702  773  8  6001  6020  6026  6047  6049  6058  6081  6084  
725  41  1  6033  
785  91  2  6033  6058  
822  26  2  6049  6083  
834  12  1  6064  
859  22  1  6002  
871  29  1  6026  
888  16  2  6037  6058  
909  292  2  6058  6084  
920  60  1  6058  
959  49  2  6049  6083  
969  46  1  6066  
972  196  1  6083  
987  95  5  6001  6013  6014  6017  6047  
1009  305  13  6032  6033  6036  6049  6052  6058  6064  6066  6074  6081  6083  6084  6086  
1037  57  2  6033  6083  
1054  472  4  6001  6017  6033  6066  
1066  599  9  6033  6037  6049  6058  6060  6064  6083  6086  6095  
1104  61  1  6084  
1110  218  3  6020  6047  6049  
1178  20  1  6002  
1180  65  1  6002  
1253  7  1  6033  
1261  462  6  6002  6033  6037  6049  6058  6084  
1376  210  1  6033  
1421  244  2  6033  6066  
1427  587  2  6017  6083  
1485  68  5  6020  6037  6049  6058  6094  
1515  48  1  6033  
1538  55  1  6041  
1561  50  1  6033  
1616  76  1  6094  
1683  49  1  6083  
1694  73  1  6047  
1826  29  2  6060  6095  
1845  63  1  6037  
1895  4  2  6026  6084  
1903  3  1  6033  
1950  122  1  6084  
1971  145  1  6020  
2008  61  1  6032  
2014  5  1  6033  
2059  108  1  6032  
2066  38  2  6032  6081  
2109  164  2  6033  6083  
2140  2  1  6033  
2177  189  2  6002  6066  
2240  50  1  6037  
2280  8  1  6066  
2283  324  5  6002  6017  6033  6049  6081  
2301  100  1  6037  
2303  46  1  6083  
2342  70  1  6033  
2351  180  2  6037  6084  
2355  50  1  6017  
2356  893  24  6001  6002  6017  6020  6026  6032  6033  6037  6041  6047  6048  6049  6055  6057  6058  6060  6064  6066  6081  6083  6084  6086  6094  6095  
2367  146  2  6037  6084  
2405  46  3  6033  6066  6084  
2406  24  1  6020  
2408  108  1  6095  
2443  307  4  6026  6058  6081  6083  
2445  164  1  6001  
2461  40  5  6032  6047  6058  6064  6083  
2471  618  3  6001  6017  6020  
2476  149  2  6020  6066  
2480  45  1  6081  
2490  103  2  6032  6081  
2562  173  2  6057  6064  
2595  39  1  6032  
2613  44  3  6002  6066  6084  
2616  16  1  6083  
2691  123  1  6017  
2720  357  6  6047  6055  6058  6066  6086  6095  
2773  39  1  6060  
2778  216  2  6017  6037  
2802  48  1  6083  
2813  34  2  6026  6037  
2823  62  1  6084  
2875  49  3  6002  6037  6058  
2983  95  3  6017  6083  6084  
3014  10  1  6066  
3017  51  1  6037  
3076  63  1  6033  
3087  41  1  6049  
3089  42  2  6037  6058  
3090  180  12  6001  6017  6020  6026  6032  6037  6047  6049  6057  6060  6066  6081  
3137  88  1  6047  
3144  271  11  6001  6026  6032  6033  6038  6049  6058  6064  6066  6083  6098  
3150  319  2  6002  6083  
3153  241  1  6026  
3154  166  1  6033  
3173  42  1  6037  
3191  114  1  6037  
3214  64  1  6095  
3253  45  3  6002  6081  6083  
3264  156  9  6002  6026  6032  6033  6047  6049  6055  6081  6083  
3277  12  1  6058  
3289  205  1  6002  
3304  91  1  6037  
3307  82  2  6002  6081  
3314  212  6  6017  6020  6047  6049  6060  6066  
3315  362  13  6001  6017  6020  6032  6033  6037  6042  6047  6049  6058  6060  6064  6095  
3327  9  1  6037  
3334  10  1  6033  
3337  20  1  6058  
3362  95  5  6017  6036  6049  6052  6057  
3423  10  3  6064  6066  6083  
3430  1  1  6047  
3432  12  1  6083  
3443  232  3  6049  6060  6083  
3451  23  1  6002  
3465  53  1  6058  
3466  94  1  6033  
3544  33  3  6017  6037  6058  
3548  42  1  6033  
3592  89  1  6081  
3601  145  1  6098  
3648  147  3  6026  6037  6058  
3652  104  3  6033  6049  6084  
3657  257  2  6020  6047  
3658  89  3  6036  6084  6095  
3674  131  1  6058  
3680  17  1  6047  
3685  86  1  6033  
3704  155  5  6013  6032  6049  6063  6083  
3713  4  1  6033  
3749  84  1  6033  
3757  3  1  6026  
3783  7  1  6001  
3810  42  1  6049  
3813  17  1  6002  
3879  278  6  6026  6032  6057  6058  6083  6084  
3887  3  1  6033  
3903  32  1  6084  
3910  7  1  6017  
3914  55  2  6033  6037  
3926  6  1  6058  
3929  39  1  6083  
3958  9  1  6017  
3990  70  6  6026  6057  6058  6066  6081  6083  
3994  202  2  6049  6084  
4035  153  6  6001  6033  6049  6058  6066  6083  
4039  50  1  6037  
4069  8  1  6083  
4071  19  1  6033  
4073  81  1  6026  
4083  100  7  6052  6057  6060  6064  6066  6083  6086  
4137  7  1  6047  
4152  228  9  6002  6033  6048  6049  6058  6060  6066  6081  6083  
4163  11  1  6026  
4176  46  1  6058  
4183  13  2  6032  6064  
4220  121  4  6055  6066  6074  6095  
4225  62  1  6083  
4263  53  1  6020  
4285  62  1  6052  
4288  73  4  6032  6033  6083  6084  
4315  101  2  6032  6081  
4319  168  10  6020  6032  6047  6052  6055  6064  6066  6083  6086  6095  
4320  78  2  6001  6014  
4367  28  1  6026  
4384  169  1  6058  
4407  10  1  6032  
4422  31  4  6032  6033  6081  6084  
4427  214  4  6002  6026  6033  6058  
4440  361  10  6001  6017  6020  6038  6047  6057  6058  6062  6066  6081  
4446  44  1  6032  
4453  53  1  6083  
4459  23  1  6037  
4460  7  1  6058  
4470  115  5  6033  6058  6060  6083  6084  
4480  14  1  6083  
4481  10  1  6033  
4485  139  1  6095  
4486  172  11  6013  6017  6047  6048  6049  6052  6057  6060  6064  6066  6083  
4489  43  1  6026  
4509  52  5  6017  6026  6049  6066  6084  
4514  26  2  6032  6058  
4531  271  6  6017  6032  6049  6058  6060  6081  
4551  54  3  6002  6037  6084  
4552  127  3  6002  6017  6033  
4555  33  2  6002  6084  
4586  16  2  6026  6032  
4604  48  3  6017  6047  6083  
4607  29  1  6083  
4608  122  5  6026  6037  6058  6081  6083  
4612  101  2  6049  6083  
4614  217  8  6026  6032  6037  6057  6058  6060  6083  6086  
4620  152  12  6001  6017  6047  6048  6049  6052  6057  6058  6060  6064  6066  6074  
4623  211  9  6001  6017  6020  6032  6037  6047  6057  6066  6081  
4624  312  6  6017  6032  6037  6058  6083  6095  
4635  15  1  6083  
4636  15  1  6084  
4638  15  1  6062  
4648  21  2  6026  6049  
4663  24  1  6033  
4672  44  2  6081  6094  
4680  33  1  6058  
4727  24  1  6032  
4747  30  2  6032  6083  
4780  17  1  6058  
4790  37  1  6083  
4799  3  1  6081  
4814  48  1  6064  
4828  66  2  6038  6047  
4831  63  2  6033  6083  
4832  26  1  6033  
4860  28  1  6060  
4866  21  1  6033  
4868  30  1  6033  
4901  389  18  6001  6002  6014  6017  6020  6026  6032  6033  6037  6047  6049  6057  6058  6066  6081  6083  6084  6094  
4906  39  2  6066  6083  
4908  243  7  6017  6020  6026  6032  6047  6048  6058  
4919  137  9  6001  6017  6020  6047  6057  6064  6066  6083  6086  
4924  11  1  6058  
4927  46  3  6033  6047  6083  
4949  2  1  6042  
4951  105  3  6032  6066  6081  
4969  7  1  6057  
4977  66  2  6060  6083  
4992  36  2  6020  6047  
5004  2  1  6064  
5012  139  3  6041  6081  6095  
5015  10  1  6084  
5028  3  1  6083  
5046  21  2  6014  6032  
5051  230  7  6001  6017  6020  6047  6066  6083  6095  
5065  44  1  6047  
5079  14  1  6002  
5080  45  3  6014  6020  6049  
5109  15  1  6013  
5110  75  7  6001  6032  6033  6049  6066  6081  6086  
5112  42  3  6033  6049  6058  
5129  191  10  6002  6013  6017  6020  6032  6049  6064  6066  6081  6084  
5133  222  20  6001  6013  6014  6026  6032  6033  6037  6042  6049  6052  6058  6062  6064  6074  6081  6083  6084  6086  6094  6095  
5135  385  20  6001  6002  6020  6026  6032  6033  6049  6052  6055  6057  6058  6060  6064  6066  6074  6081  6083  6084  6094  6095  
5137  33  1  6033  
5139  83  3  6026  6041  6084  
5140  27  1  6017  
5143  29  1  6026  
5144  79  8  6020  6047  6049  6057  6062  6064  6083  6095  
5145  41  2  6020  6083  
5147  144  10  6032  6033  6036  6042  6058  6074  6083  6084  6086  6091  
5148  5  1  6000  
5149  84  2  6060  6066  
5150  75  5  6064  6066  6081  6083  6084  
5151  67  2  6001  6002  
5152  61  1  6084  
5155  98  3  6032  6041  6049  
5157  41  5  6014  6020  6047  6058  6095  
5158  15  1  6032  
5169  41  1  6049  
5182  92  6  6002  6020  6033  6048  6058  6060  
5186  24  2  6057  6066  
5191  50  1  6084  
5192  27  2  6002  6026  
5212  10  1  6094  
5218  19  1  6055  
5224  52  1  6033  
5228  10  2  6037  6058  
5230  7  1  6002  
5241  42  1  6020  
5255  3  1  6081  
5268  7  1  6058  
5294  81  3  6033  6049  6058  
5302  68  4  6026  6033  6037  6057  
5309  10  1  6033  
5313  25  1  6084  
5325  80  8  6002  6020  6032  6037  6047  6058  6066  6084  
5337  7  1  6058  
5359  32  1  6002  
5363  54  2  6033  6058  
5408  2  1  6062  
5442  2  1  6049  
5444  7  1  6017  
5445  3  1  6026  
5460  14  1  6083  
5466  12  2  6020  6047  
5477  53  2  6032  6033  
5495  75  1  6081  
5496  5  2  6014  6047  
5519  88  10  6001  6020  6032  6047  6055  6058  6064  6066  6083  6095  
5521  76  5  6033  6058  6066  6081  6083  
5528  52  1  6058  
5542  78  5  6020  6026  6049  6064  6083  
5546  190  6  6002  6037  6047  6049  6083  6095  
5554  19  2  6026  6036  
5557  23  1  6001  
5559  44  3  6047  6081  6083  
5561  5  1  6083  
5563  108  7  6001  6020  6032  6036  6081  6083  6095  
5582  81  6  6001  6020  6032  6047  6049  6081  
5583  35  1  6095  
5593  4  1  6017  
5606  29  2  6014  6066  
5617  21  3  6032  6033  6037  
5621  23  2  6049  6094  
5622  11  1  6087  
5639  70  3  6032  6033  6037  
5641  7  1  6033  
5651  3  1  6047  
5653  28  2  6026  6047  
5655  58  2  6058  6094  
5676  85  5  6001  6026  6032  6081  6095  
5678  22  2  6001  6086  
5684  101  12  6001  6014  6017  6033  6038  6048  6052  6058  6066  6083  6086  6094  
5689  8  1  6047  
5690  17  2  6017  6037  
5691  12  1  6033  
5699  54  3  6032  6049  6058  
5706  33  3  6081  6084  6095  
5710  29  1  6001  
5711  33  3  6049  6060  6081  
5712  8  1  6033  
5713  17  1  6083  
5725  21  1  6037  
5737  29  1  6083  
5741  43  5  6032  6058  6081  6084  6095  
5743  58  7  6001  6026  6049  6058  6083  6086  6095  
5755  10  2  6017  6049  
5771  12  1  6060  
5772  177  8  6002  6032  6033  6037  6049  6058  6084  6094  
5784  7  1  6073  
5785  15  2  6032  6047  
5786  7  2  6052  6064  
5787  9  1  6060  
5789  160  13  6001  6013  6014  6020  6032  6047  6057  6058  6066  6081  6083  6084  6095  
5790  18  2  6017  6049  
5792  91  5  6032  6042  6058  6066  6095  
5793  104  7  6017  6032  6047  6049  6058  6066  6081  
5794  93  11  6001  6017  6020  6047  6055  6057  6058  6060  6066  6081  6086  
5798  135  7  6026  6032  6033  6037  6049  6058  6084  
5801  50  3  6058  6064  6083  
5806  3  1  6058  
5807  9  1  6032  
5818  26  4  6001  6020  6047  6049  
5872  11  1  6048  
5874  100  4  6032  6049  6058  6081  
5893  33  4  6001  6014  6020  6047  
5904  4  1  6013  
5921  77  7  6020  6032  6033  6058  6081  6083  6084  
5923  24  2  6032  6094  
5930  8  1  6083  
5933  42  5  6020  6032  6038  6049  6055  
5948  6  1  6026  
5980  6  1  6047  
5982  14  2  6020  6032  
5991  2  1  6047  
5995  19  3  6020  6032  6047  
5999  3  1  6001  
6002  15  1  6084  
6015  6  1  6017  
6016  4  2  6017  6049  
6019  31  2  6037  6057  
6021  28  2  6020  6033  
6022  1  1  6023  
6025  49  2  6032  6081  
6026  191  9  6002  6032  6033  6037  6049  6058  6081  6083  6095  
6030  5  1  6081  
6032  44  2  6036  6058  
6033  95  4  6032  6058  6083  6094  
6035  54  4  6026  6033  6058  6084  
6036  3  1  6095  
6037  29  1  6026  
6042  16  1  6026  
6046  1  1  6047  
6049  65  6  6026  6032  6033  6058  6066  6094  
6052  4  1  6049  
6054  57  4  6026  6032  6041  6081  
6058  68  1  6042  
6061  5  2  6066  6083  
6063  47  3  6083  6084  6094  
6064  1  1  6066  
6065  3  2  6066  6086  
6070  2  1  6094  
6081  41  2  6033  6037  
6082  1  1  6083  
6085  1  1  6086  
6094  81  5  6032  6033  6081  6083  6084  
6095  19  1  6032  
6097  1  1  6098  
6106  13  1  6033  
6113  10  2  6032  6033  
6125  3  1  6032  
6127  13  2  6037  6083  
6145  36  2  6049  6084  
6147  161  8  6002  6033  6037  6049  6058  6083  6084  6094  
6149  27  1  6084  
6152  142  8  6002  6026  6033  6041  6042  6049  6064  6083  
6153  31  2  6033  6094  
6154  40  2  6026  6049  
6155  98  4  6026  6049  6058  6084  
6156  37  2  6084  6094  
6157  118  10  6002  6026  6033  6037  6042  6049  6058  6083  6084  6094  
6162  16  3  6026  6032  6033  
6163  3  1  6058  
6171  70  3  6058  6083  6084  
6173  1  1  6058  
6174  1  1  6058  
6175  123  4  6002  6026  6037  6058  
6176  2  1  6058  
6180  93  2  6033  6084  
6185  18  3  6026  6032  6081  
6186  15  2  6032  6081  
6189  15  2  6032  6081  
6197  12  1  6058  
6201  7  1  6095  
6213  11  1  6094  
6215  24  2  6026  6033  
6216  30  2  6032  6033  
6231  10  1  6033  
6233  12  2  6026  6033  
6259  4  1  6033  
6261  9  2  6033  6084  
6266  14  1  6081  
6287  1  1  6095  
6294  47  2  6033  6083  
6296  12  1  6041  
6300  101  4  6026  6033  6049  6084  
6301  1  1  6026  
6302  22  2  6026  6058  
6303  1  1  6026  
6304  1  1  6026  
6305  23  2  6026  6094  
6306  15  1  6026  
6307  9  1  6026  
6308  21  1  6026  
6310  21  4  6002  6032  6033  6081  
6331  5  1  6032  
6332  4  1  6032  
6333  4  2  6032  6064  
6334  19  1  6032  
6335  89  5  6002  6032  6037  6042  6058  
6347  4  1  6081  
6348  39  2  6083  6094  
6349  13  3  6033  6081  6084  
6350  1  1  6081  
6355  27  3  6033  6037  6058  
6381  12  1  6033  
6389  15  1  6084  
6400  1  1  6033  
6405  38  3  6037  6058  6084  
6415  52  1  6094  
6425  18  3  6002  6058  6084  
6426  1  1  6058  
6430  6  1  6033  
6440  7  1  6058  
6462  3  1  6033  
6478  9  1  6033  
6493  27  2  6049  6094  
6509  16  1  6058  
6542  31  2  6049  6058  
6552  28  3  6037  6058  6083  
6553  9  1  6033  
6554  19  1  6049  
6566  33  2  6033  6049  
6578  39  1  6033  
6601  4  1  6049  
6603  10  1  6083  
6609  6  1  6049  
6616  14  3  6042  6058  6084  
6622  25  1  6058  
6624  12  1  6002  
6626  26  1  6002  
6627  36  4  6002  6033  6058  6083  
6635  19  1  6058  
6639  19  1  6084  
6642  3  1  6084  
6652  4  1  6033  
6653  1  1  6042  
6657  30  2  6058  6083  
6662  45  3  6033  6058  6083  
6668  1  1  6084  
6669  4  1  6084  
6670  1  1  6084  
6671  13  2  6033  6084  
6672  50  3  6033  6037  6083  
6674  8  1  6094  
6698  35  2  6002  6037  
6723  12  1  6033  
6725  9  2  6002  6094  
6730  23  2  6058  6083  
6741  4  1  6033  
6775  6  1  6033  
6776  4  1  6033  
6785  6  1  6002  
6791  1  1  6033  
6792  1  1  6033  
6793  2  1  6033  
6794  1  1  6033  
6796  27  2  6037  6058  
6797  30  3  6002  6037  6058  
6798  21  2  6002  6058  
6824  2  1  6083  
6826  4  1  6002  
6886  7  1  6058  
6899  1  1  6058  
6900  19  1  6002  
6922  5  1  6002  
6938  2  1  6037  
7013  1  1  6002  
7014  1  1  6002  
7072  6  1  6042  
