3  302  12  403  404  407  408  409  411  415  416  422  486  493  497  
4  24  1  476  
5  182  14  403  404  407  408  409  411  415  416  449  462  467  476  486  497  
6  81  6  403  407  415  416  462  470  
7  86  2  408  497  
8  743  11  405  407  408  415  416  437  449  462  467  493  497  
9  65  5  403  404  408  411  486  
11  114  6  403  416  444  470  476  486  
12  50  1  444  
14  45  1  476  
15  12  3  405  444  497  
17  187  6  401  403  405  422  437  444  
18  76  7  405  409  415  422  437  449  497  
20  74  1  497  
21  309  3  437  493  497  
22  90  6  404  415  449  467  493  497  
23  95  3  403  407  409  
24  102  3  403  409  411  
25  133  5  404  411  415  449  467  
26  150  6  404  411  415  476  486  497  
28  15  2  462  470  
29  4  1  470  
30  24  3  416  486  493  
32  65  1  493  
33  227  5  403  407  415  437  497  
36  41  1  497  
39  89  2  493  497  
41  44  1  437  
43  59  2  404  407  
44  146  6  403  404  407  411  422  493  
46  15  1  470  
52  64  5  415  422  449  467  497  
53  24  1  468  
54  13  1  497  
56  94  3  401  407  497  
64  17  1  468  
65  275  1  437  
66  109  5  403  411  415  422  497  
67  164  8  403  407  408  411  415  416  467  497  
69  69  2  422  449  
70  31  4  467  468  493  497  
71  2  1  467  
72  25  1  476  
73  41  5  404  407  409  470  476  
74  53  4  411  444  467  468  
75  59  2  409  415  
76  18  4  444  462  470  476  
78  8  1  470  
81  122  5  404  415  422  486  497  
82  195  4  415  468  493  497  
84  29  1  493  
85  72  3  415  444  497  
89  80  1  497  
92  8  1  467  
95  16  2  444  470  
97  68  1  462  
98  30  2  444  468  
101  4  2  444  470  
104  95  6  405  444  449  462  470  476  
105  29  2  444  470  
107  89  3  404  415  476  
109  3  1  462  
115  9  2  444  476  
116  213  1  437  
119  29  2  449  470  
120  25  2  415  422  
121  132  3  407  411  497  
123  4  1  403  
124  13  1  415  
125  29  2  404  497  
129  99  2  407  416  
131  72  3  415  416  449  
132  37  2  415  416  
133  30  3  404  407  411  
135  25  1  408  
136  94  1  408  
142  28  1  407  
143  74  1  497  
144  21  1  467  
146  61  2  415  497  
149  44  1  411  
150  7  2  444  467  
158  93  3  415  437  493  
162  70  2  408  493  
163  123  1  444  
164  334  2  408  422  
167  39  1  408  
168  19  1  403  
169  63  1  405  
170  17  1  497  
173  79  2  403  408  
176  37  1  493  
181  19  2  408  497  
182  21  3  415  437  497  
190  21  1  497  
191  6  1  403  
193  12  1  415  
200  2  1  470  
204  100  2  462  470  
211  19  1  403  
214  25  2  408  415  
218  50  2  415  497  
223  39  1  404  
224  41  1  437  
234  11  3  403  404  411  
238  8  1  408  
242  86  3  408  415  497  
246  56  1  408  
249  22  1  408  
251  31  1  422  
252  13  1  405  
255  30  4  405  415  416  497  
263  76  4  407  409  422  449  
264  39  2  404  416  
274  6  1  444  
288  244  3  405  415  497  
290  142  6  401  415  422  437  493  497  
292  230  6  405  408  415  422  449  497  
293  321  6  408  415  422  437  449  462  
294  227  7  405  408  415  422  449  493  497  
297  77  2  408  449  
299  140  6  405  408  415  422  449  493  
301  199  2  405  415  
303  27  2  415  449  
307  25  1  404  
308  12  2  449  497  
316  41  1  493  
318  31  2  415  437  
321  80  2  415  497  
322  30  2  415  416  
323  47  1  407  
330  21  1  415  
333  11  1  415  
334  9  1  462  
344  8  2  444  468  
350  117  3  408  415  422  
351  4  1  468  
361  45  1  404  
380  20  1  401  
383  34  2  416  486  
384  145  2  405  462  
387  6  3  404  407  409  
392  4  1  497  
394  9  3  407  409  411  
399  7  1  403  
400  6  2  403  404  
401  79  1  403  
402  41  13  403  404  407  409  411  416  444  462  467  468  470  476  486  
405  5  2  404  411  
406  5  1  407  
408  157  2  405  409  
410  6  1  411  
416  8  1  486  
420  4  1  476  
422  15  1  467  
428  9  3  462  470  476  
431  732  2  462  493  
433  3  1  467  
434  4  2  444  468  
436  6  1  470  
437  17  1  467  
438  12  1  470  
443  1  1  444  
445  8  3  444  493  497  
446  1  1  444  
447  1  1  444  
449  4  1  497  
450  5  2  467  476  
463  1  1  462  
464  1  1  467  
465  3  1  467  
466  4  1  467  
469  1  1  470  
471  1  1  476  
472  1  1  476  
473  5  1  476  
474  1  1  476  
475  1  1  476  
477  1  1  476  
481  7  1  497  
490  7  1  497  
504  121  2  408  415  
508  8  1  416  
534  13  1  415  
538  8  1  405  
548  214  3  415  449  497  
561  10  1  497  
562  35  1  408  
572  31  2  408  415  
577  55  1  415  
578  150  1  493  
579  66  1  408  
580  11  1  408  
583  31  1  415  
588  27  3  401  415  497  
591  32  1  493  
593  40  3  408  422  497  
594  98  2  405  449  
596  2  1  497  
603  14  2  415  493  
606  158  2  401  415  
615  5  1  497  
629  47  1  415  
631  24  1  405  
635  118  2  415  497  
641  4  1  408  
643  81  1  493  
645  95  1  497  
646  123  1  408  
647  51  2  422  493  
652  4  1  408  
661  264  3  405  415  422  
669  34  1  415  
671  4  1  497  
672  8  2  415  497  
675  4  2  415  497  
677  8  1  415  
680  93  1  422  
695  77  2  405  408  
700  34  1  497  
702  773  1  497  
705  146  2  408  422  
709  1  1  497  
710  1  1  497  
711  2  1  497  
712  1  1  497  
719  224  1  401  
723  113  3  415  422  493  
724  317  1  422  
729  60  1  422  
736  4  1  408  
746  272  2  408  415  
749  29  1  449  
756  15  1  415  
758  165  1  437  
759  249  1  401  
766  26  1  405  
768  36  1  462  
774  45  2  408  493  
781  39  1  493  
782  16  1  449  
800  29  1  437  
807  122  1  408  
822  26  1  415  
829  119  1  462  
833  9  1  415  
834  12  1  415  
835  2  1  415  
836  27  2  415  422  
837  9  1  415  
838  3  1  415  
839  7  1  415  
845  10  1  493  
846  6  1  493  
859  22  1  462  
872  8  1  401  
880  12  1  493  
899  65  1  493  
909  292  1  437  
914  238  1  462  
917  297  1  401  
919  4  1  408  
926  138  1  408  
931  6  1  422  
932  7  1  422  
941  14  1  493  
943  41  1  401  
948  135  1  408  
956  6  1  493  
964  24  1  408  
972  196  1  408  
977  156  1  408  
988  74  1  408  
1022  60  1  408  
1032  62  1  437  
1034  62  1  493  
1037  57  1  401  
1038  399  1  493  
1040  115  1  493  
1041  135  1  408  
1045  2  1  493  
1046  48  1  401  
1054  472  1  437  
1062  24  1  408  
1067  158  1  462  
1083  9  1  401  
1101  35  1  493  
1104  61  1  408  
1111  79  1  462  
1120  77  1  493  
1133  16  1  493  
1135  103  1  401  
1144  10  1  493  
1145  8  1  493  
1146  77  1  401  
1147  21  1  493  
1182  16  1  493  
1184  7  1  408  
1186  1  1  493  
1187  1  1  493  
1188  9  1  493  
1189  76  2  437  493  
1197  290  1  401  
1211  181  1  462  
1247  91  1  401  
1253  7  1  408  
1255  40  1  408  
1261  462  1  401  
1312  183  1  462  
1355  72  1  401  
1357  91  1  401  
1376  210  1  462  
1380  48  1  462  
1381  38  1  462  
1401  139  1  437  
1417  81  1  462  
1427  587  3  437  462  477  
1433  79  1  462  
1458  87  1  437  
1460  102  1  401  
1466  30  1  401  
1481  355  1  462  
1488  162  1  462  
1561  50  1  401  
1570  93  1  401  
1598  45  1  401  
1602  55  1  437  
1671  129  1  437  
1676  41  1  437  
1680  90  1  401  
1772  204  2  401  437  
1817  181  1  437  
1835  66  1  401  
1901  50  1  437  
2056  241  1  437  
2073  247  1  401  
2089  48  1  401  
2109  164  2  401  437  
2138  215  1  437  
2165  57  1  437  
2204  62  1  437  
2216  141  1  437  
2240  50  1  437  
2273  142  1  401  
2283  324  1  437  
2356  893  2  401  437  
2383  45  1  437  
2431  39  1  401  
2436  269  1  437  
2469  156  1  437  
2471  618  1  437  
2483  168  1  437  
2485  80  1  401  
2494  200  1  437  
2540  40  1  401  
2550  22  1  401  
2562  173  1  437  
2563  15  1  401  
2595  39  1  401  
2632  282  1  437  
2633  87  1  437  
2679  19  1  401  
2687  36  1  401  
2716  55  1  437  
2753  15  1  437  
2756  123  1  437  
2774  189  2  437  477  
2800  52  1  437  
2823  62  1  437  
2862  15  1  437  
2902  13  1  437  
3012  58  1  437  
3064  273  1  437  
3102  156  1  437  
3112  89  1  437  
3181  16  1  437  
3214  64  1  437  
3239  14  1  437  
3245  40  1  437  
3289  205  1  437  
3290  144  1  437  
3297  22  1  437  
3303  32  1  437  
3314  212  1  437  
3315  362  1  437  
3319  13  1  437  
3331  38  1  437  
3379  7  1  437  
3391  93  1  437  
3451  23  1  437  
3452  6  1  437  
3455  8  1  437  
3459  45  1  437  
3468  20  1  437  
3543  1  1  437  
3544  33  1  437  
3545  2  1  437  
3546  17  1  437  
4028  16  1  477  
4064  14  1  477  
4479  7  1  477  
4611  139  1  477  
