33  227  1  6804  
63  44  1  6849  
66  109  1  6815  
103  190  3  6804  6818  6849  
147  28  2  6815  6820  
158  93  2  6818  6849  
301  199  1  6806  
321  80  1  6849  
408  157  1  6849  
422  15  1  6870  
431  732  7  6806  6818  6837  6846  6849  6851  6863  
501  22  1  6806  
528  30  3  6837  6849  6870  
548  214  1  6808  
676  232  5  6815  6818  6820  6849  6851  
686  66  1  6870  
702  773  8  6804  6806  6808  6820  6837  6849  6851  6863  
725  41  1  6806  
822  26  1  6849  
873  9  1  6863  
909  292  2  6804  6806  
914  238  1  6849  
972  196  1  6806  
978  29  1  6804  
1009  305  2  6818  6879  
1038  399  2  6806  6879  
1054  472  5  6806  6808  6820  6837  6849  
1066  599  3  6804  6837  6870  
1261  462  6  6804  6806  6808  6863  6870  6879  
1272  35  2  6870  6879  
1357  91  1  6879  
1418  5  1  6808  
1421  244  2  6820  6837  
1532  66  1  6818  
1538  55  1  6890  
1571  112  1  6837  
1602  55  1  6849  
1616  76  1  6837  
1629  47  1  6879  
1663  48  1  6804  
1674  43  1  6806  
1811  18  1  6849  
1826  29  1  6849  
1851  27  2  6837  6870  
1925  55  1  6863  
1950  122  1  6872  
1962  146  1  6804  
1971  145  1  6818  
2042  15  1  6898  
2045  28  2  6818  6849  
2059  108  1  6870  
2075  95  1  6837  
2156  4  1  6851  
2173  77  1  6879  
2177  189  4  6804  6818  6821  6879  
2188  71  1  6849  
2190  72  1  6837  
2215  34  1  6806  
2240  50  2  6804  6820  
2252  42  1  6818  
2256  31  1  6808  
2283  324  3  6820  6849  6851  
2301  100  2  6804  6818  
2303  46  1  6863  
2351  180  1  6851  
2356  893  14  6804  6806  6808  6815  6818  6820  6821  6837  6849  6851  6863  6870  6872  6874  
2367  146  1  6806  
2443  307  8  6806  6808  6820  6837  6849  6851  6863  6894  
2472  38  2  6806  6849  
2537  29  1  6851  
2595  39  3  6804  6806  6808  
2613  44  1  6808  
2716  55  1  6804  
2802  48  1  6863  
2875  49  3  6821  6870  6874  
3014  10  1  6804  
3017  51  2  6806  6849  
3101  10  1  6837  
3144  271  1  6849  
3150  319  1  6804  
3155  69  1  6849  
3157  22  1  6804  
3191  114  1  6849  
3253  45  1  6804  
3264  156  3  6815  6849  6863  
3307  82  1  6851  
3334  10  1  6818  
3395  85  1  6808  
3412  15  1  6804  
3428  22  1  6837  
3443  232  1  6804  
3548  42  1  6849  
3585  15  1  6804  
3592  89  1  6849  
3608  4  1  6804  
3755  16  1  6808  
3778  9  1  6804  
3811  41  1  6818  
3879  278  2  6820  6849  
3903  32  1  6804  
3914  55  10  6804  6818  6820  6837  6841  6849  6863  6870  6872  6874  
3919  80  2  6806  6849  
3929  39  1  6818  
3958  9  1  6898  
3966  7  1  6818  
3994  202  2  6808  6820  
4000  14  1  6808  
4028  16  1  6804  
4035  153  1  6849  
4039  50  2  6804  6818  
4069  8  2  6815  6849  
4152  228  3  6804  6808  6849  
4180  24  5  6804  6808  6849  6870  6879  
4192  20  1  6870  
4217  25  3  6808  6849  6863  
4225  62  1  6849  
4263  53  1  6804  
4281  20  3  6806  6808  6818  
4285  62  3  6804  6805  6837  
4288  73  1  6870  
4319  168  2  6863  6870  
4320  78  1  6837  
4403  2  1  6870  
4415  6  1  6897  
4422  31  1  6849  
4427  214  3  6818  6851  6863  
4437  60  1  6804  
4440  361  1  6820  
4453  53  2  6804  6849  
4489  43  1  6804  
4496  18  1  6804  
4507  8  1  6863  
4509  52  1  6804  
4522  10  1  6804  
4524  4  1  6849  
4531  271  2  6818  6879  
4546  14  1  6806  
4551  54  1  6804  
4552  127  3  6808  6870  6879  
4560  4  1  6804  
4601  5  1  6821  
4604  48  3  6804  6849  6851  
4608  122  3  6815  6818  6837  
4612  101  1  6806  
4613  19  1  6806  
4623  211  2  6849  6863  
4624  312  1  6809  
4656  17  1  6806  
4746  2  1  6849  
4747  30  1  6815  
4831  63  1  6820  
4832  26  1  6837  
4837  19  2  6804  6806  
4853  16  1  6849  
4868  30  1  6818  
4901  389  7  6804  6806  6818  6820  6849  6863  6870  
4906  39  3  6804  6815  6820  
4919  137  2  6849  6863  
4924  11  1  6804  
4925  8  1  6818  
4927  46  3  6804  6851  6863  
4970  11  1  6804  
4977  66  1  6849  
4979  7  1  6818  
4980  3  1  6804  
5012  139  1  6872  
5051  230  1  6804  
5110  75  1  6818  
5112  42  4  6808  6820  6863  6870  
5129  191  2  6804  6849  
5133  222  6  6818  6863  6870  6874  6879  6894  
5135  385  11  6804  6806  6818  6820  6837  6849  6851  6863  6870  6872  6879  
5139  83  2  6809  6879  
5147  144  3  6821  6849  6879  
5148  5  1  6879  
5152  61  1  6804  
5153  20  1  6815  
5155  98  1  6808  
5182  92  2  6804  6849  
5192  27  1  6804  
5224  52  4  6805  6806  6808  6818  
5257  14  1  6837  
5279  4  1  6849  
5294  81  2  6818  6849  
5295  20  1  6863  
5302  68  2  6863  6870  
5325  80  2  6804  6815  
5335  39  1  6849  
5359  32  1  6820  
5363  54  8  6804  6806  6818  6820  6837  6863  6870  6879  
5477  53  2  6806  6849  
5488  19  1  6837  
5495  75  2  6804  6849  
5521  76  2  6804  6818  
5523  9  1  6870  
5546  190  3  6809  6821  6851  
5552  10  1  6879  
5557  23  1  6863  
5568  2  1  6851  
5575  11  2  6808  6863  
5582  81  1  6849  
5621  23  1  6821  
5639  70  1  6818  
5641  7  2  6808  6820  
5655  58  8  6806  6808  6815  6818  6841  6872  6874  6890  
5684  101  4  6863  6874  6890  6895  
5691  12  1  6849  
5712  8  2  6806  6870  
5735  9  1  6820  
5743  58  1  6820  
5748  4  1  6804  
5772  177  12  6804  6806  6808  6809  6815  6818  6837  6841  6849  6851  6863  6879  
5792  91  1  6849  
5798  135  6  6804  6806  6808  6820  6837  6870  
5801  50  1  6806  
5826  11  1  6849  
5831  29  1  6897  
5856  6  2  6820  6863  
5919  6  1  6849  
5921  77  2  6890  6892  
5933  42  1  6870  
5996  4  1  6863  
6002  15  1  6851  
6012  5  2  6815  6821  
6019  31  1  6849  
6021  28  1  6821  
6026  191  6  6804  6808  6818  6849  6851  6870  
6033  95  3  6815  6818  6820  
6035  54  1  6879  
6037  29  3  6820  6851  6863  
6042  16  1  6820  
6052  4  2  6870  6890  
6057  18  1  6897  
6058  68  8  6821  6841  6870  6872  6874  6882  6890  6895  
6063  47  5  6815  6818  6869  6879  6882  
6081  41  1  6804  
6094  81  6  6806  6808  6820  6837  6841  6849  
6113  10  2  6806  6849  
6127  13  1  6851  
6147  161  15  6804  6808  6815  6818  6820  6837  6849  6851  6863  6869  6870  6872  6874  6879  6898  
6152  142  5  6806  6808  6820  6837  6849  
6155  98  5  6806  6837  6851  6863  6870  
6156  37  1  6863  
6157  118  4  6804  6818  6849  6851  
6162  16  1  6849  
6171  70  4  6818  6820  6821  6851  
6175  123  8  6804  6806  6808  6818  6837  6851  6863  6870  
6180  93  4  6818  6841  6849  6898  
6197  12  1  6849  
6215  24  1  6806  
6216  30  1  6849  
6261  9  1  6818  
6294  47  1  6818  
6296  12  1  6806  
6300  101  1  6815  
6302  22  1  6870  
6317  4  1  6808  
6334  19  1  6806  
6335  89  7  6804  6806  6849  6851  6872  6874  6879  
6349  13  1  6818  
6355  27  3  6804  6863  6870  
6381  12  1  6820  
6393  9  1  6818  
6405  38  1  6804  
6412  4  1  6815  
6414  24  1  6849  
6415  52  5  6815  6818  6851  6870  6890  
6425  18  1  6820  
6436  9  1  6863  
6439  4  1  6804  
6459  39  2  6815  6863  
6478  9  2  6837  6851  
6493  27  3  6870  6882  6895  
6532  11  1  6818  
6542  31  1  6804  
6552  28  1  6804  
6566  33  2  6809  6818  
6572  3  1  6818  
6578  39  1  6841  
6587  6  1  6818  
6603  10  1  6851  
6607  1  1  6868  
6622  25  4  6863  6872  6874  6879  
6624  12  3  6818  6821  6870  
6627  36  5  6806  6820  6821  6841  6849  
6630  13  1  6804  
6635  19  3  6837  6849  6863  
6638  4  1  6890  
6639  19  1  6804  
6656  3  1  6849  
6657  30  6  6806  6815  6851  6870  6879  6894  
6662  45  1  6806  
6671  13  1  6870  
6672  50  4  6806  6818  6849  6863  
6684  4  1  6849  
6692  11  1  6820  
6693  19  5  6804  6806  6808  6820  6837  
6695  3  1  6821  
6698  35  3  6804  6851  6870  
6699  11  1  6851  
6711  7  1  6820  
6725  9  1  6863  
6730  23  7  6808  6837  6841  6849  6882  6894  6895  
6765  11  1  6894  
6768  24  2  6804  6849  
6772  1  1  6808  
6775  6  3  6806  6820  6863  
6776  4  1  6820  
6778  6  1  6820  
6782  11  2  6806  6898  
6785  6  1  6821  
6796  27  1  6804  
6797  30  2  6804  6863  
6798  21  1  6804  
6799  4  1  6804  
6800  6  3  6804  6808  6820  
6801  1  1  6804  
6802  10  1  6804  
6803  12  4  6804  6863  6870  6879  
6806  4  1  6808  
6807  1  1  6808  
6813  3  1  6815  
6814  1  1  6815  
6816  1  1  6820  
6817  1  1  6820  
6818  2  1  6820  
6819  1  1  6820  
6836  5  1  6837  
6838  2  1  6806  
6839  1  1  6806  
6840  1  1  6806  
6847  1  1  6849  
6848  1  1  6849  
6850  11  2  6851  6894  
6855  2  1  6821  
6857  1  1  6858  
6862  1  1  6863  
6864  15  2  6863  6870  
6865  1  1  6866  
6871  2  1  6870  
6873  1  1  6874  
6875  1  1  6879  
6876  1  1  6879  
6877  1  1  6879  
6878  1  1  6879  
6881  1  1  6882  
6888  1  1  6889  
6891  1  1  6892  
6896  1  1  6897  
6909  16  1  6818  
6916  20  1  6818  
6930  4  1  6818  
6944  16  1  6818  
6953  4  1  6821  
6966  13  1  6818  
6996  2  1  6821  
7002  10  1  6818  
7034  4  1  6818  
7057  6  1  6818  
