3  302  1  5486  
8  743  1  5438  
17  187  1  5488  
21  309  1  5488  
26  150  1  5460  
33  227  1  5423  
36  41  1  5401  
44  146  1  5486  
56  94  1  5435  
65  275  4  5402  5407  5427  5488  
67  164  1  5488  
82  195  2  5427  5439  
103  190  3  5401  5427  5439  
121  132  1  5427  
136  94  1  5427  
158  93  1  5427  
164  334  1  5423  
197  6  1  5427  
224  41  1  5488  
293  321  2  5423  5427  
317  46  1  5439  
318  31  1  5480  
372  42  1  5486  
401  79  1  5495  
408  157  1  5486  
424  9  1  5480  
431  732  11  5402  5421  5427  5431  5435  5438  5477  5480  5486  5488  5497  
438  12  1  5427  
548  214  1  5488  
578  150  2  5420  5486  
606  158  1  5401  
626  83  2  5420  5423  
676  232  5  5401  5427  5438  5480  5486  
702  773  12  5401  5402  5423  5427  5435  5438  5439  5480  5486  5488  5495  5497  
705  146  1  5488  
724  317  1  5488  
746  272  1  5402  
749  29  1  5435  
758  165  2  5477  5488  
767  4  1  5488  
920  60  1  5420  
959  49  1  5402  
978  29  1  5401  
979  16  1  5497  
987  95  3  5427  5438  5480  
988  74  1  5488  
1009  305  4  5401  5423  5438  5495  
1038  399  6  5402  5420  5431  5435  5485  5488  
1054  472  7  5402  5423  5427  5435  5439  5485  5488  
1066  599  7  5420  5423  5427  5433  5460  5477  5480  
1115  65  1  5431  
1162  61  1  5438  
1180  65  1  5486  
1261  462  3  5423  5439  5495  
1282  199  2  5486  5488  
1354  156  2  5427  5488  
1377  28  1  5488  
1421  244  7  5401  5402  5435  5486  5488  5495  5497  
1427  587  1  5401  
1532  66  1  5477  
1538  55  1  5433  
1558  25  1  5486  
1561  50  1  5423  
1571  112  3  5427  5480  5488  
1589  14  1  5486  
1591  14  2  5423  5486  
1616  76  1  5401  
1629  47  1  5480  
1648  57  1  5420  
1660  38  1  5480  
1663  48  1  5480  
1666  19  1  5485  
1674  43  1  5423  
1677  105  1  5402  
1683  49  1  5438  
1694  73  1  5488  
1729  9  1  5488  
1732  13  1  5401  
1765  33  2  5420  5431  
1781  15  1  5486  
1962  146  1  5477  
1971  145  2  5435  5480  
2008  61  1  5488  
2056  241  1  5488  
2075  95  2  5402  5488  
2080  58  1  5497  
2090  32  1  5427  
2106  9  1  5488  
2133  19  1  5486  
2138  215  1  5401  
2177  189  4  5427  5435  5486  5491  
2184  26  1  5477  
2193  66  1  5420  
2215  34  1  5423  
2217  3  1  5497  
2252  42  1  5401  
2267  4  1  5480  
2283  324  6  5401  5402  5420  5423  5486  5488  
2301  100  3  5401  5402  5427  
2304  69  1  5433  
2308  8  1  5495  
2329  47  1  5427  
2335  93  1  5488  
2345  5  1  5402  
2356  893  7  5401  5423  5439  5460  5486  5495  5497  
2367  146  1  5439  
2376  60  1  5402  
2408  108  2  5402  5407  
2443  307  3  5423  5439  5497  
2451  126  6  5402  5420  5423  5435  5477  5488  
2461  40  1  5401  
2471  618  8  5402  5427  5431  5435  5480  5485  5486  5488  
2479  64  1  5420  
2485  80  1  5402  
2487  75  1  5488  
2519  39  2  5420  5488  
2537  29  1  5486  
2562  173  1  5491  
2595  39  1  5402  
2715  238  1  5420  
2720  357  3  5435  5438  5491  
2735  55  1  5420  
2773  39  1  5402  
2774  189  1  5407  
2778  216  5  5420  5423  5427  5438  5477  
2827  37  1  5427  
2906  6  1  5420  
3012  58  2  5420  5423  
3029  18  1  5423  
3053  4  1  5420  
3090  180  7  5401  5427  5438  5477  5480  5486  5497  
3144  271  4  5420  5477  5484  5495  
3146  314  5  5402  5433  5435  5477  5488  
3154  166  2  5401  5491  
3156  92  3  5402  5460  5480  
3159  54  1  5427  
3173  42  2  5402  5486  
3174  102  2  5402  5477  
3209  71  2  5402  5420  
3220  5  1  5420  
3251  147  1  5432  
3253  45  1  5486  
3264  156  3  5401  5485  5486  
3277  12  1  5401  
3278  52  1  5427  
3289  205  3  5402  5486  5488  
3307  82  1  5477  
3308  63  1  5497  
3314  212  5  5401  5402  5420  5486  5488  
3315  362  12  5402  5407  5420  5423  5427  5431  5435  5438  5477  5480  5485  5488  
3330  39  1  5486  
3412  15  1  5495  
3443  232  1  5427  
3447  46  1  5420  
3466  94  2  5401  5427  
3498  82  1  5420  
3548  42  2  5401  5402  
3585  15  1  5401  
3592  89  4  5402  5420  5427  5439  
3601  145  2  5407  5433  
3631  21  1  5477  
3648  147  3  5401  5420  5488  
3649  15  1  5402  
3653  68  1  5402  
3657  257  5  5402  5420  5427  5435  5488  
3658  89  1  5495  
3682  115  1  5477  
3704  155  2  5401  5402  
3742  76  1  5480  
3749  84  1  5435  
3767  8  1  5420  
3810  42  1  5402  
3852  23  1  5438  
3855  52  1  5488  
3879  278  5  5401  5402  5423  5427  5497  
3899  2  1  5439  
3906  40  1  5488  
3914  55  1  5439  
3919  80  1  5488  
3972  11  1  5488  
3990  70  1  5401  
3994  202  3  5423  5432  5439  
4035  153  5  5423  5435  5480  5484  5497  
4039  50  2  5401  5427  
4122  71  2  5423  5427  
4124  15  1  5488  
4152  228  7  5402  5423  5427  5435  5439  5477  5486  
4169  114  1  5433  
4170  2  1  5420  
4187  96  2  5427  5477  
4217  25  1  5401  
4220  121  1  5401  
4225  62  1  5480  
4250  3  1  5402  
4263  53  4  5401  5480  5488  5497  
4275  27  1  5402  
4285  62  1  5402  
4288  73  2  5423  5477  
4315  101  1  5402  
4319  168  3  5431  5432  5477  
4320  78  2  5427  5438  
4367  28  1  5497  
4380  79  4  5407  5431  5484  5485  
4384  169  1  5402  
4427  214  1  5423  
4440  361  12  5402  5420  5427  5435  5438  5477  5480  5484  5485  5486  5488  5491  
4442  8  1  5488  
4453  53  1  5423  
4470  115  4  5401  5402  5460  5480  
4485  139  2  5420  5488  
4486  172  7  5420  5423  5431  5433  5438  5477  5488  
4487  4  1  5420  
4489  43  1  5477  
4509  52  3  5401  5423  5488  
4526  3  1  5439  
4531  271  4  5402  5427  5438  5480  
4546  14  1  5439  
4551  54  1  5486  
4552  127  1  5486  
4553  3  1  5423  
4555  33  1  5486  
4569  69  1  5402  
4571  54  4  5420  5423  5432  5488  
4604  48  1  5401  
4606  41  2  5433  5480  
4608  122  1  5427  
4612  101  6  5402  5420  5433  5435  5480  5488  
4613  19  3  5402  5427  5438  
4614  217  8  5401  5402  5420  5423  5427  5438  5480  5488  
4620  152  7  5402  5427  5438  5477  5480  5486  5488  
4623  211  4  5427  5438  5480  5486  
4624  312  7  5401  5402  5420  5435  5477  5485  5488  
4631  32  1  5435  
4694  9  2  5401  5427  
4715  61  6  5401  5402  5420  5423  5477  5488  
4790  37  1  5477  
4800  40  1  5427  
4820  6  1  5427  
4828  66  2  5427  5477  
4831  63  1  5431  
4840  44  1  5421  
4853  16  1  5401  
4863  12  1  5488  
4865  22  1  5402  
4868  30  2  5431  5435  
4901  389  12  5401  5402  5423  5427  5432  5435  5438  5439  5480  5486  5495  5497  
4908  243  7  5402  5420  5423  5427  5438  5477  5497  
4909  26  2  5427  5488  
4919  137  5  5401  5402  5420  5435  5486  
4923  10  2  5427  5488  
4927  46  1  5423  
4933  13  1  5427  
4951  105  4  5435  5438  5477  5480  
4953  12  1  5427  
4956  11  1  5477  
4958  27  1  5477  
4973  16  1  5402  
4977  66  2  5420  5438  
4981  15  1  5488  
4986  28  1  5420  
4992  36  5  5431  5433  5435  5480  5491  
5012  139  7  5402  5421  5427  5431  5460  5485  5491  
5045  49  3  5402  5420  5423  
5050  50  3  5402  5431  5488  
5051  230  5  5427  5438  5477  5480  5486  
5055  4  1  5485  
5065  44  3  5402  5427  5488  
5080  45  1  5432  
5097  1  1  5477  
5110  75  1  5486  
5118  23  2  5402  5420  
5122  32  3  5402  5435  5488  
5129  191  7  5401  5402  5420  5427  5477  5486  5488  
5132  23  1  5477  
5133  222  6  5401  5427  5439  5480  5486  5497  
5135  385  9  5401  5423  5427  5438  5439  5460  5477  5486  5497  
5138  16  1  5420  
5139  83  1  5497  
5142  21  3  5402  5420  5477  
5143  29  1  5427  
5144  79  2  5401  5460  
5145  41  2  5431  5477  
5147  144  3  5401  5427  5480  
5149  84  1  5480  
5151  67  1  5435  
5153  20  1  5495  
5155  98  1  5439  
5158  15  1  5401  
5160  12  1  5420  
5166  11  1  5420  
5169  41  2  5401  5431  
5182  92  1  5486  
5186  24  2  5402  5427  
5224  52  1  5423  
5231  3  1  5486  
5241  42  2  5427  5435  
5242  11  3  5431  5485  5491  
5262  4  1  5402  
5294  81  1  5401  
5302  68  1  5427  
5313  25  2  5435  5485  
5316  30  2  5431  5477  
5317  17  1  5477  
5325  80  2  5401  5497  
5335  39  2  5402  5420  
5359  32  4  5402  5423  5435  5439  
5360  5  2  5420  5431  
5363  54  1  5495  
5366  18  1  5402  
5380  11  2  5402  5488  
5382  26  1  5401  
5389  4  1  5488  
5403  11  2  5420  5488  
5405  2  1  5423  
5407  1  1  5431  
5411  2  1  5431  
5413  1  1  5420  
5414  1  1  5420  
5415  1  1  5420  
5416  1  1  5420  
5417  1  1  5420  
5418  9  1  5420  
5419  1  1  5420  
5422  1  1  5423  
5427  22  3  5435  5477  5480  
5428  3  1  5433  
5430  3  1  5431  
5434  4  1  5435  
5472  3  1  5488  
5476  31  1  5427  
5478  4  1  5438  
5482  17  1  5427  
5486  2  1  5488  
5487  1  1  5488  
5488  19  1  5486  
5489  2  1  5488  
5490  3  1  5477  
5493  5  1  5477  
5495  75  1  5401  
5497  35  1  5401  
5519  88  2  5401  5460  
5521  76  1  5401  
5528  52  1  5401  
5542  78  3  5438  5460  5477  
5546  190  5  5427  5438  5477  5480  5486  
5552  10  1  5427  
5554  19  1  5401  
5566  3  1  5427  
5571  3  1  5477  
5579  1  1  5477  
5582  81  3  5438  5480  5486  
5583  35  1  5477  
5586  1  1  5477  
5639  70  2  5423  5427  
5643  12  1  5438  
5660  8  1  5427  
5673  28  1  5427  
5676  85  1  5401  
5678  22  1  5438  
5692  4  1  5480  
5731  5  1  5427  
5737  29  2  5480  5497  
5741  43  2  5401  5460  
5743  58  1  5401  
5755  10  1  5486  
5772  177  3  5423  5439  5495  
5780  10  1  5427  
5789  160  2  5401  5460  
5792  91  1  5401  
5793  104  3  5401  5486  5497  
5794  93  1  5486  
5798  135  5  5401  5423  5439  5495  5497  
5799  3  1  5486  
5800  9  1  5480  
5818  26  1  5486  
5831  29  1  5480  
5832  6  1  5480  
5835  4  1  5427  
5836  1  1  5427  
5837  1  1  5427  
5838  1  1  5427  
5839  1  1  5427  
5840  6  1  5427  
5841  1  1  5427  
5842  1  1  5427  
5843  1  1  5427  
5865  1  1  5480  
5874  100  2  5401  5497  
5908  10  2  5401  5497  
5921  77  2  5401  5460  
5923  24  2  5401  5497  
6021  28  1  5495  
6025  49  1  5401  
6026  191  3  5401  5495  5497  
6033  95  2  5401  5497  
6043  1  1  5486  
6044  1  1  5486  
6054  57  1  5495  
6068  5  1  5497  
6093  18  1  5460  
6094  81  3  5423  5439  5497  
6122  15  1  5401  
6145  36  1  5495  
6147  161  2  5423  5439  
6149  27  1  5423  
6152  142  4  5423  5439  5495  5497  
6155  98  3  5423  5495  5497  
6157  118  5  5401  5423  5439  5495  5497  
6160  3  1  5401  
6162  16  1  5401  
6171  70  1  5497  
6175  123  2  5439  5497  
6180  93  1  5497  
6204  18  1  5495  
6215  24  1  5401  
6216  30  1  5401  
6249  1  1  5401  
6300  101  4  5423  5439  5495  5497  
6302  22  1  5401  
6306  15  1  5497  
6308  21  1  5497  
6310  21  1  5401  
6335  89  2  5423  5495  
6348  39  1  5497  
6364  15  1  5460  
6387  21  1  5497  
6407  3  1  5401  
6420  15  1  5401  
6421  3  1  5401  
6422  5  2  5401  5495  
6423  1  1  5401  
6424  1  1  5401  
6425  18  1  5401  
6487  1  1  5497  
6488  1  1  5497  
6516  3  1  5439  
6560  8  1  5439  
6566  33  2  5423  5495  
6578  39  3  5423  5439  5495  
6626  26  2  5423  5495  
6637  3  1  5423  
6690  13  1  5423  
6692  11  1  5439  
6693  19  1  5439  
6694  2  1  5439  
