21  309  1  4962  
26  150  2  4921  4951  
27  5  1  4919  
33  227  2  4906  4970  
56  94  1  4986  
63  44  2  4906  4979  
65  275  8  4901  4904  4919  4921  4970  4983  4997  4999  
67  164  1  4901  
82  195  2  4953  4992  
103  190  5  4901  4919  4934  4962  4988  
116  213  1  4959  
129  99  2  4906  4962  
147  28  1  4906  
171  54  1  4934  
249  22  1  4953  
288  244  1  4919  
290  142  1  4953  
292  230  1  4901  
293  321  1  4919  
301  199  3  4921  4934  4953  
317  46  3  4921  4934  4953  
372  42  3  4901  4934  4962  
375  7  1  4919  
384  145  3  4901  4931  4939  
431  732  16  4901  4906  4919  4921  4931  4934  4953  4962  4979  4985  4988  4992  4993  4997  4998  4999  
494  142  3  4901  4953  4970  
548  214  2  4901  4919  
555  3  1  4970  
578  150  4  4901  4904  4915  4919  
626  83  2  4901  4904  
629  47  1  4997  
676  232  5  4906  4919  4934  4951  4970  
686  66  2  4953  4997  
699  68  1  4983  
702  773  12  4901  4904  4915  4919  4921  4934  4953  4962  4985  4986  4988  4997  
723  113  2  4983  4998  
724  317  3  4901  4915  4919  
739  90  1  4970  
746  272  1  4919  
758  165  7  4901  4904  4921  4939  4959  4983  4985  
785  91  1  4906  
822  26  1  4934  
909  292  2  4970  4979  
914  238  1  4919  
917  297  2  4939  4997  
920  60  2  4904  4986  
923  18  1  4919  
924  12  2  4919  4921  
937  5  1  4985  
946  6  1  4993  
959  49  1  4998  
987  95  5  4901  4934  4953  4962  4988  
988  74  1  4986  
1009  305  2  4951  4979  
1022  60  2  4901  4919  
1038  399  12  4904  4919  4921  4931  4934  4939  4970  4986  4992  4995  4997  4998  
1041  135  1  4904  
1054  472  4  4901  4906  4921  4953  
1066  599  5  4901  4906  4951  4988  4998  
1067  158  1  4921  
1107  26  2  4983  4988  
1110  218  2  4901  4934  
1146  77  2  4921  4953  
1261  462  5  4906  4915  4939  4970  4997  
1272  35  1  4979  
1354  156  2  4904  4988  
1355  72  1  4962  
1361  44  1  4979  
1421  244  6  4901  4904  4919  4921  4934  4986  
1427  587  3  4901  4934  4997  
1432  6  1  4919  
1481  355  1  4921  
1485  68  1  4951  
1532  66  1  4970  
1538  55  5  4906  4919  4970  4979  4983  
1544  8  1  4901  
1571  112  3  4919  4953  4998  
1591  14  1  4934  
1601  42  1  4904  
1605  9  1  4986  
1629  47  1  4962  
1660  38  1  4901  
1663  48  3  4921  4934  4940  
1744  36  1  4915  
1765  33  2  4904  4919  
1817  181  2  4953  4988  
1843  39  1  4939  
1845  63  1  4970  
1851  27  1  4906  
1877  8  2  4901  4919  
1948  113  2  4901  4970  
1950  122  1  4998  
1962  146  2  4915  4939  
1971  145  2  4919  4934  
1996  65  1  4988  
2008  61  1  4953  
2037  11  1  4993  
2059  108  2  4901  4970  
2066  38  1  4951  
2073  247  1  4998  
2090  32  1  4998  
2092  4  1  4919  
2109  164  1  4953  
2138  215  1  4901  
2177  189  7  4921  4934  4935  4953  4970  4986  4998  
2183  49  1  4939  
2186  45  1  4993  
2190  72  1  4997  
2193  66  2  4904  4931  
2215  34  2  4901  4915  
2240  50  2  4953  4970  
2273  142  1  4915  
2283  324  4  4906  4919  4953  4997  
2301  100  1  4904  
2304  69  1  4986  
2313  44  1  4970  
2335  93  1  4953  
2337  11  1  4986  
2340  105  3  4901  4919  4998  
2342  70  1  4904  
2355  50  1  4997  
2356  893  14  4901  4906  4915  4919  4921  4931  4934  4939  4951  4959  4962  4970  4979  4997  
2367  146  1  4970  
2378  12  1  4901  
2391  64  2  4986  4997  
2405  46  1  4934  
2408  108  6  4901  4910  4931  4939  4970  4992  
2440  49  1  4986  
2443  307  1  4906  
2451  126  12  4901  4904  4919  4921  4934  4935  4939  4983  4986  4992  4995  4998  
2461  40  1  4934  
2469  156  2  4901  4919  
2471  618  15  4901  4904  4915  4919  4921  4931  4934  4962  4983  4986  4988  4992  4997  4998  4999  
2476  149  1  4919  
2477  18  1  4970  
2490  103  2  4951  4997  
2519  39  1  4999  
2537  29  1  4953  
2546  46  2  4906  4986  
2572  9  1  4901  
2595  39  1  4970  
2632  282  2  4915  4934  
2641  28  1  4931  
2691  123  1  4988  
2716  55  1  4951  
2720  357  8  4901  4921  4931  4934  4988  4997  4998  4999  
2753  15  1  4934  
2755  51  2  4901  4919  
2756  123  1  4962  
2761  44  3  4901  4992  4998  
2774  189  1  4998  
2778  216  3  4901  4906  4988  
2918  68  6  4915  4921  4939  4959  4995  4997  
2983  95  1  4901  
2999  69  2  4904  4983  
3011  36  2  4915  4934  
3012  58  1  4919  
3014  10  2  4970  4979  
3017  51  1  4906  
3029  18  1  4906  
3034  13  1  4906  
3035  3  1  4970  
3058  35  1  4962  
3076  63  2  4904  4997  
3090  180  5  4901  4919  4934  4951  4962  
3098  60  2  4959  4997  
3100  33  1  4970  
3102  156  1  4935  
3144  271  8  4901  4906  4919  4934  4962  4970  4983  4997  
3146  314  11  4901  4904  4915  4919  4921  4931  4939  4953  4986  4997  4998  
3149  131  3  4915  4959  4983  
3150  319  6  4901  4915  4919  4970  4997  4998  
3153  241  5  4901  4919  4962  4970  4999  
3154  166  1  4904  
3156  92  6  4901  4931  4962  4986  4995  4998  
3157  22  1  4962  
3158  101  6  4915  4931  4934  4939  4959  4983  
3173  42  1  4919  
3174  102  1  4997  
3178  20  1  4921  
3191  114  3  4901  4904  4997  
3209  71  3  4919  4992  4999  
3251  147  1  4983  
3264  156  7  4901  4904  4919  4934  4970  4986  4998  
3284  24  1  4919  
3289  205  5  4901  4919  4934  4962  4997  
3299  64  2  4921  4997  
3304  91  3  4915  4939  4959  
3314  212  6  4901  4904  4919  4934  4962  4970  
3315  362  14  4901  4904  4906  4919  4921  4931  4934  4951  4953  4962  4986  4988  4992  4998  
3338  144  2  4939  4959  
3362  95  2  4906  4939  
3395  85  1  4901  
3412  15  1  4970  
3428  22  1  4951  
3442  99  5  4910  4921  4931  4986  4992  
3443  232  3  4906  4939  4951  
3459  45  2  4919  4999  
3466  94  2  4904  4959  
3498  82  1  4997  
3511  4  1  4934  
3544  33  1  4955  
3548  42  4  4901  4970  4992  4999  
3550  4  1  4931  
3564  4  1  4988  
3583  85  1  4915  
3585  15  1  4970  
3587  23  1  4919  
3592  89  3  4901  4904  4970  
3598  7  1  4901  
3601  145  3  4985  4995  4999  
3617  57  1  4997  
3648  147  5  4906  4919  4970  4979  4997  
3652  104  2  4931  4934  
3653  68  2  4931  4986  
3657  257  7  4901  4904  4919  4921  4934  4953  4986  
3658  89  1  4951  
3672  27  1  4921  
3674  131  3  4919  4953  4986  
3679  111  1  4919  
3682  115  1  4997  
3685  86  1  4959  
3704  155  7  4901  4904  4921  4934  4970  4986  4997  
3736  64  2  4939  4997  
3738  12  2  4970  4979  
3742  76  1  4988  
3749  84  1  4997  
3801  53  1  4995  
3808  112  1  4931  
3852  23  1  4988  
3855  52  2  4939  4997  
3870  38  1  4919  
3878  7  1  4919  
3879  278  10  4901  4904  4915  4919  4934  4953  4959  4983  4986  4997  
3906  40  1  4934  
3910  7  1  4904  
3919  80  2  4915  4997  
3928  22  3  4901  4919  4959  
3958  9  1  4970  
3972  11  1  4919  
3990  70  1  4951  
3994  202  1  4992  
4021  18  2  4921  4959  
4028  16  1  4915  
4034  7  1  4934  
4035  153  9  4901  4904  4906  4921  4934  4959  4962  4979  4983  
4036  12  1  4934  
4037  20  1  4983  
4038  31  2  4934  4935  
4071  19  2  4921  4985  
4073  81  3  4906  4915  4934  
4083  100  9  4915  4921  4931  4939  4940  4941  4959  4997  4999  
4090  16  1  4901  
4122  71  2  4904  4953  
4151  1  1  4921  
4152  228  5  4901  4906  4915  4931  4939  
4168  8  1  4919  
4169  114  9  4921  4934  4935  4940  4983  4985  4992  4995  4997  
4175  19  2  4934  4962  
4187  96  3  4953  4988  4998  
4197  23  1  4919  
4217  25  1  4901  
4220  121  5  4901  4904  4919  4921  4998  
4225  62  3  4901  4962  4986  
4226  46  3  4935  4983  4992  
4263  53  1  4919  
4266  14  1  4919  
4275  27  1  4986  
4285  62  2  4901  4970  
4288  73  1  4921  
4304  46  1  4988  
4315  101  2  4904  4999  
4319  168  6  4901  4921  4934  4935  4962  4985  
4320  78  1  4919  
4337  34  4  4921  4934  4939  4959  
4371  5  1  4962  
4380  79  6  4915  4919  4934  4940  4941  4983  
4384  169  4  4921  4939  4988  4997  
4407  10  1  4921  
4427  214  3  4939  4970  4983  
4437  60  1  4901  
4439  25  1  4959  
4440  361  12  4901  4904  4919  4921  4934  4939  4953  4962  4983  4985  4986  4997  
4446  44  2  4901  4998  
4452  16  3  4919  4997  4999  
4453  53  2  4953  4970  
4454  43  1  4915  
4464  19  1  4901  
4470  115  1  4953  
4475  14  1  4901  
4477  10  1  4953  
4478  14  1  4939  
4481  10  1  4906  
4485  139  8  4919  4921  4931  4934  4959  4983  4992  4998  
4486  172  7  4901  4919  4921  4934  4986  4988  4998  
4489  43  2  4970  4979  
4496  18  2  4934  4970  
4505  6  1  4901  
4516  13  1  4919  
4531  271  14  4901  4904  4915  4919  4921  4934  4939  4941  4953  4955  4962  4986  4997  4998  
4551  54  1  4970  
4552  127  5  4901  4906  4953  4970  4986  
4555  33  1  4919  
4557  84  1  4921  
4569  69  3  4919  4939  4986  
4571  54  1  4901  
4583  51  1  4953  
4604  48  2  4901  4934  
4606  41  2  4919  4997  
4608  122  1  4906  
4610  35  1  4939  
4611  139  10  4901  4915  4919  4921  4931  4934  4939  4959  4997  4999  
4612  101  4  4901  4904  4921  4992  
4613  19  1  4919  
4614  217  9  4901  4904  4906  4919  4934  4939  4959  4983  4997  
4616  41  2  4939  4955  
4617  14  1  4939  
4619  68  5  4931  4935  4939  4985  4997  
4620  152  7  4901  4904  4919  4934  4962  4970  4979  
4622  31  1  4997  
4623  211  9  4901  4919  4934  4939  4953  4959  4962  4988  4997  
4624  312  18  4901  4906  4919  4921  4931  4934  4935  4939  4955  4959  4962  4983  4986  4988  4992  4997  4998  4999  
4625  80  8  4915  4939  4959  4983  4985  4995  4997  4999  
4628  18  1  4915  
4631  32  1  4919  
4656  17  1  4970  
4672  44  4  4901  4919  4951  4983  
4676  14  3  4915  4931  4983  
4684  59  3  4901  4904  4962  
4685  75  4  4939  4959  4983  4997  
4691  12  1  4962  
4694  9  1  4979  
4702  21  1  4997  
4706  6  1  4959  
4715  61  4  4904  4962  4986  4992  
4723  9  1  4939  
4727  24  1  4934  
4728  18  1  4919  
4729  11  1  4910  
4730  32  1  4986  
4733  16  2  4997  4998  
4745  10  1  4901  
4747  30  1  4901  
4763  15  2  4919  4931  
4783  19  1  4939  
4790  37  1  4906  
4794  12  1  4985  
4797  8  1  4901  
4800  40  1  4904  
4814  48  2  4953  4998  
4817  37  3  4901  4904  4919  
4828  66  4  4919  4934  4962  4988  
4831  63  1  4901  
4833  2  1  4985  
4836  17  1  4962  
4837  19  2  4934  4970  
4840  44  5  4935  4983  4986  4997  4998  
4844  19  5  4921  4931  4934  4959  4983  
4855  8  1  4915  
4859  9  1  4939  
4860  28  3  4906  4919  4951  
4865  22  1  4934  
4866  21  1  4915  
4868  30  3  4921  4940  4941  
4901  389  10  4904  4906  4919  4934  4951  4953  4962  4970  4979  4988  
4908  243  8  4901  4904  4919  4934  4953  4962  4986  4997  
4911  14  2  4997  4998  
4919  137  6  4901  4904  4921  4934  4962  4986  
4920  4  2  4921  4931  
4924  11  1  4934  
4927  46  3  4901  4934  4997  
4930  3  2  4921  4931  
4932  1  1  4934  
4933  13  3  4904  4934  4939  
4938  1  1  4939  
4946  8  2  4959  4983  
4951  105  4  4919  4921  4986  4988  
4954  1  1  4955  
4958  27  1  4959  
4962  30  1  4934  
4969  7  1  4985  
4973  16  1  4998  
4977  66  2  4901  4953  
4984  2  1  4985  
4986  28  2  4904  4988  
4992  36  2  4919  4934  
5002  21  2  4901  4919  
5004  2  1  4999  
5012  139  1  4919  
5038  18  1  4901  
5045  49  1  4904  
5050  50  3  4904  4986  4988  
5051  230  9  4901  4919  4934  4953  4962  4970  4983  4988  4998  
5059  7  1  4901  
5065  44  1  4919  
5080  45  4  4901  4904  4919  4934  
5082  13  1  4919  
5112  42  1  4906  
5118  23  1  4919  
5122  32  4  4901  4904  4919  4986  
5129  191  6  4901  4919  4934  4953  4962  4970  
5131  12  1  4998  
5132  23  2  4988  4998  
5133  222  4  4901  4906  4951  4962  
5135  385  8  4901  4919  4951  4953  4962  4970  4979  4998  
5137  33  2  4901  4934  
5138  16  1  4904  
5140  27  1  4953  
5142  21  1  4919  
5144  79  2  4934  4951  
5145  41  2  4921  4988  
5147  144  3  4901  4919  4970  
5149  84  1  4953  
5150  75  1  4901  
5151  67  3  4919  4986  4988  
5152  61  1  4921  
5155  98  3  4901  4934  4962  
5157  41  2  4919  4934  
5158  15  2  4934  4970  
5160  12  2  4904  4921  
5166  11  1  4986  
5169  41  1  4901  
5180  8  2  4919  4986  
5182  92  4  4901  4919  4934  4953  
5186  24  1  4901  
5191  50  4  4901  4904  4919  4962  
5192  27  1  4970  
5212  10  1  4906  
5224  52  2  4901  4906  
5239  33  3  4901  4934  4986  
5241  42  4  4904  4919  4983  4992  
5242  11  2  4919  4921  
5252  9  1  4904  
5255  3  1  4951  
5263  11  1  4988  
5278  6  1  4953  
5281  10  1  4901  
5295  20  1  4983  
5300  6  1  4906  
5302  68  1  4962  
5313  25  3  4906  4921  4986  
5316  30  1  4998  
5325  80  3  4906  4919  4934  
5335  39  4  4901  4919  4921  4986  
5352  1  1  4919  
5353  1  1  4919  
5354  2  1  4919  
5355  1  1  4919  
5356  4  1  4919  
5357  1  1  4901  
5358  1  1  4901  
5359  32  2  4901  4986  
5360  5  1  4901  
5361  3  1  4901  
5362  3  1  4901  
5363  54  3  4901  4906  4979  
5366  18  3  4904  4921  4986  
5371  3  2  4919  4962  
5380  11  2  4904  4953  
5398  3  1  4986  
5401  24  2  4901  4934  
5409  4  1  4921  
5418  9  1  4921  
5423  13  1  4986  
5427  22  1  4986  
5436  1  1  4986  
5437  3  1  4986  
5438  14  2  4953  4986  
5441  3  1  4921  
5444  7  1  4953  
5460  14  1  4901  
5466  12  2  4919  4934  
5471  3  1  4921  
5472  3  1  4921  
5473  1  1  4921  
5474  1  1  4921  
5475  5  1  4988  
5476  31  2  4953  4988  
5477  53  2  4970  4988  
5478  4  1  4988  
5480  31  2  4906  4970  
5488  19  1  4919  
5495  75  1  4934  
5496  5  1  4901  
5519  88  3  4901  4919  4934  
5521  76  2  4919  4962  
5542  78  3  4901  4951  4962  
5546  190  7  4901  4919  4934  4953  4962  4970  4979  
5557  23  1  4934  
5559  44  5  4901  4919  4934  4962  4979  
5560  6  1  4953  
5563  108  1  4951  
5574  17  1  4962  
5582  81  3  4901  4934  4962  
5590  17  1  4962  
5617  21  1  4951  
5621  23  1  4919  
5653  28  1  4919  
5676  85  3  4901  4951  4962  
5678  22  1  4901  
5684  101  4  4901  4906  4919  4962  
5690  17  1  4919  
5710  29  1  4962  
5711  33  2  4901  4919  
5713  17  1  4919  
5725  21  1  4934  
5736  2  1  4901  
5755  10  1  4901  
5771  12  1  4962  
5772  177  3  4906  4962  4970  
5773  6  1  4919  
5785  15  2  4919  4934  
5789  160  4  4919  4934  4951  4962  
5792  91  2  4901  4919  
5793  104  1  4901  
5794  93  4  4901  4919  4934  4951  
5798  135  2  4970  4979  
5801  50  1  4919  
5807  9  1  4919  
5818  26  4  4901  4919  4934  4962  
5827  5  1  4934  
5874  100  2  4951  4962  
5884  12  1  4962  
5893  33  2  4919  4962  
5919  6  1  4919  
5921  77  3  4901  4934  4962  
5932  4  1  4962  
5933  42  1  4962  
5957  1  1  4962  
5960  2  1  4906  
5975  2  1  4962  
5976  1  1  4962  
5977  1  1  4962  
5978  1  1  4962  
5980  6  1  4934  
5986  14  1  4901  
5989  11  1  4901  
5995  19  2  4919  4934  
5997  5  1  4919  
6015  6  1  4934  
6016  4  1  4919  
6019  31  2  4901  4970  
6021  28  2  4934  4979  
6025  49  1  4951  
6026  191  3  4906  4951  4970  
6030  5  1  4951  
6033  95  3  4906  4951  4970  
6035  54  1  4951  
6039  1  1  4919  
6040  1  1  4919  
6045  1  1  4934  
6049  65  3  4901  4906  4951  
6050  2  1  4901  
6051  1  1  4901  
6054  57  1  4906  
6081  41  2  4951  4970  
6095  19  1  4951  
6147  161  3  4906  4970  4979  
6149  27  1  4906  
6152  142  1  4970  
6155  98  1  4970  
6157  118  1  4906  
6175  123  2  4970  4979  
6180  93  1  4906  
6185  18  1  4951  
6186  15  1  4951  
6261  9  1  4906  
6300  101  1  4906  
6322  11  1  4906  
6335  89  2  4906  4970  
6348  39  1  4970  
6405  38  1  4970  
6425  18  1  4970  
6439  4  1  4970  
6459  39  1  4979  
6493  27  1  4970  
6509  16  1  4979  
6542  31  2  4970  4979  
6552  28  1  4970  
6553  9  1  4906  
6566  33  1  4906  
6578  39  1  4906  
6603  10  1  4906  
6626  26  2  4906  4970  
6627  36  1  4906  
6662  45  1  4970  
6680  13  1  4906  
6690  13  1  4906  
6698  35  1  4970  
6722  2  1  4906  
6761  7  1  4970  
6765  11  1  4970  
6785  6  1  4970  
6796  27  1  4970  
6797  30  1  4970  
6798  21  1  4970  
6836  5  1  4970  
6900  19  2  4970  4979  
6904  3  1  4970  
6916  20  1  4979  
6944  16  1  4979  
7002  10  1  4970  
7003  1  1  4970  
