8  743  7  3304  3308  3317  3322  3332  3333  3351  
21  309  3  3316  3332  3333  
24  102  1  3316  
26  150  3  3316  3385  3388  
33  227  1  3351  
44  146  2  3304  3388  
50  39  3  3318  3322  3385  
63  44  1  3351  
65  275  5  3307  3308  3316  3333  3362  
66  109  2  3308  3352  
81  122  1  3352  
103  190  1  3307  
116  213  5  3308  3317  3318  3333  3352  
121  132  2  3351  3382  
122  80  1  3351  
136  94  1  3304  
140  58  1  3316  
158  93  1  3322  
163  123  1  3342  
164  334  1  3316  
169  63  1  3307  
171  54  1  3352  
205  8  1  3307  
249  22  1  3393  
252  13  1  3351  
260  56  1  3322  
273  35  1  3308  
284  13  2  3308  3391  
288  244  3  3351  3382  3388  
292  230  3  3307  3316  3336  
301  199  2  3316  3362  
328  86  1  3318  
350  117  1  3317  
361  45  1  3351  
372  42  1  3307  
382  19  1  3351  
383  34  1  3304  
384  145  1  3317  
408  157  2  3308  3351  
431  732  9  3307  3316  3318  3332  3333  3351  3362  3391  3393  
437  17  1  3385  
494  142  1  3322  
504  121  1  3333  
528  30  1  3336  
548  214  1  3352  
606  158  2  3308  3333  
628  5  1  3388  
635  118  2  3304  3351  
637  100  2  3304  3308  
643  81  1  3351  
649  105  1  3343  
661  264  2  3351  3352  
676  232  2  3304  3393  
686  66  1  3307  
695  77  1  3351  
699  68  2  3336  3362  
702  773  12  3304  3307  3308  3316  3317  3318  3336  3352  3362  3388  3391  3393  
719  224  5  3304  3322  3333  3351  3388  
722  12  1  3308  
723  113  1  3304  
724  317  2  3304  3336  
732  16  2  3332  3333  
746  272  5  3318  3322  3352  3382  3391  
758  165  4  3304  3308  3322  3332  
771  61  1  3336  
774  45  1  3317  
785  91  2  3342  3351  
789  16  1  3351  
807  122  5  3308  3316  3322  3333  3351  
869  110  1  3302  
885  4  1  3307  
903  47  1  3342  
909  292  4  3317  3342  3351  3352  
950  19  1  3322  
951  39  1  3388  
953  33  1  3351  
955  86  1  3391  
977  156  1  3317  
987  95  1  3307  
988  74  1  3322  
1009  305  1  3393  
1038  399  9  3304  3308  3316  3317  3332  3333  3336  3362  3391  
1041  135  1  3316  
1046  48  1  3351  
1054  472  3  3316  3351  3393  
1066  599  5  3304  3308  3316  3322  3391  
1067  158  2  3322  3388  
1068  5  1  3332  
1084  79  1  3308  
1096  9  1  3317  
1110  218  2  3307  3342  
1111  79  1  3388  
1156  45  1  3351  
1180  65  2  3316  3351  
1197  290  7  3304  3318  3342  3351  3352  3382  3385  
1198  20  1  3351  
1211  181  2  3322  3393  
1256  33  2  3318  3385  
1261  462  3  3304  3388  3393  
1268  52  1  3307  
1269  17  1  3318  
1271  37  1  3385  
1312  183  1  3385  
1351  11  1  3336  
1352  20  1  3317  
1357  91  1  3351  
1372  157  1  3317  
1401  139  3  3304  3342  3391  
1421  244  2  3307  3317  
1427  587  8  3304  3307  3316  3322  3333  3351  3362  3388  
1428  42  3  3322  3332  3333  
1430  81  1  3304  
1458  87  1  3322  
1481  355  1  3318  
1487  73  1  3351  
1494  80  1  3317  
1495  50  1  3351  
1496  39  2  3302  3307  
1498  2  1  3322  
1511  36  2  3304  3351  
1532  66  2  3308  3317  
1567  70  1  3352  
1586  96  1  3351  
1616  76  2  3308  3333  
1617  68  1  3342  
1634  97  1  3351  
1639  141  1  3322  
1674  43  2  3302  3307  
1677  105  2  3317  3388  
1680  90  1  3322  
1681  7  1  3341  
1697  57  1  3304  
1706  16  1  3351  
1724  3  1  3351  
1730  33  1  3385  
1738  44  1  3322  
1772  204  1  3322  
1817  181  2  3322  3351  
1824  47  1  3332  
1829  56  1  3322  
1834  36  1  3318  
1845  63  1  3352  
1850  63  1  3351  
1936  11  1  3352  
1944  39  1  3351  
1956  44  2  3317  3391  
1962  146  2  3362  3391  
1970  23  2  3332  3388  
1971  145  3  3304  3317  3336  
2042  15  1  3388  
2048  143  3  3317  3332  3333  
2049  49  1  3351  
2056  241  7  3308  3316  3317  3322  3332  3333  3351  
2066  38  1  3393  
2069  22  1  3302  
2073  247  5  3308  3316  3318  3342  3388  
2074  49  1  3351  
2075  95  1  3304  
2080  58  2  3332  3362  
2091  8  1  3316  
2102  120  8  3302  3318  3342  3343  3351  3352  3385  3388  
2109  164  2  3322  3333  
2110  48  2  3332  3391  
2118  7  1  3322  
2133  19  1  3317  
2134  111  1  3391  
2137  252  12  3302  3304  3317  3318  3322  3332  3333  3342  3351  3352  3385  3388  
2138  215  5  3302  3322  3333  3342  3382  
2165  57  1  3322  
2173  77  1  3351  
2177  189  2  3307  3316  
2179  124  1  3307  
2183  49  1  3391  
2186  45  1  3304  
2188  71  2  3304  3388  
2190  72  1  3304  
2193  66  2  3316  3391  
2204  62  2  3322  3388  
2216  141  6  3308  3317  3322  3341  3351  3352  
2240  50  2  3316  3336  
2273  142  1  3304  
2283  324  4  3317  3322  3332  3351  
2290  6  1  3307  
2294  38  1  3302  
2301  100  2  3322  3388  
2303  46  1  3304  
2313  44  2  3336  3351  
2329  47  1  3316  
2340  105  1  3322  
2341  12  1  3317  
2342  70  1  3322  
2348  77  1  3316  
2350  82  2  3302  3351  
2351  180  6  3318  3322  3333  3342  3352  3385  
2355  50  3  3308  3351  3388  
2356  893  16  3304  3308  3316  3317  3318  3322  3332  3333  3336  3342  3351  3352  3362  3385  3388  3393  
2367  146  2  3316  3342  
2376  60  1  3317  
2382  32  1  3322  
2384  49  1  3322  
2391  64  2  3316  3332  
2400  5  1  3351  
2405  46  1  3343  
2431  39  1  3317  
2436  269  9  3302  3304  3308  3317  3322  3333  3351  3352  3362  
2438  113  4  3307  3317  3322  3351  
2439  104  4  3322  3342  3352  3385  
2442  44  1  3317  
2443  307  9  3316  3318  3332  3333  3336  3352  3362  3382  3391  
2444  12  1  3342  
2445  164  1  3342  
2451  126  2  3316  3362  
2458  103  2  3322  3385  
2469  156  5  3316  3318  3342  3343  3352  
2471  618  14  3304  3307  3308  3316  3317  3318  3333  3336  3342  3351  3352  3362  3388  3391  
2476  149  3  3316  3332  3336  
2478  7  1  3388  
2479  64  1  3333  
2480  45  2  3308  3322  
2482  74  2  3322  3352  
2483  168  6  3304  3318  3333  3351  3352  3385  
2487  75  1  3322  
2490  103  2  3317  3322  
2494  200  9  3302  3317  3318  3322  3332  3333  3342  3385  3388  
2504  10  1  3302  
2521  79  4  3322  3342  3351  3352  
2537  29  1  3307  
2550  22  1  3391  
2562  173  4  3322  3342  3351  3352  
2570  8  1  3351  
2595  39  1  3304  
2596  50  2  3317  3322  
2598  5  1  3393  
2604  124  3  3317  3352  3388  
2613  44  1  3316  
2620  139  4  3317  3322  3385  3391  
2632  282  5  3316  3322  3333  3385  3388  
2633  87  3  3352  3385  3388  
2657  29  1  3322  
2666  57  2  3316  3393  
2677  35  4  3302  3318  3351  3391  
2685  62  4  3308  3318  3333  3391  
2690  7  1  3341  
2691  123  1  3352  
2707  47  2  3317  3322  
2715  238  8  3304  3308  3316  3332  3351  3362  3385  3391  
2716  55  2  3322  3391  
2720  357  8  3307  3308  3317  3322  3333  3336  3362  3388  
2722  15  1  3388  
2745  7  1  3308  
2755  51  3  3316  3322  3391  
2756  123  5  3302  3322  3342  3351  3385  
2764  19  1  3351  
2770  52  1  3322  
2772  175  7  3308  3316  3317  3322  3351  3388  3391  
2774  189  6  3302  3307  3308  3322  3333  3342  
2778  216  5  3308  3317  3342  3352  3391  
2779  45  1  3322  
2780  38  2  3333  3391  
2791  10  1  3318  
2800  52  2  3302  3322  
2813  34  1  3393  
2823  62  4  3318  3351  3385  3388  
2831  81  1  3393  
2845  10  1  3332  
2848  21  1  3308  
2862  15  2  3318  3371  
2875  49  1  3352  
2877  88  6  3322  3332  3333  3342  3351  3352  
2881  26  1  3322  
2899  79  3  3304  3322  3388  
2902  13  1  3336  
2907  24  1  3342  
2915  20  1  3302  
2918  68  1  3362  
2919  56  2  3322  3385  
2923  22  2  3318  3322  
2924  4  1  3385  
2936  41  1  3362  
2978  37  1  3322  
2981  19  2  3322  3385  
2983  95  3  3316  3318  3332  
2999  69  1  3308  
3001  79  4  3322  3333  3352  3385  
3007  5  1  3308  
3011  36  1  3322  
3013  8  1  3304  
3017  51  1  3385  
3021  15  1  3351  
3024  31  1  3318  
3026  7  1  3317  
3032  5  1  3388  
3036  15  1  3333  
3040  18  1  3362  
3048  15  1  3352  
3049  13  1  3317  
3062  55  2  3308  3332  
3064  273  13  3304  3308  3316  3317  3322  3332  3333  3336  3342  3351  3362  3385  3391  
3084  43  3  3302  3317  3351  
3087  41  2  3308  3388  
3090  180  3  3304  3307  3393  
3096  15  1  3317  
3100  33  1  3322  
3102  156  8  3302  3307  3308  3317  3322  3332  3343  3352  
3110  122  6  3308  3317  3332  3336  3388  3391  
3112  89  3  3316  3322  3351  
3137  88  3  3304  3322  3342  
3140  20  2  3388  3391  
3144  271  2  3308  3336  
3146  314  5  3308  3316  3317  3336  3393  
3147  27  1  3317  
3148  98  3  3308  3317  3332  
3149  131  2  3308  3316  
3150  319  3  3308  3316  3362  
3151  148  6  3308  3316  3317  3332  3351  3391  
3152  68  1  3316  
3153  241  6  3308  3317  3332  3333  3336  3362  
3154  166  5  3307  3322  3333  3351  3393  
3155  69  1  3307  
3156  92  1  3316  
3158  101  2  3304  3316  
3160  56  2  3308  3336  
3163  17  1  3351  
3167  21  1  3342  
3169  15  1  3308  
3172  53  3  3318  3322  3352  
3174  102  3  3304  3333  3362  
3175  18  2  3322  3352  
3178  20  1  3307  
3191  114  1  3304  
3196  11  1  3351  
3205  6  1  3388  
3206  48  1  3333  
3209  71  2  3322  3362  
3210  28  2  3342  3352  
3212  16  1  3351  
3214  64  3  3304  3318  3322  
3225  4  1  3385  
3226  81  3  3317  3322  3351  
3229  7  1  3318  
3237  8  1  3342  
3240  14  1  3351  
3241  10  1  3317  
3245  40  1  3322  
3250  18  4  3342  3343  3351  3385  
3251  147  5  3308  3317  3332  3333  3388  
3252  42  4  3318  3322  3351  3388  
3253  45  2  3307  3316  
3256  2  1  3378  
3264  156  1  3307  
3266  5  1  3352  
3268  13  1  3317  
3270  26  1  3393  
3274  13  1  3352  
3277  12  1  3322  
3278  52  2  3317  3318  
3281  2  1  3302  
3287  22  1  3351  
3289  205  3  3307  3316  3362  
3290  144  7  3308  3317  3322  3332  3336  3362  3388  
3297  22  1  3322  
3299  64  1  3332  
3301  1  1  3302  
3303  32  3  3322  3332  3333  
3304  91  2  3322  3332  
3305  1  1  3322  
3306  48  3  3322  3351  3388  
3307  82  3  3308  3316  3322  
3308  63  3  3304  3322  3332  
3309  11  2  3318  3322  
3310  4  1  3322  
3311  1  1  3322  
3312  12  1  3322  
3313  1  1  3322  
3314  212  5  3304  3316  3322  3388  3391  
3315  362  3  3307  3316  3322  
3316  44  3  3307  3317  3322  
3317  40  2  3322  3388  
3318  9  1  3322  
3319  13  1  3322  
3321  1  1  3322  
3330  39  1  3336  
3331  38  1  3332  
3332  87  5  3304  3317  3318  3388  3391  
3333  36  1  3304  
3337  20  1  3362  
3338  144  2  3332  3333  
3340  1  1  3341  
3349  17  1  3351  
3353  75  1  3352  
3362  95  1  3307  
3370  2  2  3317  3371  
3380  1  1  3382  
3381  1  1  3382  
3387  14  1  3317  
3391  93  3  3317  3332  3333  
3395  85  2  3388  3391  
3398  15  1  3318  
3429  3  1  3316  
3432  12  1  3388  
3434  11  1  3318  
3442  99  1  3304  
3443  232  2  3304  3391  
3449  113  4  3308  3336  3362  3391  
3459  45  1  3316  
3465  53  2  3385  3388  
3466  94  5  3317  3332  3333  3385  3391  
3467  47  1  3388  
3468  20  1  3385  
3471  10  1  3304  
3498  82  1  3316  
3514  13  1  3316  
3536  43  1  3308  
3545  2  1  3316  
3549  29  1  3317  
3557  7  1  3307  
3577  26  3  3304  3317  3388  
3578  30  2  3385  3388  
3582  3  1  3388  
3583  85  2  3316  3317  
3592  89  1  3317  
3596  90  2  3308  3333  
3598  7  1  3333  
3599  33  1  3385  
3601  145  1  3316  
3602  14  2  3317  3388  
3610  32  3  3304  3307  3308  
3617  57  1  3307  
3619  2  1  3336  
3622  28  1  3332  
3627  2  1  3304  
3638  3  1  3388  
3646  4  1  3385  
3647  1  1  3385  
3648  147  3  3304  3385  3388  
3649  15  1  3385  
3652  104  2  3308  3316  
3653  68  3  3307  3316  3362  
3654  21  1  3304  
3656  89  1  3391  
3657  257  6  3308  3316  3317  3336  3391  3393  
3672  27  1  3317  
3674  131  5  3307  3316  3317  3333  3391  
3679  111  1  3362  
3681  29  1  3316  
3682  115  4  3307  3316  3317  3391  
3683  33  4  3317  3332  3333  3336  
3685  86  1  3304  
3686  77  2  3308  3317  
3689  1  1  3388  
3704  155  3  3307  3308  3316  
3714  16  1  3317  
3721  25  1  3304  
3722  50  3  3304  3332  3391  
3725  41  2  3304  3391  
3734  26  1  3304  
3736  64  1  3317  
3740  37  4  3308  3317  3332  3333  
3749  84  4  3316  3317  3332  3336  
3750  43  2  3332  3391  
3780  11  1  3316  
3800  65  2  3308  3333  
3803  9  1  3317  
3808  112  3  3308  3316  3362  
3811  41  2  3308  3391  
3813  17  1  3308  
3824  1  1  3304  
3848  11  1  3332  
3855  52  2  3316  3336  
3868  17  1  3317  
3870  38  2  3317  3362  
3871  9  1  3316  
3879  278  3  3307  3316  3362  
3881  5  1  3317  
3884  29  2  3317  3332  
3893  8  1  3332  
3898  12  1  3391  
3899  2  1  3307  
3917  4  1  3391  
3919  80  1  3307  
3921  50  2  3307  3333  
3922  1  1  3333  
3938  3  1  3332  
3975  15  1  3317  
3990  70  1  3308  
3994  202  4  3307  3308  3336  3362  
4001  36  1  3336  
4007  1  1  3317  
4008  22  1  3317  
4009  4  1  3317  
4010  1  1  3317  
4024  2  1  3336  
4035  153  1  3362  
4036  12  1  3308  
4049  1  1  3391  
4051  2  1  3336  
4058  15  1  3391  
4073  81  1  3316  
4090  16  1  3316  
4096  33  1  3316  
4113  27  1  3307  
4152  228  1  3316  
4169  114  2  3336  3362  
4175  19  1  3308  
4176  46  1  3304  
4187  96  1  3307  
4193  14  1  3308  
4196  57  2  3336  3362  
4198  59  2  3308  3316  
4220  121  3  3308  3316  3393  
4226  46  1  3362  
4230  1  1  3308  
4231  36  1  3336  
4256  34  1  3362  
4263  53  1  3304  
4288  73  1  3307  
4320  78  1  3362  
4337  34  2  3336  3362  
4384  169  4  3307  3316  3336  3362  
4422  31  1  3393  
4426  10  1  3316  
4427  214  2  3336  3362  
4436  13  1  3362  
4437  60  2  3304  3336  
4440  361  5  3304  3307  3316  3336  3362  
4464  19  1  3307  
4470  115  3  3304  3307  3316  
4485  139  1  3316  
4514  26  1  3393  
4531  271  3  3307  3316  3362  
4551  54  1  3316  
4552  127  2  3304  3307  
4555  33  1  3316  
4557  84  1  3336  
4565  18  1  3336  
4569  69  1  3307  
4571  54  1  3307  
4582  11  1  3316  
4583  51  2  3307  3362  
4586  16  1  3393  
4595  3  1  3336  
4596  24  1  3362  
4604  48  1  3316  
4606  41  2  3307  3316  
4608  122  1  3304  
4611  139  1  3316  
4612  101  1  3307  
4614  217  2  3304  3316  
4615  49  1  3316  
4619  68  1  3316  
4620  152  1  3307  
4623  211  2  3304  3307  
4624  312  1  3307  
4628  18  1  3307  
4646  8  1  3307  
4648  21  1  3304  
4672  44  1  3316  
4683  2  1  3362  
4684  59  2  3316  3362  
4685  75  1  3362  
4711  16  1  3307  
4715  61  1  3316  
4727  24  2  3307  3316  
4797  8  1  3316  
4836  17  1  3307  
4897  2  1  3316  
4901  389  3  3304  3307  3393  
4906  39  1  3304  
4908  243  2  3304  3307  
4911  14  1  3316  
4919  137  2  3307  3316  
4951  105  3  3304  3307  3316  
4962  30  1  3304  
4977  66  2  3307  3316  
5012  139  1  3316  
5045  49  1  3316  
5051  230  2  3304  3307  
5053  10  2  3307  3393  
5065  44  1  3316  
5080  45  1  3316  
5112  42  1  3304  
5129  191  2  3307  3316  
5130  3  1  3307  
5135  385  3  3304  3307  3393  
5136  2  1  3307  
5144  79  1  3393  
5145  41  1  3307  
5149  84  2  3307  3393  
5150  75  1  3304  
5152  61  2  3307  3316  
5155  98  1  3307  
5164  6  1  3316  
5182  92  2  3307  3316  
5191  50  1  3316  
5277  8  1  3307  
5294  81  1  3307  
5302  68  1  3304  
5317  17  1  3307  
5321  1  1  3316  
5325  80  1  3393  
5359  32  1  3307  
5479  18  1  3307  
5495  75  1  3307  
5502  10  1  3307  
5519  88  1  3307  
5521  76  1  3307  
5528  52  1  3393  
5546  190  2  3304  3307  
5563  108  2  3304  3393  
5582  81  1  3393  
5602  8  1  3307  
5670  13  1  3307  
5676  85  1  3393  
5678  22  1  3307  
5684  101  1  3304  
5692  4  1  3307  
5706  33  1  3304  
5730  1  1  3307  
5731  5  1  3307  
5732  2  1  3307  
5733  1  1  3307  
5734  10  1  3307  
5789  160  2  3304  3393  
5793  104  1  3393  
5794  93  2  3304  3393  
5798  135  2  3304  3393  
5831  29  1  3304  
5874  100  2  3304  3393  
6025  49  2  3304  3393  
6026  191  2  3304  3393  
6032  44  1  3304  
6037  29  1  3304  
6054  57  1  3393  
6095  19  1  3393  
6152  142  1  3393  
6175  123  1  3393  
6180  93  1  3393  
6185  18  1  3304  
6189  15  2  3304  3393  
6190  4  1  3393  
6262  2  1  3304  
6265  1  1  3304  
6266  14  2  3304  3393  
6267  3  1  3304  
