8  743  15  2101  2106  2138  2139  2142  2143  2149  2151  2155  2159  2170  2172  2188  2190  2191  
11  114  2  2149  2190  
17  187  3  2135  2149  2157  
21  309  9  2134  2138  2139  2151  2155  2163  2179  2183  2191  
24  102  1  2177  
28  15  1  2157  
33  227  4  2109  2138  2139  2188  
35  14  1  2191  
41  44  1  2155  
50  39  1  2135  
53  24  1  2134  
55  38  1  2155  
56  94  3  2155  2179  2183  
65  275  6  2118  2136  2138  2148  2163  2179  
66  109  1  2138  
81  122  1  2163  
82  195  1  2163  
84  29  1  2138  
85  72  1  2190  
107  89  2  2134  2149  
116  213  7  2101  2133  2163  2179  2183  2188  2190  
121  132  2  2102  2134  
122  80  5  2102  2133  2150  2174  2192  
136  94  2  2139  2151  
140  58  2  2151  2179  
146  61  1  2149  
163  123  10  2109  2118  2134  2135  2136  2148  2155  2157  2165  2191  
164  334  10  2138  2139  2143  2149  2151  2155  2157  2159  2188  2191  
169  63  1  2188  
171  54  1  2136  
173  79  2  2138  2139  
176  37  2  2102  2134  
204  100  2  2142  2185  
246  56  1  2134  
251  31  1  2177  
260  56  2  2133  2134  
272  71  1  2165  
273  35  2  2137  2138  
284  13  1  2101  
288  244  2  2135  2138  
290  142  6  2109  2134  2138  2139  2149  2155  
292  230  6  2109  2133  2136  2151  2183  2188  
293  321  6  2109  2133  2134  2151  2188  2191  
295  54  1  2192  
297  77  1  2151  
301  199  1  2179  
307  25  1  2157  
316  41  1  2139  
317  46  1  2177  
328  86  4  2134  2136  2137  2183  
337  18  1  2134  
350  117  1  2149  
355  37  1  2136  
361  45  2  2109  2135  
383  34  1  2177  
384  145  2  2134  2163  
408  157  3  2139  2143  2183  
431  732  8  2101  2135  2138  2159  2163  2165  2172  2174  
494  142  3  2101  2109  2191  
528  30  1  2188  
535  18  1  2183  
536  22  2  2155  2191  
548  214  3  2109  2134  2138  
578  150  2  2101  2138  
579  66  2  2138  2151  
591  32  5  2133  2155  2157  2159  2191  
594  98  4  2134  2142  2143  2149  
606  158  3  2135  2172  2188  
629  47  1  2143  
635  118  1  2138  
637  100  1  2177  
638  11  1  2134  
643  81  1  2151  
645  95  1  2191  
647  51  1  2133  
649  105  3  2102  2149  2188  
661  264  5  2106  2137  2143  2150  2183  
666  32  1  2134  
669  34  1  2149  
676  232  1  2188  
686  66  3  2135  2138  2190  
699  68  3  2106  2134  2183  
700  34  3  2106  2133  2138  
702  773  15  2102  2109  2118  2133  2135  2136  2138  2148  2163  2165  2172  2179  2183  2188  2190  
705  146  2  2134  2138  
719  224  10  2102  2109  2134  2136  2138  2148  2155  2157  2165  2188  
724  317  10  2118  2133  2137  2151  2155  2159  2163  2172  2188  2191  
729  60  1  2188  
732  16  1  2101  
739  90  1  2109  
746  272  12  2102  2109  2133  2134  2135  2138  2139  2163  2179  2183  2190  2191  
749  29  1  2149  
753  16  1  2133  
755  11  1  2179  
758  165  2  2102  2138  
759  249  12  2106  2133  2134  2136  2148  2150  2151  2157  2165  2179  2183  2191  
771  61  5  2134  2150  2177  2183  2188  
781  39  1  2134  
783  99  3  2109  2139  2185  
785  91  2  2138  2148  
793  97  2  2109  2134  
807  122  4  2109  2138  2172  2188  
829  119  5  2102  2118  2133  2157  2191  
838  3  1  2138  
864  80  1  2143  
866  30  1  2165  
867  5  1  2142  
869  110  5  2102  2106  2138  2143  2151  
872  8  1  2133  
877  42  1  2151  
895  36  2  2101  2138  
903  47  1  2148  
907  77  4  2133  2138  2151  2157  
909  292  10  2102  2109  2133  2134  2135  2136  2138  2148  2165  2179  
914  238  7  2134  2135  2138  2139  2151  2155  2192  
915  45  1  2138  
917  297  13  2134  2135  2139  2142  2143  2149  2155  2157  2163  2165  2179  2183  2191  
918  30  1  2188  
920  60  2  2138  2142  
926  138  2  2135  2151  
929  44  1  2138  
943  41  1  2190  
950  19  1  2149  
951  39  1  2138  
954  12  2  2151  2159  
955  86  3  2134  2148  2149  
972  196  4  2134  2138  2149  2151  
977  156  5  2133  2138  2139  2143  2151  
978  29  1  2188  
979  16  1  2143  
980  7  1  2138  
981  5  1  2149  
988  74  1  2163  
1008  88  4  2134  2138  2174  2188  
1009  305  8  2106  2109  2133  2142  2148  2151  2183  2191  
1022  60  2  2134  2163  
1032  62  2  2157  2159  
1037  57  2  2102  2163  
1038  399  5  2101  2137  2138  2143  2172  
1040  115  2  2133  2134  
1041  135  4  2138  2150  2163  2179  
1046  48  3  2138  2155  2188  
1054  472  15  2109  2133  2134  2135  2138  2139  2142  2143  2151  2155  2159  2163  2177  2188  2191  
1064  39  1  2191  
1065  13  2  2138  2150  
1066  599  20  2101  2102  2109  2133  2134  2135  2138  2143  2148  2151  2155  2157  2163  2170  2172  2179  2183  2184  2188  2190  
1067  158  2  2133  2134  
1069  29  1  2174  
1084  79  3  2133  2150  2183  
1093  31  1  2138  
1100  107  5  2109  2133  2150  2179  2183  
1103  22  1  2165  
1104  61  2  2136  2172  
1107  26  1  2134  
1110  218  5  2109  2133  2135  2155  2172  
1111  79  1  2138  
1112  4  1  2134  
1115  65  2  2134  2165  
1120  77  3  2102  2135  2165  
1129  33  1  2143  
1135  103  2  2138  2148  
1146  77  2  2135  2138  
1147  21  1  2138  
1150  51  1  2188  
1156  45  1  2148  
1162  61  1  2179  
1174  124  4  2151  2155  2179  2191  
1177  8  1  2150  
1183  34  1  2109  
1185  33  1  2106  
1189  76  3  2109  2133  2134  
1197  290  10  2102  2106  2109  2133  2134  2135  2136  2148  2174  2179  
1198  20  1  2183  
1211  181  3  2118  2133  2138  
1227  62  2  2133  2139  
1240  117  2  2133  2185  
1243  30  1  2163  
1247  91  2  2138  2179  
1248  18  1  2163  
1255  40  2  2102  2135  
1256  33  1  2136  
1261  462  8  2118  2133  2134  2136  2148  2163  2177  2183  
1265  14  1  2179  
1268  52  2  2179  2185  
1272  35  1  2134  
1277  32  4  2109  2133  2134  2136  
1282  199  8  2109  2133  2138  2139  2143  2151  2165  2191  
1301  13  1  2118  
1303  41  5  2106  2109  2134  2148  2174  
1308  52  2  2165  2179  
1312  183  4  2102  2135  2138  2143  
1325  41  1  2157  
1341  5  1  2179  
1346  48  1  2138  
1349  8  1  2134  
1350  24  2  2138  2139  
1354  156  4  2138  2163  2172  2188  
1357  91  2  2101  2183  
1368  117  3  2136  2148  2165  
1370  64  2  2133  2155  
1372  157  4  2133  2138  2151  2190  
1376  210  4  2109  2135  2138  2188  
1377  28  1  2109  
1380  48  1  2134  
1381  38  1  2102  
1386  41  1  2143  
1400  99  5  2109  2138  2151  2183  2191  
1401  139  5  2109  2138  2139  2149  2155  
1416  68  1  2101  
1421  244  6  2143  2157  2163  2172  2190  2191  
1427  587  23  2102  2106  2109  2118  2133  2134  2135  2137  2138  2139  2143  2148  2149  2151  2157  2159  2163  2165  2174  2179  2183  2190  2191  
1428  42  2  2101  2138  
1430  81  2  2134  2163  
1431  20  1  2134  
1439  1  1  2143  
1442  8  2  2139  2191  
1443  46  2  2138  2179  
1446  4  1  2191  
1447  24  1  2157  
1458  87  2  2109  2134  
1460  102  4  2139  2165  2179  2191  
1468  114  1  2183  
1470  29  2  2136  2138  
1476  16  1  2142  
1481  355  17  2102  2109  2133  2134  2136  2138  2139  2143  2149  2151  2155  2157  2159  2163  2165  2179  2191  
1487  73  3  2109  2138  2157  
1488  162  1  2159  
1494  80  4  2133  2138  2139  2151  
1495  50  2  2138  2185  
1496  39  3  2134  2151  2155  
1515  48  1  2142  
1517  5  1  2149  
1529  9  1  2109  
1532  66  1  2138  
1538  55  1  2138  
1541  18  1  2106  
1554  9  1  2133  
1561  50  2  2134  2138  
1567  70  2  2138  2190  
1570  93  3  2133  2150  2174  
1571  112  4  2133  2138  2163  2188  
1574  47  3  2133  2134  2183  
1576  34  2  2170  2179  
1580  9  1  2138  
1586  96  3  2138  2149  2188  
1588  10  1  2101  
1597  19  1  2157  
1598  45  5  2134  2138  2149  2157  2191  
1601  42  1  2172  
1602  55  2  2138  2163  
1609  9  1  2133  
1617  68  2  2139  2148  
1621  23  1  2155  
1623  89  2  2142  2191  
1633  27  2  2102  2155  
1634  97  3  2138  2150  2188  
1636  67  1  2179  
1639  141  6  2106  2139  2143  2149  2151  2157  
1648  57  1  2133  
1658  26  3  2109  2135  2183  
1659  44  3  2102  2135  2172  
1670  8  1  2163  
1671  129  4  2109  2138  2183  2191  
1674  43  2  2142  2179  
1677  105  1  2134  
1680  90  8  2102  2109  2133  2134  2138  2143  2148  2174  
1683  49  1  2188  
1694  73  3  2109  2133  2134  
1696  28  1  2179  
1705  47  2  2135  2163  
1706  16  1  2138  
1712  8  1  2118  
1738  44  1  2133  
1741  36  5  2134  2139  2149  2151  2159  
1749  51  3  2135  2155  2157  
1759  9  1  2143  
1765  33  1  2163  
1768  20  1  2133  
1769  112  3  2102  2155  2191  
1772  204  9  2106  2133  2134  2136  2165  2172  2179  2183  2188  
1775  22  1  2138  
1789  5  1  2134  
1795  15  1  2138  
1796  14  2  2185  2192  
1798  29  2  2109  2135  
1801  1  1  2150  
1806  5  1  2163  
1809  13  1  2183  
1812  31  1  2179  
1817  181  9  2102  2109  2134  2135  2136  2148  2165  2179  2190  
1821  34  6  2139  2142  2149  2151  2170  2191  
1824  47  4  2139  2148  2151  2183  
1829  56  2  2134  2138  
1834  36  1  2135  
1835  66  2  2133  2183  
1841  88  1  2142  
1845  63  3  2118  2136  2148  
1850  63  2  2109  2138  
1857  13  1  2179  
1878  5  2  2151  2159  
1886  4  1  2133  
1898  121  11  2109  2133  2136  2138  2139  2143  2149  2151  2159  2188  2191  
1901  50  2  2138  2191  
1905  17  1  2149  
1908  121  2  2133  2134  
1915  2  1  2133  
1917  28  2  2133  2142  
1923  8  1  2138  
1925  55  1  2134  
1930  22  3  2102  2157  2191  
1933  45  2  2134  2138  
1939  47  2  2159  2163  
1944  39  1  2134  
1947  23  2  2172  2183  
1948  113  8  2134  2135  2138  2142  2148  2155  2188  2191  
1950  122  8  2102  2118  2134  2136  2138  2139  2143  2159  
1956  44  1  2138  
1957  8  1  2183  
1960  129  10  2133  2134  2139  2142  2150  2151  2155  2159  2183  2191  
1961  14  1  2138  
1962  146  7  2101  2133  2134  2135  2138  2183  2188  
1970  23  1  2138  
1971  145  7  2101  2109  2134  2138  2165  2172  2183  
1981  41  4  2106  2139  2170  2185  
1984  26  2  2138  2179  
1991  32  3  2106  2133  2139  
1996  65  3  2138  2142  2149  
1998  17  1  2133  
2008  61  1  2183  
2028  14  1  2150  
2029  31  1  2148  
2044  34  2  2134  2138  
2046  4  1  2183  
2048  143  5  2101  2136  2138  2165  2179  
2049  49  1  2183  
2050  66  4  2106  2142  2150  2174  
2052  36  3  2142  2155  2191  
2055  75  3  2134  2136  2165  
2056  241  6  2101  2102  2109  2135  2138  2188  
2059  108  6  2133  2136  2138  2151  2165  2170  
2064  8  1  2134  
2066  38  2  2133  2148  
2068  25  1  2142  
2072  31  5  2102  2134  2143  2159  2191  
2073  247  7  2106  2118  2133  2139  2150  2151  2183  
2074  49  1  2188  
2075  95  1  2138  
2080  58  3  2138  2188  2191  
2087  31  1  2191  
2089  48  4  2118  2139  2142  2191  
2091  8  1  2163  
2100  1  1  2102  
2101  14  2  2102  2172  
2102  120  3  2101  2109  2135  
2109  164  4  2102  2138  2143  2148  
2110  48  2  2101  2138  
2111  67  2  2133  2138  
2115  1  1  2116  
2130  3  1  2136  
2133  19  2  2101  2159  
2134  111  2  2109  2177  
2137  252  15  2101  2102  2109  2118  2135  2136  2138  2139  2148  2149  2151  2157  2159  2165  2190  
2138  215  9  2109  2133  2135  2139  2142  2151  2155  2159  2191  
2140  2  1  2143  
2141  2  1  2143  
2142  36  1  2143  
2144  1  1  2149  
2145  1  1  2149  
2146  1  1  2149  
2147  1  1  2149  
2148  6  1  2134  
2150  4  1  2151  
2152  5  1  2155  
2153  7  1  2155  
2154  1  1  2155  
2158  2  1  2159  
2165  57  3  2101  2135  2138  
2169  1  1  2170  
2172  14  1  2102  
2173  77  3  2109  2138  2191  
2177  189  2  2163  2172  
2179  124  4  2134  2135  2163  2183  
2186  45  1  2138  
2188  71  2  2109  2134  
2190  72  4  2138  2163  2179  2191  
2193  66  1  2163  
2199  4  1  2142  
2204  62  2  2109  2137  
2212  2  1  2165  
2216  141  4  2102  2118  2136  2183  
2221  37  2  2134  2183  
2233  2  1  2134  
2236  35  1  2150  
2244  6  1  2190  
2271  75  3  2133  2134  2183  
2272  103  3  2133  2179  2183  
2273  142  7  2106  2109  2133  2138  2150  2179  2183  
2275  35  1  2134  
2279  7  1  2177  
2283  324  9  2101  2109  2134  2136  2138  2172  2179  2183  2190  
2285  21  1  2138  
2294  38  1  2109  
2299  30  2  2109  2134  
2301  100  7  2109  2134  2138  2148  2163  2172  2188  
2303  46  1  2134  
2304  69  5  2133  2135  2136  2165  2183  
2305  13  1  2134  
2306  11  1  2150  
2307  68  3  2106  2138  2179  
2329  47  3  2137  2163  2188  
2334  37  1  2134  
2335  93  5  2102  2109  2134  2138  2165  
2337  11  1  2138  
2339  34  4  2109  2133  2148  2150  
2340  105  5  2102  2109  2136  2138  2179  
2342  70  2  2134  2179  
2343  26  1  2179  
2346  12  1  2133  
2348  77  3  2133  2134  2150  
2350  82  4  2101  2102  2135  2165  
2351  180  3  2134  2135  2150  
2355  50  1  2135  
2356  893  19  2101  2102  2109  2118  2133  2134  2135  2136  2138  2148  2163  2165  2172  2177  2179  2183  2188  2190  2192  
2357  32  1  2163  
2360  5  1  2106  
2367  146  5  2135  2148  2163  2183  2188  
2369  12  1  2134  
2376  60  2  2138  2148  
2381  13  1  2183  
2382  32  3  2106  2133  2138  
2383  45  1  2133  
2384  49  2  2138  2163  
2391  64  2  2134  2188  
2394  14  2  2133  2174  
2397  7  1  2134  
2398  29  2  2134  2183  
2403  22  1  2134  
2404  53  1  2183  
2405  46  2  2138  2179  
2406  24  1  2106  
2408  108  2  2135  2183  
2431  39  1  2174  
2433  1  1  2173  
2436  269  8  2101  2102  2133  2135  2138  2148  2183  2190  
2438  113  3  2138  2163  2179  
2439  104  4  2109  2118  2135  2179  
2440  49  2  2137  2179  
2442  44  2  2109  2135  
2443  307  5  2102  2109  2135  2137  2172  
2445  164  6  2134  2135  2136  2138  2165  2188  
2450  6  1  2133  
2451  126  1  2136  
2455  1  1  2106  
2456  13  2  2106  2174  
2457  1  1  2106  
2458  103  5  2102  2109  2135  2165  2179  
2460  7  1  2174  
2466  13  2  2133  2134  
2469  156  6  2102  2109  2136  2138  2148  2165  
2470  13  1  2148  
2471  618  17  2101  2102  2109  2118  2135  2136  2137  2138  2148  2163  2165  2172  2177  2179  2188  2190  2192  
2472  38  1  2136  
2473  26  2  2136  2165  
2474  44  2  2135  2138  
2475  19  2  2136  2148  
2476  149  8  2101  2102  2109  2135  2138  2163  2179  2188  
2478  7  1  2136  
2479  64  4  2136  2138  2163  2165  
2480  45  3  2134  2137  2138  
2481  15  3  2109  2136  2165  
2482  74  2  2136  2137  
2483  168  7  2102  2109  2135  2136  2138  2148  2190  
2484  19  3  2136  2165  2179  
2485  80  3  2134  2148  2188  
2486  61  5  2102  2109  2136  2148  2165  
2487  75  5  2135  2136  2165  2179  2183  
2489  18  1  2136  
2490  103  7  2101  2136  2138  2148  2165  2172  2190  
2493  13  1  2118  
2494  200  10  2101  2102  2109  2118  2135  2136  2138  2148  2165  2190  
2499  21  1  2138  
2506  33  3  2101  2109  2138  
2520  25  2  2138  2150  
2521  79  3  2101  2102  2138  
2540  40  2  2134  2183  
2546  46  2  2134  2138  
2547  35  2  2109  2138  
2562  173  4  2109  2133  2135  2137  
2563  15  2  2109  2183  
2564  18  1  2183  
2572  9  1  2163  
2582  11  2  2133  2134  
2587  43  3  2133  2134  2163  
2594  6  1  2134  
2595  39  2  2138  2188  
2596  50  1  2134  
2597  7  1  2179  
2600  21  1  2102  
2602  14  1  2183  
2604  124  5  2102  2109  2135  2138  2165  
2613  44  1  2165  
2620  139  2  2118  2138  
2632  282  11  2102  2109  2134  2136  2138  2172  2177  2179  2188  2190  2192  
2633  87  1  2134  
2641  28  1  2134  
2643  5  1  2134  
2655  2  1  2109  
2661  18  1  2134  
2666  57  1  2190  
2668  33  3  2136  2165  2179  
2669  11  1  2183  
2673  3  1  2183  
2677  35  3  2118  2138  2183  
2678  2  1  2183  
2685  62  1  2138  
2691  123  5  2102  2109  2135  2136  2148  
2697  26  1  2179  
2699  13  1  2134  
2700  19  1  2109  
2702  10  2  2148  2179  
2707  47  2  2134  2138  
2712  70  1  2190  
2715  238  11  2102  2109  2136  2137  2138  2163  2165  2172  2179  2188  2190  
2716  55  1  2109  
2720  357  4  2138  2172  2177  2188  
2729  44  1  2138  
2733  3  1  2179  
2734  9  1  2179  
2735  55  1  2138  
2736  10  1  2179  
2742  10  2  2134  2135  
2744  3  1  2134  
2745  7  1  2134  
2746  43  1  2134  
2747  7  1  2134  
2748  5  2  2134  2172  
2749  1  1  2134  
2750  3  1  2134  
2751  28  2  2109  2134  
2752  31  4  2134  2136  2165  2179  
2753  15  1  2134  
2754  1  1  2134  
2755  51  4  2102  2109  2134  2138  
2756  123  5  2109  2135  2136  2137  2165  
2761  44  1  2138  
2766  52  4  2136  2138  2165  2179  
2767  7  1  2136  
2770  52  1  2118  
2772  175  7  2118  2135  2138  2148  2163  2179  2190  
2774  189  4  2109  2137  2138  2179  
2777  50  1  2179  
2778  216  5  2101  2102  2137  2138  2163  
2779  45  5  2101  2102  2109  2138  2179  
2780  38  1  2138  
2785  14  1  2138  
2787  14  1  2179  
2801  44  1  2102  
2803  32  2  2138  2179  
2806  42  1  2179  
2812  25  3  2136  2165  2179  
2813  34  1  2172  
2826  8  2  2163  2179  
2829  12  1  2179  
2831  81  1  2177  
2834  37  1  2179  
2837  37  1  2179  
2845  10  1  2109  
2848  21  3  2138  2177  2188  
2860  16  1  2136  
2877  88  6  2102  2118  2135  2148  2165  2179  
2878  18  1  2138  
2881  26  2  2109  2138  
2899  79  2  2101  2138  
2902  13  1  2179  
2903  7  1  2179  
2904  1  1  2179  
2905  41  1  2179  
2906  6  1  2179  
2907  24  4  2102  2109  2135  2138  
2915  20  1  2138  
2917  10  1  2163  
2918  68  1  2163  
2919  56  2  2109  2136  
2926  13  1  2148  
2935  6  1  2190  
2936  41  1  2102  
2952  13  1  2138  
2964  28  2  2152  2188  
2978  37  2  2135  2148  
2981  19  1  2172  
2983  95  2  2138  2165  
2987  9  1  2109  
3001  79  2  2109  2138  
3011  36  2  2102  2136  
3012  58  4  2102  2137  2138  2165  
3017  51  2  2148  2165  
3024  31  2  2109  2148  
3029  18  1  2165  
3032  5  1  2138  
3036  15  1  2138  
3040  18  1  2136  
3041  1  1  2136  
3042  2  1  2136  
3044  6  2  2102  2165  
3045  18  1  2165  
3048  15  1  2102  
3058  35  1  2109  
3064  273  10  2101  2109  2135  2137  2138  2148  2163  2177  2188  2190  
3073  2  1  2148  
3076  63  2  2138  2172  
3082  12  1  2138  
3084  43  2  2102  2138  
3086  4  1  2109  
3087  41  2  2109  2190  
3088  19  2  2102  2109  
3089  42  4  2102  2109  2135  2138  
3090  180  2  2102  2109  
3091  1  1  2109  
3092  2  1  2109  
3093  3  1  2109  
3094  1  1  2109  
3098  60  2  2148  2172  
3100  33  1  2135  
3102  156  4  2135  2137  2138  2188  
3110  122  4  2135  2172  2177  2188  
3112  89  2  2102  2135  
3122  30  1  2163  
3131  9  1  2148  
3132  1  1  2148  
3133  4  1  2190  
3137  88  2  2102  2135  
3140  20  1  2138  
3142  21  1  2188  
3144  271  5  2137  2138  2163  2172  2177  
3146  314  3  2163  2177  2188  
3148  98  2  2101  2137  
3149  131  3  2138  2163  2188  
3150  319  5  2137  2163  2172  2177  2188  
3151  148  3  2101  2138  2190  
3152  68  2  2137  2172  
3153  241  7  2101  2138  2163  2172  2177  2188  2192  
3154  166  5  2101  2137  2172  2177  2188  
3157  22  1  2137  
3158  101  1  2137  
3159  54  2  2137  2163  
3165  3  1  2135  
3174  102  3  2138  2172  2177  
3176  17  2  2102  2135  
3177  24  1  2135  
3181  16  1  2138  
3191  114  3  2102  2137  2188  
3196  11  1  2138  
3200  9  1  2138  
3206  48  1  2138  
3208  29  1  2138  
3209  71  3  2138  2172  2190  
3210  28  1  2135  
3218  1  1  2102  
3219  5  1  2102  
3226  81  1  2118  
3239  14  2  2135  2138  
3245  40  1  2138  
3250  18  2  2135  2190  
3251  147  2  2138  2190  
3253  45  1  2138  
3265  15  1  2135  
3270  26  1  2163  
3271  2  1  2190  
3274  13  1  2138  
3275  4  1  2163  
3278  52  2  2135  2177  
3284  24  1  2138  
3287  22  1  2135  
3289  205  3  2138  2172  2188  
3290  144  3  2118  2138  2188  
3304  91  4  2138  2172  2177  2188  
3306  48  1  2190  
3308  63  2  2101  2138  
3314  212  3  2118  2137  2138  
3316  44  1  2163  
3317  40  2  2101  2138  
3325  2  1  2135  
3326  1  1  2135  
3327  9  1  2135  
3330  39  1  2138  
3331  38  2  2101  2118  
3332  87  1  2101  
3333  36  1  2138  
3338  144  4  2118  2137  2138  2177  
3353  75  1  2138  
3357  3  1  2190  
3359  4  1  2101  
3362  95  1  2101  
3383  15  1  2190  
3391  93  2  2101  2138  
3396  11  1  2138  
3408  30  2  2101  2163  
3412  15  1  2138  
3442  99  1  2163  
3443  232  4  2137  2138  2163  2177  
3447  46  1  2163  
3449  113  2  2172  2188  
3451  23  1  2138  
3466  94  2  2101  2188  
3483  35  1  2163  
3486  5  1  2138  
3498  82  2  2138  2172  
3507  5  1  2190  
3509  5  1  2190  
3510  15  2  2138  2190  
3530  1  1  2118  
3531  1  1  2118  
3532  9  1  2118  
3536  43  1  2137  
3539  2  1  2101  
3548  42  1  2138  
3549  29  1  2138  
3560  2  1  2138  
3578  30  1  2190  
3583  85  1  2172  
3592  89  1  2138  
3596  90  2  2138  2163  
3599  33  1  2138  
3601  145  3  2163  2172  2177  
3605  2  1  2138  
3622  28  1  2101  
3631  21  1  2177  
3634  2  1  2190  
3636  6  1  2138  
3648  147  2  2172  2190  
3651  9  1  2190  
3653  68  2  2163  2188  
3654  21  1  2190  
3656  89  1  2172  
3657  257  2  2172  2188  
3658  89  2  2137  2152  
3664  2  1  2190  
3674  131  2  2101  2138  
3679  111  2  2163  2172  
3681  29  1  2137  
3682  115  2  2188  2192  
3683  33  1  2138  
3685  86  2  2138  2188  
3686  77  4  2138  2163  2172  2188  
3704  155  3  2137  2163  2177  
3707  3  1  2163  
3718  3  1  2138  
3719  2  1  2138  
3720  1  1  2138  
3721  25  2  2101  2138  
3722  50  4  2101  2137  2138  2172  
3723  2  1  2138  
3724  2  1  2138  
3725  41  3  2138  2177  2188  
3726  9  1  2138  
3727  2  1  2138  
3728  2  1  2138  
3729  1  1  2138  
3730  1  1  2138  
3731  2  1  2138  
3732  2  1  2138  
3733  2  1  2138  
3734  26  1  2138  
3735  7  1  2138  
3736  64  2  2101  2138  
3737  1  1  2138  
3738  12  1  2138  
3739  5  1  2138  
3740  37  1  2138  
3741  1  1  2138  
3742  76  2  2138  2163  
3743  2  1  2138  
3744  1  1  2138  
3745  2  1  2138  
3746  6  2  2101  2138  
3747  2  1  2138  
3748  16  1  2138  
3749  84  2  2138  2188  
3750  43  2  2138  2188  
3751  1  1  2138  
3752  1  1  2138  
3800  65  2  2101  2137  
3801  53  1  2101  
3808  112  4  2163  2172  2177  2188  
3811  41  2  2163  2188  
3812  7  1  2137  
3820  3  1  2101  
3844  24  1  2101  
3868  17  1  2177  
3870  38  1  2163  
3879  278  1  2163  
3884  29  3  2101  2172  2188  
3906  40  1  2163  
3919  80  1  2163  
3921  50  1  2172  
3929  39  1  2163  
3961  1  1  2101  
3981  12  2  2172  2188  
3982  12  1  2192  
3994  202  2  2163  2172  
3995  18  1  2188  
4035  153  4  2163  2172  2188  2192  
4038  31  2  2163  2177  
4056  11  2  2172  2188  
4058  15  1  2137  
4064  14  2  2152  2177  
4073  81  2  2172  2188  
4083  100  1  2163  
4095  11  1  2172  
4096  33  1  2137  
4102  40  1  2163  
4109  5  1  2188  
4114  11  1  2137  
4152  228  1  2177  
4163  11  1  2137  
4169  114  2  2163  2192  
4192  20  1  2137  
4196  57  3  2163  2177  2188  
4198  59  1  2137  
4220  121  1  2172  
4225  62  1  2188  
4226  46  1  2163  
4231  36  1  2188  
4232  15  1  2177  
4248  38  2  2137  2172  
4256  34  3  2137  2163  2177  
4264  4  1  2163  
4269  13  1  2137  
4305  20  1  2172  
4309  28  2  2163  2172  
4315  101  2  2152  2172  
4320  78  1  2172  
4324  6  1  2163  
4334  24  1  2163  
4337  34  1  2188  
4350  30  1  2188  
4380  79  1  2172  
4384  169  3  2172  2177  2188  
4411  9  1  2188  
4422  31  1  2188  
4426  10  1  2172  
4427  214  4  2163  2172  2177  2188  
4437  60  2  2172  2177  
4440  361  2  2172  2188  
4448  23  2  2163  2172  
4449  3  1  2177  
4463  4  1  2192  
4473  28  2  2152  2177  
4474  27  1  2177  
4485  139  2  2163  2188  
4498  7  1  2172  
4506  11  1  2163  
4516  13  1  2192  
4521  2  1  2172  
4522  10  1  2172  
4523  5  1  2172  
4531  271  2  2177  2188  
4557  84  4  2163  2177  2188  2192  
4558  7  1  2188  
4564  13  2  2188  2192  
4565  18  1  2188  
4571  54  1  2192  
4583  51  1  2177  
4593  4  1  2177  
4614  217  1  2184  
4615  49  1  2163  
4624  312  1  2163  
4633  6  1  2163  
4648  21  1  2177  
4672  44  1  2163  
4685  75  1  2163  
4711  16  1  2163  
4733  16  1  2163  
4747  30  1  2163  
4748  2  1  2163  
4749  3  1  2163  
4750  1  1  2163  
4751  1  1  2163  
4752  2  1  2163  
4753  1  1  2163  
4814  48  1  2184  
