3  302  2  1716  1719  
4  24  1  1769  
6  81  1  1710  
8  743  20  1701  1705  1706  1707  1710  1712  1713  1714  1716  1719  1733  1737  1741  1746  1753  1755  1759  1769  1770  1777  
11  114  4  1701  1710  1719  1777  
17  187  3  1710  1714  1769  
21  309  8  1701  1710  1713  1733  1746  1753  1755  1777  
33  227  3  1701  1706  1710  
39  89  1  1755  
41  44  4  1710  1712  1769  1770  
44  146  3  1710  1714  1737  
45  21  1  1719  
56  94  3  1701  1746  1768  
65  275  2  1710  1769  
66  109  3  1714  1765  1768  
67  164  2  1701  1706  
69  69  1  1777  
70  31  3  1716  1719  1737  
81  122  3  1710  1712  1714  
82  195  2  1705  1710  
104  95  1  1701  
107  89  2  1701  1710  
120  25  1  1710  
121  132  1  1768  
122  80  6  1701  1710  1741  1746  1768  1797  
125  29  2  1716  1719  
129  99  2  1746  1768  
131  72  1  1701  
136  94  1  1746  
158  93  1  1785  
163  123  1  1769  
164  334  8  1701  1706  1707  1710  1733  1753  1755  1759  
169  63  1  1746  
171  54  1  1713  
173  79  2  1719  1769  
180  13  3  1701  1710  1746  
192  31  2  1701  1710  
204  100  4  1701  1706  1707  1755  
210  4  1  1769  
218  50  3  1710  1716  1719  
219  23  2  1701  1710  
224  41  1  1710  
231  4  1  1770  
242  86  1  1746  
246  56  2  1701  1710  
251  31  1  1713  
260  56  2  1741  1768  
263  76  1  1710  
267  6  1  1737  
272  71  4  1746  1759  1768  1777  
286  79  7  1713  1714  1719  1737  1755  1777  1797  
288  244  1  1785  
290  142  2  1705  1710  
292  230  4  1701  1741  1753  1755  
293  321  8  1705  1706  1716  1719  1737  1741  1746  1769  
294  227  3  1701  1710  1746  
295  54  2  1714  1768  
297  77  1  1741  
299  140  1  1746  
301  199  3  1701  1759  1769  
306  14  1  1701  
310  13  1  1719  
321  80  1  1710  
328  86  1  1765  
329  8  4  1701  1710  1770  1797  
372  42  1  1769  
384  145  8  1713  1714  1737  1746  1755  1759  1768  1777  
389  21  1  1769  
401  79  2  1712  1746  
408  157  5  1701  1713  1741  1746  1777  
431  732  12  1701  1706  1707  1710  1714  1733  1737  1741  1746  1759  1765  1768  
440  10  1  1710  
494  142  10  1701  1705  1707  1713  1737  1746  1753  1759  1777  1785  
501  22  1  1710  
502  6  1  1701  
503  3  1  1710  
504  121  7  1701  1710  1713  1746  1759  1769  1777  
531  26  1  1714  
536  22  1  1701  
548  214  6  1701  1705  1710  1737  1769  1777  
572  31  1  1710  
577  55  1  1714  
578  150  1  1701  
579  66  2  1716  1719  
587  46  1  1769  
589  16  1  1769  
607  13  1  1719  
610  19  1  1777  
626  83  6  1701  1707  1716  1719  1746  1755  
629  47  2  1714  1719  
631  24  2  1705  1741  
635  118  3  1701  1710  1753  
637  100  1  1737  
643  81  1  1755  
645  95  3  1719  1737  1769  
646  123  2  1701  1710  
647  51  1  1741  
651  19  2  1710  1777  
661  264  5  1705  1707  1714  1719  1768  
663  4  1  1785  
666  32  3  1701  1716  1719  
676  232  1  1720  
695  77  2  1701  1710  
698  50  2  1716  1719  
699  68  1  1777  
702  773  9  1701  1705  1713  1741  1746  1765  1768  1769  1785  
705  146  3  1701  1737  1769  
719  224  7  1701  1707  1710  1713  1719  1768  1769  
723  113  1  1714  
724  317  3  1710  1741  1770  
725  41  1  1737  
737  6  1  1707  
739  90  4  1701  1705  1710  1737  
744  3  1  1719  
746  272  8  1701  1705  1741  1746  1759  1765  1769  1777  
753  16  2  1701  1768  
755  11  1  1759  
759  249  8  1701  1707  1733  1746  1759  1768  1769  1777  
763  12  3  1710  1713  1777  
766  26  2  1706  1753  
772  30  1  1714  
774  45  1  1714  
783  99  3  1706  1716  1719  
787  13  1  1701  
789  16  1  1714  
793  97  1  1710  
798  38  1  1746  
799  59  2  1714  1769  
800  29  1  1712  
807  122  1  1769  
822  26  1  1753  
829  119  9  1701  1705  1707  1710  1712  1716  1719  1768  1770  
833  9  1  1707  
843  17  1  1777  
847  149  8  1701  1707  1710  1712  1714  1733  1746  1777  
852  21  2  1716  1719  
857  18  3  1701  1710  1719  
859  22  2  1714  1755  
861  46  2  1741  1769  
864  80  2  1714  1746  
869  110  2  1705  1741  
875  34  3  1707  1716  1719  
880  12  1  1701  
882  16  1  1705  
891  11  1  1746  
892  72  3  1707  1770  1797  
896  11  1  1769  
899  65  3  1705  1716  1719  
907  77  3  1701  1716  1719  
909  292  2  1701  1769  
914  238  9  1701  1705  1706  1733  1741  1753  1755  1759  1769  
915  45  1  1714  
917  297  4  1705  1706  1741  1769  
920  60  1  1768  
923  18  1  1733  
926  138  5  1706  1712  1746  1770  1797  
929  44  4  1713  1746  1770  1777  
950  19  2  1701  1741  
955  86  1  1768  
960  41  1  1701  
968  44  3  1710  1770  1777  
972  196  5  1707  1712  1719  1768  1785  
977  156  5  1706  1713  1741  1746  1753  
978  29  1  1753  
980  7  2  1707  1712  
988  74  4  1701  1713  1746  1777  
992  5  2  1701  1710  
994  4  1  1755  
997  4  1  1701  
1001  8  2  1701  1710  
1004  2  1  1701  
1005  2  1  1701  
1006  10  2  1701  1710  
1008  88  1  1769  
1009  305  7  1705  1706  1710  1714  1741  1746  1769  
1010  8  2  1701  1710  
1013  15  3  1701  1710  1755  
1014  9  1  1701  
1022  60  3  1701  1710  1777  
1024  6  1  1710  
1029  20  1  1741  
1030  37  1  1769  
1032  62  1  1701  
1033  13  1  1714  
1034  62  1  1716  
1037  57  2  1719  1755  
1038  399  1  1714  
1040  115  3  1705  1713  1768  
1041  135  5  1701  1713  1755  1759  1769  
1047  14  1  1741  
1054  472  7  1701  1705  1706  1741  1746  1768  1769  
1064  39  1  1768  
1066  599  11  1701  1705  1707  1710  1712  1733  1737  1741  1753  1769  1770  
1067  158  7  1701  1714  1716  1719  1741  1746  1770  
1069  29  1  1705  
1084  79  2  1701  1710  
1085  43  6  1701  1707  1710  1714  1716  1719  
1096  9  1  1719  
1100  107  1  1769  
1102  66  6  1705  1716  1719  1746  1769  1777  
1103  22  1  1710  
1110  218  7  1706  1710  1733  1746  1755  1759  1769  
1111  79  2  1701  1707  
1115  65  4  1705  1714  1733  1769  
1120  77  4  1705  1713  1741  1777  
1129  33  3  1733  1746  1759  
1135  103  3  1705  1746  1768  
1146  77  1  1705  
1150  51  3  1701  1705  1737  
1158  8  1  1714  
1162  61  1  1759  
1173  69  2  1746  1768  
1174  124  1  1705  
1176  10  2  1741  1746  
1178  20  1  1714  
1180  65  2  1753  1755  
1185  33  2  1701  1710  
1189  76  2  1705  1768  
1191  5  1  1710  
1197  290  4  1765  1768  1769  1785  
1207  6  2  1701  1759  
1208  7  2  1701  1759  
1211  181  8  1707  1710  1733  1741  1746  1768  1769  1777  
1218  6  1  1746  
1227  62  3  1706  1716  1719  
1240  117  9  1701  1707  1710  1713  1714  1737  1753  1755  1759  
1242  121  9  1701  1707  1713  1714  1719  1746  1759  1770  1777  
1243  30  1  1706  
1246  20  2  1701  1710  
1247  91  1  1714  
1248  18  2  1701  1710  
1250  22  1  1719  
1256  33  5  1701  1710  1714  1746  1777  
1261  462  9  1705  1707  1710  1713  1720  1741  1755  1768  1769  
1264  33  1  1701  
1268  52  1  1759  
1271  37  1  1705  
1273  61  7  1701  1706  1713  1746  1753  1755  1777  
1282  199  10  1701  1705  1706  1707  1713  1714  1733  1753  1755  1777  
1287  3  1  1707  
1307  8  1  1719  
1308  52  2  1769  1777  
1312  183  10  1706  1707  1713  1714  1733  1746  1753  1755  1769  1777  
1326  20  1  1719  
1346  48  5  1701  1707  1719  1769  1770  
1347  26  1  1746  
1354  156  3  1712  1746  1768  
1355  72  2  1733  1737  
1357  91  6  1701  1710  1714  1733  1746  1769  
1361  44  6  1701  1707  1714  1746  1753  1759  
1363  26  2  1746  1755  
1364  52  4  1701  1707  1714  1746  
1368  117  8  1705  1710  1712  1713  1746  1753  1755  1759  
1370  64  4  1705  1710  1712  1746  
1372  157  11  1705  1713  1733  1741  1746  1753  1755  1759  1768  1769  1777  
1375  10  1  1746  
1376  210  10  1701  1705  1707  1714  1733  1737  1746  1755  1759  1769  
1381  38  2  1716  1719  
1385  4  1  1746  
1386  41  2  1707  1733  
1400  99  4  1701  1741  1746  1769  
1401  139  5  1701  1712  1733  1746  1755  
1409  11  1  1714  
1416  68  1  1769  
1417  81  5  1710  1713  1746  1768  1785  
1421  244  6  1701  1710  1714  1746  1769  1770  
1427  587  14  1701  1705  1707  1712  1713  1714  1733  1741  1746  1755  1759  1768  1769  1777  
1430  81  6  1701  1707  1713  1733  1746  1759  
1433  79  8  1701  1705  1716  1719  1746  1753  1755  1759  
1441  27  1  1746  
1443  46  4  1705  1710  1755  1759  
1458  87  2  1701  1769  
1460  102  6  1705  1710  1712  1713  1741  1755  
1468  114  9  1710  1713  1714  1733  1741  1746  1753  1755  1769  
1479  3  1  1777  
1481  355  14  1701  1705  1706  1710  1712  1713  1741  1746  1753  1755  1759  1768  1769  1777  
1483  12  1  1755  
1486  15  1  1755  
1487  73  7  1701  1706  1712  1714  1746  1755  1769  
1488  162  13  1707  1710  1712  1713  1714  1719  1733  1746  1753  1755  1759  1770  1777  
1494  80  6  1701  1713  1733  1741  1753  1769  
1495  50  2  1746  1785  
1496  39  1  1746  
1500  12  2  1713  1714  
1511  36  1  1713  
1515  48  2  1701  1714  
1532  66  1  1714  
1533  6  1  1755  
1535  3  1  1741  
1538  55  3  1707  1712  1714  
1541  18  1  1705  
1561  50  3  1701  1759  1769  
1566  4  1  1746  
1567  70  6  1701  1707  1710  1714  1733  1785  
1570  93  3  1705  1746  1768  
1571  112  3  1705  1741  1769  
1574  47  2  1741  1769  
1576  34  1  1741  
1580  9  1  1710  
1585  6  1  1770  
1586  96  3  1710  1713  1768  
1597  19  3  1712  1741  1746  
1598  45  1  1714  
1600  18  2  1746  1759  
1602  55  2  1746  1768  
1610  6  2  1714  1753  
1614  7  2  1706  1746  
1617  68  2  1768  1769  
1621  23  2  1746  1768  
1623  89  8  1701  1707  1714  1741  1753  1755  1759  1768  
1624  16  4  1707  1710  1712  1770  
1632  4  1  1707  
1633  27  1  1701  
1634  97  4  1705  1765  1768  1769  
1639  141  12  1701  1705  1714  1716  1719  1733  1737  1741  1746  1755  1768  1777  
1644  8  2  1737  1770  
1648  57  2  1755  1768  
1653  11  1  1770  
1656  31  7  1701  1712  1713  1716  1719  1759  1770  
1658  26  2  1705  1769  
1659  44  1  1769  
1664  20  3  1701  1713  1759  
1666  19  2  1701  1769  
1668  2  1  1746  
1671  129  4  1705  1741  1769  1777  
1672  2  1  1714  
1675  4  2  1701  1710  
1676  41  1  1701  
1677  105  1  1769  
1680  90  3  1741  1768  1769  
1682  11  4  1733  1746  1755  1759  
1683  49  4  1701  1710  1713  1746  
1684  1  1  1701  
1685  1  1  1701  
1686  2  1  1701  
1687  2  2  1701  1707  
1688  2  1  1701  
1689  3  2  1701  1710  
1690  3  2  1701  1710  
1691  6  1  1701  
1692  6  2  1701  1710  
1693  1  1  1701  
1694  73  2  1701  1768  
1695  16  1  1701  
1696  28  2  1701  1769  
1697  57  3  1701  1707  1746  
1698  1  1  1701  
1699  2  2  1701  1710  
1700  1  1  1701  
1702  1  1  1707  
1703  1  1  1707  
1704  1  1  1707  
1705  47  4  1707  1746  1755  1759  
1706  16  1  1707  
1708  1  1  1707  
1709  1  1  1707  
1710  12  3  1714  1746  1777  
1711  1  1  1714  
1712  8  1  1714  
1713  1  1  1714  
1715  1  1  1714  
1717  2  1  1719  
1722  2  1  1720  
1723  22  1  1706  
1732  13  1  1733  
1738  44  2  1746  1759  
1739  4  1  1746  
1740  2  1  1746  
1741  36  1  1746  
1742  1  1  1746  
1743  1  1  1710  
1744  36  1  1746  
1745  5  1  1746  
1751  6  1  1753  
1752  1  1  1753  
1754  1  1  1755  
1756  1  1  1759  
1757  1  1  1759  
1758  1  1  1759  
1759  9  2  1713  1777  
1760  1  1  1759  
1761  1  1  1759  
1762  3  1  1759  
1763  1  1  1759  
1768  20  1  1770  
1769  112  4  1701  1706  1741  1770  
1772  204  3  1705  1741  1769  
1773  2  1  1710  
1774  5  1  1710  
1775  22  2  1701  1710  
1776  1  1  1710  
1777  2  1  1710  
1778  7  2  1710  1777  
1779  1  1  1710  
1780  1  1  1710  
1781  15  4  1701  1710  1741  1777  
1782  1  1  1710  
1783  1  1  1710  
1784  1  1  1710  
1785  7  1  1710  
1786  13  1  1710  
1787  1  1  1710  
1788  1  1  1710  
1789  5  1  1710  
1790  1  1  1712  
1796  14  1  1768  
1807  31  2  1713  1777  
1812  31  1  1713  
1817  181  1  1768  
1821  34  1  1741  
1824  47  2  1701  1741  
1829  56  2  1741  1769  
1830  17  1  1741  
1835  66  1  1701  
1839  3  1  1769  
1841  88  3  1701  1706  1769  
1850  63  1  1768  
1897  4  1  1741  
1898  121  4  1701  1706  1741  1769  
1901  50  2  1701  1769  
1908  121  5  1701  1705  1706  1741  1768  
1917  28  1  1769  
1925  55  1  1705  
1944  39  1  1769  
1946  20  1  1741  
1948  113  3  1705  1741  1769  
1950  122  2  1701  1706  
1960  129  4  1701  1705  1741  1768  
1971  145  2  1705  1741  
1981  41  1  1741  
1983  18  3  1706  1741  1769  
1991  32  2  1701  1741  
2008  61  2  1768  1769  
2015  12  1  1785  
2049  49  1  1705  
2052  36  1  1769  
2055  75  2  1706  1769  
2056  241  1  1769  
2059  108  2  1701  1741  
2060  14  1  1741  
2061  3  1  1706  
2064  8  1  1769  
2071  6  2  1705  1741  
2072  31  3  1701  1741  1769  
2073  247  3  1705  1768  1785  
2074  49  1  1769  
2075  95  1  1701  
2089  48  2  1741  1769  
2101  14  1  1741  
2105  2  1  1741  
2107  2  1  1741  
2108  2  1  1741  
2109  164  2  1705  1741  
2110  48  1  1741  
2134  111  2  1705  1785  
2137  252  1  1785  
2138  215  2  1701  1705  
2152  5  1  1768  
2179  124  3  1705  1768  1769  
2183  49  1  1768  
2204  62  1  1705  
2209  2  1  1701  
2210  1  1  1701  
2211  1  1  1701  
2212  2  1  1701  
2213  4  1  1701  
2216  141  4  1765  1768  1769  1785  
2219  6  1  1720  
2271  75  1  1768  
2272  103  3  1705  1768  1769  
2273  142  2  1705  1769  
2275  35  1  1769  
2285  21  1  1769  
2304  69  2  1705  1769  
2307  68  1  1705  
2314  5  1  1768  
2334  37  1  1768  
2341  12  1  1705  
2342  70  2  1768  1769  
2348  77  1  1768  
2350  82  1  1705  
2351  180  1  1765  
2356  893  5  1720  1765  1768  1769  1785  
2363  7  1  1785  
2367  146  2  1720  1769  
2382  32  1  1705  
2383  45  1  1705  
2387  7  1  1705  
2403  22  1  1768  
2404  53  1  1705  
2405  46  1  1705  
2408  108  1  1769  
2413  1  1  1705  
2431  39  1  1705  
2432  18  1  1705  
2436  269  2  1768  1785  
2438  113  1  1765  
2439  104  2  1765  1785  
2442  44  1  1785  
2443  307  1  1765  
2471  618  2  1769  1785  
2482  74  1  1785  
2483  168  1  1785  
2487  75  1  1769  
2490  103  1  1769  
2506  33  1  1768  
2546  46  1  1768  
2562  173  1  1785  
2563  15  1  1768  
2587  43  1  1785  
2604  124  1  1769  
2621  5  1  1769  
2632  282  2  1768  1769  
2633  87  1  1765  
2657  29  1  1768  
2661  18  2  1768  1769  
2668  33  1  1769  
2679  19  1  1768  
2685  62  1  1768  
2691  123  1  1769  
2706  1  1  1768  
2707  47  1  1768  
2712  70  1  1769  
2722  15  1  1765  
2756  123  1  1765  
2764  19  1  1769  
2771  4  1  1769  
2772  175  1  1769  
2778  216  1  1765  
2792  12  1  1769  
2801  44  1  1769  
2803  32  1  1769  
2804  4  1  1769  
2806  42  1  1769  
2812  25  1  1769  
2817  4  1  1769  
2820  20  1  1769  
2823  62  2  1765  1785  
2839  2  1  1769  
2855  2  1  1769  
2881  26  1  1769  
2923  22  1  1765  
2968  6  1  1769  
2983  95  2  1765  1785  
2985  8  1  1769  
3076  63  1  1769  
3084  43  1  1765  
3096  15  1  1769  
3102  156  1  1765  
3154  166  1  1765  
3175  18  1  1765  
3210  28  1  1765  
3212  16  1  1785  
3214  64  1  1765  
3226  81  2  1765  1785  
3239  14  1  1785  
3240  14  1  1765  
3244  4  1  1785  
3245  40  1  1785  
3261  4  1  1765  
3290  144  1  1765  
3306  48  1  1765  
3349  17  2  1765  1785  
3353  75  2  1765  1785  
3398  15  1  1765  
3472  2  1  1785  
3478  1  1  1785  
3479  20  1  1785  
3480  1  1  1785  
3481  3  1  1785  
3879  278  1  1720  
4275  27  1  1720  
4439  25  1  1720  
5772  177  1  1720  
5789  160  1  1720  
6049  65  1  1720  
6147  161  1  1720  
6204  18  1  1720  
6288  1  1  1769  
6289  1  1  1769  
6414  24  1  1720  
6654  1  1  1720  
6655  2  1  1720  
