1  29  1  7099  
3  302  1  7099  
22  90  1  7099  
23  95  1  7099  
25  133  1  7099  
33  227  2  7021  7099  
44  146  2  7050  7099  
55  38  1  7068  
65  275  1  7024  
82  195  2  7021  7050  
89  80  1  7099  
93  24  1  7068  
103  190  1  7068  
121  132  1  7024  
146  61  1  7099  
158  93  2  7011  7041  
278  10  1  7099  
301  199  1  7011  
372  42  1  7011  
402  41  1  7099  
431  732  8  7021  7041  7048  7050  7055  7058  7060  7077  
548  214  3  7021  7050  7055  
676  232  6  7011  7015  7035  7041  7045  7050  
705  146  1  7024  
719  224  1  7048  
758  165  1  7075  
783  99  2  7021  7035  
889  5  1  7021  
909  292  11  7011  7015  7021  7024  7035  7041  7048  7050  7055  7058  7068  
969  46  2  7021  7035  
1009  305  2  7015  7075  
1079  10  1  7035  
1146  77  1  7077  
1261  462  5  7011  7015  7021  7035  7041  
1409  11  1  7024  
1485  68  8  7000  7041  7050  7055  7058  7066  7068  7077  
1538  55  1  7041  
1558  25  1  7021  
1616  76  2  7077  7096  
1677  105  5  7031  7035  7055  7058  7068  
1749  51  1  7068  
1781  15  1  7050  
1811  18  1  7000  
1845  63  2  7035  7048  
1950  122  1  7059  
2044  34  1  7015  
2045  28  1  7015  
2059  108  1  7015  
2075  95  1  7041  
2091  8  1  7022  
2109  164  1  7048  
2111  67  3  7021  7024  7035  
2177  189  2  7050  7058  
2184  26  1  7075  
2252  42  1  7021  
2283  324  4  7011  7021  7035  7050  
2299  30  1  7024  
2301  100  1  7021  
2356  893  13  7011  7015  7016  7021  7024  7035  7041  7048  7050  7055  7058  7068  7077  
2443  307  8  7011  7015  7016  7024  7048  7050  7055  7068  
2613  44  1  7050  
2679  19  1  7024  
2688  8  1  7031  
2731  28  8  7015  7024  7035  7041  7050  7058  7068  7077  
2802  48  1  7021  
2827  37  4  7021  7035  7041  7068  
2847  9  1  7061  
2875  49  8  7024  7035  7041  7048  7050  7055  7068  7077  
2964  28  1  7021  
3029  18  1  7050  
3089  42  2  7048  7055  
3112  89  1  7087  
3153  241  2  7021  7035  
3191  114  1  7024  
3265  15  1  7024  
3412  15  1  7035  
3443  232  3  7055  7058  7068  
3592  89  4  7015  7021  7048  7068  
3648  147  1  7041  
3652  104  8  7021  7035  7041  7045  7050  7055  7058  7060  
3704  155  1  7024  
3715  12  1  7015  
3738  12  3  7015  7021  7035  
3914  55  6  7015  7016  7021  7041  7050  7058  
3958  9  1  7061  
3966  7  1  7096  
3985  8  1  7050  
3994  202  7  7021  7035  7041  7048  7050  7055  7068  
4028  16  2  7059  7075  
4035  153  3  7011  7021  7048  
4069  8  1  7021  
4071  19  1  7024  
4152  228  5  7011  7021  7035  7048  7068  
4188  3  1  7050  
4266  14  1  7011  
4267  3  1  7021  
4288  73  1  7058  
4319  168  2  7077  7098  
4398  6  1  7058  
4409  7  1  7021  
4422  31  1  7035  
4427  214  9  7011  7015  7024  7031  7035  7048  7050  7055  7068  
4509  52  1  7021  
4515  3  1  7021  
4531  271  2  7058  7098  
4546  14  1  7048  
4551  54  2  7011  7050  
4552  127  8  7011  7015  7021  7024  7035  7050  7055  7058  
4555  33  3  7016  7050  7055  
4607  29  2  7024  7031  
4608  122  6  7021  7024  7041  7045  7048  7058  
4620  152  2  7055  7068  
4623  211  1  7035  
4624  312  3  7048  7058  7077  
4727  24  1  7015  
4747  30  2  7021  7048  
4780  17  4  7048  7055  7058  7068  
4800  40  2  7041  7077  
4832  26  1  7021  
4863  12  1  7050  
4888  3  1  7041  
4901  389  9  7011  7015  7016  7021  7024  7035  7048  7055  7058  
4906  39  1  7015  
4977  66  1  7024  
5012  139  4  7016  7058  7059  7077  
5040  3  1  7041  
5079  14  3  7011  7015  7035  
5082  13  1  7058  
5105  13  1  7024  
5108  9  1  7024  
5133  222  8  7011  7015  7024  7035  7055  7075  7077  7092  
5135  385  10  7011  7015  7021  7024  7035  7041  7048  7050  7055  7059  
5139  83  2  7058  7096  
5147  144  2  7035  7075  
5151  67  1  7077  
5155  98  1  7096  
5182  92  3  7011  7024  7050  
5183  16  3  7058  7075  7077  
5192  27  5  7011  7021  7035  7050  7077  
5218  19  2  7058  7068  
5247  13  2  7021  7035  
5268  7  1  7055  
5279  4  1  7024  
5294  81  1  7015  
5296  10  1  7097  
5302  68  2  7048  7058  
5309  10  1  7021  
5325  80  1  7035  
5335  39  1  7021  
5363  54  4  7011  7015  7050  7058  
5479  18  1  7075  
5486  2  1  7050  
5488  19  1  7050  
5495  75  2  7050  7055  
5546  190  2  7000  7055  
5557  23  1  7015  
5575  11  2  7021  7035  
5606  29  3  7058  7066  7077  
5617  21  1  7024  
5639  70  1  7058  
5653  28  1  7011  
5674  10  2  7021  7035  
5684  101  1  7021  
5691  12  1  7021  
5712  8  1  7024  
5735  9  1  7077  
5741  43  1  7035  
5772  177  13  7011  7015  7016  7021  7024  7031  7035  7041  7048  7050  7055  7068  7077  
5792  91  2  7016  7097  
5801  50  1  7024  
5806  3  1  7011  
5915  22  1  7058  
5921  77  2  7016  7024  
5945  6  1  7021  
5953  2  1  7077  
5989  11  3  7011  7045  7060  
6002  15  3  7015  7021  7050  
6010  19  2  7015  7077  
6026  191  9  7011  7015  7016  7021  7024  7035  7048  7055  7068  
6035  54  7  7015  7024  7055  7058  7060  7066  7096  
6042  16  3  7021  7058  7068  
6058  68  1  7016  
6063  47  2  7045  7077  
6122  15  1  7000  
6143  14  5  7055  7060  7066  7077  7096  
6147  161  20  7011  7015  7021  7024  7035  7041  7045  7048  7050  7058  7059  7060  7066  7068  7075  7077  7087  7096  7097  7098  
6152  142  4  7011  7015  7024  7035  
6153  31  2  7058  7066  
6155  98  2  7021  7035  
6156  37  2  7048  7060  
6157  118  4  7015  7048  7058  7068  
6171  70  3  7011  7015  7021  
6175  123  11  7000  7011  7015  7021  7035  7041  7048  7050  7055  7058  7068  
6180  93  1  7015  
6261  9  1  7031  
6267  3  1  7021  
6275  8  4  7055  7058  7059  7060  
6294  47  1  7035  
6302  22  2  7021  7035  
6306  15  3  7035  7041  7058  
6307  9  1  7050  
6334  19  2  7011  7035  
6335  89  2  7021  7048  
6349  13  1  7077  
6376  15  1  7097  
6387  21  1  7058  
6393  9  3  7021  7045  7055  
6405  38  1  7041  
6411  25  3  7077  7096  7098  
6415  52  7  7021  7035  7041  7048  7050  7058  7077  
6417  12  1  7068  
6425  18  1  7011  
6436  9  2  7011  7035  
6451  3  1  7015  
6453  10  1  7035  
6459  39  4  7021  7031  7055  7058  
6479  1  1  7024  
6532  11  1  7060  
6542  31  2  7015  7055  
6552  28  3  7011  7012  7021  
6622  25  2  7035  7050  
6623  5  1  7024  
6624  12  1  7058  
6626  26  2  7055  7066  
6627  36  2  7016  7048  
6630  13  3  7021  7041  7055  
6637  3  1  7058  
6639  19  1  7015  
6657  30  1  7021  
6662  45  2  7021  7041  
6671  13  2  7015  7016  
6672  50  7  7021  7024  7048  7055  7059  7077  7087  
6696  20  8  7021  7024  7035  7045  7050  7068  7077  7097  
6698  35  6  7015  7021  7024  7035  7048  7050  
6723  12  1  7021  
6725  9  2  7021  7058  
6758  2  1  7024  
6761  7  2  7015  7035  
6765  11  2  7021  7035  
6768  24  3  7011  7050  7096  
6793  2  1  7021  
6796  27  4  7011  7015  7016  7035  
6797  30  6  7021  7035  7048  7050  7055  7058  
6798  21  4  7011  7035  7048  7058  
6799  4  1  7021  
6802  10  3  7050  7055  7058  
6803  12  3  7011  7015  7024  
6821  3  1  7024  
6825  2  1  7015  
6836  5  1  7035  
6853  4  1  7077  
6900  19  4  7011  7015  7021  7035  
6901  1  1  7075  
6908  7  3  7066  7075  7092  
6909  16  4  7050  7075  7077  7087  
6910  20  5  7055  7058  7068  7077  7097  
6911  3  1  7066  
6913  9  3  7075  7077  7087  
6914  8  4  7055  7068  7075  7077  
6916  20  8  7024  7048  7055  7058  7066  7068  7077  7087  
6922  5  2  7015  7035  
6925  3  1  7035  
6944  16  4  7011  7021  7035  7041  
6951  5  3  7035  7041  7055  
6953  4  2  7096  7097  
6966  13  2  7035  7077  
7001  2  2  7096  7097  
7002  10  2  7048  7050  
7005  5  1  7035  
7009  1  1  7011  
7010  9  6  7011  7015  7021  7024  7035  7041  
7017  1  1  7021  
7018  3  2  7021  7035  
7019  1  1  7021  
7020  7  3  7021  7035  7041  
7023  1  1  7024  
7025  1  1  7024  
7026  1  1  7024  
7027  1  1  7024  
7028  1  1  7024  
7029  1  1  7024  
7030  1  1  7024  
7033  4  1  7097  
7034  4  1  7035  
7036  2  1  7035  
7037  1  1  7035  
7038  1  1  7035  
7039  1  1  7041  
7040  1  1  7041  
7045  2  1  7050  
7049  11  3  7050  7068  7077  
7056  1  1  7055  
7057  6  2  7058  7077  
7062  1  1  7077  
7067  1  1  7068  
7072  6  1  7087  
7076  1  1  7077  
7095  1  1  7096  
