3  302  1  3732  
8  743  5  3706  3722  3755  3771  3790  
11  114  1  3771  
17  187  1  3771  
24  102  2  3780  3782  
26  150  1  3706  
33  227  2  3704  3790  
44  146  1  3780  
50  39  4  3704  3755  3774  3782  
65  275  6  3704  3714  3722  3755  3771  3790  
67  164  2  3703  3704  
81  122  1  3704  
82  195  4  3704  3713  3722  3782  
85  72  1  3782  
97  68  1  3782  
103  190  1  3704  
116  213  5  3704  3716  3755  3782  3790  
121  132  1  3771  
129  99  2  3704  3782  
158  93  1  3782  
164  334  1  3722  
246  56  1  3713  
273  35  2  3771  3790  
288  244  2  3736  3755  
293  321  2  3703  3704  
301  199  2  3704  3706  
316  41  1  3771  
317  46  1  3782  
337  18  1  3713  
343  14  1  3713  
350  117  1  3713  
361  45  1  3713  
372  42  2  3767  3771  
403  6  2  3767  3771  
408  157  1  3722  
431  732  5  3703  3704  3722  3765  3782  
494  142  4  3704  3765  3782  3788  
504  121  1  3722  
548  214  1  3782  
577  55  1  3704  
578  150  2  3704  3767  
579  66  1  3790  
587  46  2  3716  3771  
601  1  1  3713  
606  158  1  3704  
635  118  2  3703  3790  
637  100  1  3704  
638  11  1  3713  
661  264  2  3706  3790  
666  32  1  3782  
686  66  1  3722  
695  77  1  3782  
702  773  12  3703  3704  3706  3713  3722  3732  3736  3755  3767  3771  3780  3782  
705  146  1  3713  
719  224  3  3706  3771  3790  
722  12  1  3706  
723  113  1  3790  
724  317  4  3704  3706  3722  3782  
746  272  5  3722  3736  3755  3771  3773  
753  16  1  3713  
758  165  6  3704  3706  3713  3722  3765  3782  
772  30  1  3713  
774  45  1  3713  
783  99  2  3767  3771  
785  91  3  3706  3713  3782  
807  122  3  3722  3755  3782  
869  110  1  3771  
870  27  1  3773  
877  42  1  3790  
895  36  1  3782  
903  47  1  3782  
917  297  2  3703  3771  
943  41  1  3755  
951  39  1  3782  
959  49  2  3706  3725  
969  46  2  3767  3771  
972  196  3  3704  3767  3782  
987  95  1  3704  
988  74  2  3713  3771  
1008  88  1  3722  
1022  60  1  3782  
1032  62  1  3771  
1037  57  1  3716  
1038  399  10  3706  3713  3722  3725  3736  3767  3779  3780  3782  3788  
1041  135  2  3704  3755  
1046  48  1  3713  
1054  472  5  3704  3706  3722  3771  3782  
1064  39  1  3704  
1066  599  10  3703  3704  3706  3713  3722  3725  3732  3780  3782  3790  
1067  158  1  3713  
1096  9  1  3713  
1104  61  1  3782  
1107  26  1  3704  
1111  79  1  3736  
1146  77  1  3780  
1150  51  1  3706  
1180  65  1  3725  
1197  290  4  3755  3773  3779  3788  
1211  181  1  3755  
1246  20  1  3790  
1250  22  1  3780  
1261  462  6  3703  3704  3713  3722  3771  3782  
1262  4  1  3703  
1270  4  1  3771  
1271  37  2  3713  3771  
1272  35  2  3704  3771  
1282  199  2  3713  3716  
1312  183  1  3771  
1352  20  1  3706  
1354  156  3  3704  3722  3782  
1355  72  1  3790  
1357  91  1  3713  
1372  157  1  3755  
1376  210  2  3704  3782  
1378  6  1  3782  
1380  48  3  3703  3736  3782  
1401  139  3  3713  3736  3771  
1421  244  3  3722  3725  3782  
1427  587  7  3704  3706  3716  3755  3771  3780  3782  
1428  42  1  3782  
1460  102  2  3736  3771  
1466  30  1  3771  
1468  114  1  3771  
1481  355  1  3755  
1485  68  1  3732  
1486  15  1  3706  
1494  80  1  3782  
1518  19  1  3782  
1532  66  1  3782  
1558  25  2  3755  3771  
1570  93  1  3782  
1571  112  1  3713  
1598  45  3  3713  3782  3788  
1601  42  1  3704  
1616  76  6  3706  3713  3771  3780  3782  3788  
1634  97  3  3713  3736  3782  
1660  38  1  3704  
1664  20  1  3767  
1671  129  3  3706  3722  3782  
1677  105  1  3716  
1694  73  1  3713  
1697  57  2  3713  3790  
1705  47  2  3704  3782  
1772  204  1  3722  
1794  4  1  3782  
1817  181  4  3713  3755  3771  3790  
1828  7  1  3782  
1830  17  1  3713  
1900  2  1  3782  
1901  50  1  3736  
1939  47  1  3790  
1948  113  1  3790  
1950  122  1  3771  
1956  44  1  3736  
1961  14  1  3782  
1962  146  4  3704  3722  3771  3782  
1971  145  1  3782  
2018  3  1  3771  
2048  143  1  3782  
2056  241  3  3706  3722  3782  
2059  108  2  3704  3774  
2073  247  6  3713  3714  3765  3771  3773  3790  
2074  49  1  3782  
2080  58  1  3722  
2090  32  1  3713  
2101  14  1  3722  
2102  120  2  3713  3782  
2109  164  6  3704  3706  3722  3755  3771  3782  
2110  48  2  3788  3790  
2111  67  1  3736  
2134  111  3  3706  3771  3782  
2137  252  13  3713  3716  3722  3736  3755  3765  3771  3773  3774  3779  3780  3782  3790  
2138  215  3  3704  3732  3755  
2152  5  1  3782  
2165  57  1  3771  
2173  77  2  3704  3713  
2177  189  2  3722  3782  
2179  124  1  3722  
2184  26  1  3782  
2186  45  4  3713  3755  3771  3790  
2188  71  3  3713  3782  3790  
2190  72  2  3704  3790  
2193  66  1  3703  
2204  62  1  3782  
2215  34  1  3703  
2216  141  2  3713  3722  
2240  50  2  3704  3782  
2273  142  2  3722  3782  
2283  324  7  3704  3722  3755  3767  3771  3773  3782  
2285  21  1  3790  
2299  30  1  3713  
2301  100  2  3704  3782  
2303  46  1  3722  
2307  68  1  3722  
2320  5  1  3767  
2329  47  1  3703  
2335  93  3  3736  3767  3782  
2340  105  2  3722  3788  
2350  82  2  3713  3790  
2351  180  4  3736  3780  3782  3790  
2355  50  2  3704  3782  
2356  893  14  3703  3706  3713  3716  3722  3725  3732  3736  3755  3771  3780  3782  3788  3790  
2357  32  3  3736  3782  3790  
2376  60  1  3782  
2381  13  2  3703  3782  
2383  45  1  3722  
2384  49  2  3755  3771  
2391  64  1  3782  
2399  25  2  3782  3790  
2404  53  1  3782  
2408  108  3  3703  3722  3736  
2430  7  1  3782  
2436  269  8  3706  3713  3714  3755  3771  3773  3782  3790  
2438  113  5  3722  3755  3771  3774  3782  
2439  104  3  3713  3714  3716  
2440  49  1  3790  
2443  307  4  3722  3725  3736  3782  
2445  164  1  3713  
2451  126  2  3767  3782  
2469  156  1  3767  
2471  618  10  3703  3704  3706  3713  3722  3755  3765  3767  3771  3782  
2472  38  1  3736  
2474  44  1  3703  
2476  149  4  3732  3771  3782  3790  
2477  18  1  3782  
2479  64  3  3704  3722  3782  
2480  45  1  3722  
2483  168  9  3706  3713  3714  3736  3755  3765  3771  3782  3790  
2485  80  2  3704  3725  
2490  103  5  3713  3716  3722  3771  3780  
2494  200  9  3736  3755  3764  3765  3771  3773  3782  3788  3790  
2495  2  1  3771  
2499  21  1  3755  
2506  33  2  3704  3755  
2519  39  1  3767  
2521  79  2  3782  3788  
2532  23  1  3704  
2542  1  1  3713  
2546  46  1  3713  
2547  35  1  3782  
2550  22  1  3765  
2559  4  1  3755  
2562  173  2  3722  3782  
2587  43  1  3722  
2596  50  1  3782  
2604  124  4  3736  3765  3771  3782  
2620  139  9  3706  3713  3714  3755  3764  3765  3771  3774  3782  
2632  282  11  3706  3713  3725  3736  3755  3765  3771  3773  3774  3780  3782  
2633  87  4  3706  3713  3716  3755  
2641  28  1  3703  
2666  57  2  3722  3782  
2685  62  1  3782  
2687  36  1  3722  
2691  123  5  3732  3755  3765  3771  3790  
2712  70  4  3713  3755  3771  3790  
2715  238  11  3704  3706  3713  3716  3722  3736  3755  3771  3773  3782  3790  
2716  55  4  3722  3765  3771  3782  
2720  357  6  3704  3706  3722  3755  3765  3767  
2722  15  2  3713  3765  
2729  44  2  3722  3755  
2731  28  1  3725  
2738  7  1  3771  
2745  7  1  3782  
2753  15  1  3782  
2770  52  1  3765  
2772  175  7  3722  3755  3773  3774  3780  3782  3790  
2774  189  6  3704  3722  3736  3780  3782  3790  
2778  216  3  3736  3771  3782  
2780  38  1  3722  
2787  14  1  3703  
2802  48  2  3713  3722  
2803  32  1  3722  
2820  20  1  3782  
2825  8  1  3782  
2829  12  1  3790  
2831  81  4  3704  3722  3782  3790  
2883  10  2  3703  3704  
2899  79  4  3706  3713  3771  3782  
2903  7  1  3782  
2912  2  1  3722  
2918  68  3  3703  3704  3782  
2919  56  4  3722  3765  3771  3780  
2936  41  1  3722  
2952  13  1  3706  
2954  19  1  3782  
2983  95  4  3703  3774  3782  3790  
2999  69  2  3703  3704  
3001  79  5  3713  3736  3755  3773  3782  
3008  20  2  3764  3765  
3012  58  1  3755  
3013  8  1  3790  
3034  13  1  3782  
3040  18  3  3713  3722  3782  
3045  18  1  3755  
3049  13  1  3782  
3058  35  1  3767  
3064  273  8  3713  3722  3736  3755  3771  3773  3782  3790  
3076  63  4  3722  3725  3767  3788  
3082  12  3  3755  3771  3782  
3087  41  3  3704  3755  3771  
3096  15  1  3771  
3098  60  1  3722  
3102  156  3  3722  3780  3782  
3107  3  1  3773  
3110  122  2  3722  3788  
3112  89  2  3736  3767  
3122  30  1  3773  
3137  88  2  3713  3722  
3144  271  5  3704  3722  3725  3780  3782  
3146  314  8  3703  3704  3706  3722  3725  3767  3780  3782  
3148  98  6  3706  3713  3755  3771  3782  3790  
3149  131  7  3704  3714  3722  3767  3771  3782  3790  
3150  319  5  3703  3704  3706  3722  3782  
3151  148  8  3706  3714  3722  3736  3755  3771  3779  3782  
3152  68  3  3722  3780  3782  
3153  241  4  3704  3722  3736  3782  
3154  166  2  3722  3788  
3155  69  2  3755  3771  
3156  92  1  3704  
3158  101  4  3703  3704  3713  3782  
3159  54  2  3722  3780  
3160  56  1  3788  
3166  23  1  3790  
3173  42  2  3736  3771  
3174  102  2  3736  3782  
3175  18  1  3790  
3177  24  1  3782  
3191  114  1  3704  
3206  48  1  3782  
3209  71  1  3722  
3226  81  4  3713  3755  3771  3782  
3241  10  1  3788  
3245  40  2  3722  3782  
3251  147  12  3703  3706  3713  3722  3736  3755  3764  3765  3771  3780  3782  3790  
3257  2  1  3773  
3264  156  1  3704  
3278  52  2  3736  3782  
3280  12  1  3780  
3289  205  5  3713  3722  3755  3782  3790  
3290  144  4  3703  3714  3722  3771  
3299  64  3  3713  3755  3782  
3300  4  1  3790  
3304  91  7  3704  3706  3716  3765  3771  3773  3788  
3306  48  5  3713  3755  3765  3773  3790  
3307  82  3  3703  3704  3782  
3308  63  3  3736  3782  3790  
3314  212  8  3704  3713  3722  3755  3764  3765  3771  3782  
3315  362  4  3704  3732  3767  3790  
3316  44  1  3782  
3317  40  3  3713  3755  3771  
3327  9  2  3706  3713  
3330  39  1  3782  
3331  38  1  3779  
3332  87  6  3713  3722  3736  3773  3782  3790  
3338  144  6  3703  3704  3713  3722  3771  3782  
3339  6  1  3790  
3353  75  5  3713  3755  3765  3773  3790  
3362  95  3  3722  3782  3790  
3383  15  2  3755  3771  
3387  14  1  3782  
3388  11  1  3774  
3391  93  7  3713  3736  3755  3771  3773  3774  3790  
3395  85  4  3704  3713  3767  3790  
3396  11  1  3782  
3408  30  1  3722  
3412  15  1  3771  
3426  16  2  3713  3765  
3436  3  1  3713  
3441  18  3  3771  3780  3788  
3442  99  5  3703  3725  3765  3782  3790  
3443  232  4  3704  3706  3722  3782  
3447  46  2  3780  3782  
3449  113  4  3704  3722  3725  3782  
3457  5  1  3790  
3459  45  3  3703  3736  3782  
3465  53  1  3716  
3466  94  4  3736  3755  3771  3782  
3467  47  5  3706  3713  3755  3765  3773  
3471  10  1  3773  
3477  2  1  3713  
3479  20  1  3782  
3497  2  1  3736  
3498  82  4  3704  3722  3782  3788  
3505  2  1  3736  
3510  15  2  3755  3771  
3525  3  1  3713  
3532  9  1  3788  
3548  42  1  3704  
3549  29  1  3790  
3577  26  4  3713  3716  3736  3790  
3578  30  2  3755  3771  
3583  85  3  3703  3722  3736  
3585  15  1  3704  
3587  23  2  3704  3782  
3588  16  2  3706  3713  
3592  89  1  3782  
3596  90  2  3736  3782  
3598  7  1  3703  
3599  33  6  3736  3755  3771  3773  3782  3790  
3601  145  5  3713  3722  3725  3780  3782  
3602  14  1  3782  
3607  20  1  3704  
3617  57  3  3703  3704  3790  
3622  28  2  3725  3782  
3631  21  1  3736  
3642  6  2  3755  3771  
3648  147  4  3704  3736  3755  3767  
3649  15  1  3736  
3651  9  2  3713  3755  
3653  68  2  3704  3722  
3654  21  3  3755  3771  3790  
3656  89  2  3782  3788  
3657  257  4  3704  3706  3722  3767  
3658  89  2  3706  3780  
3666  23  2  3713  3755  
3672  27  1  3782  
3674  131  4  3755  3771  3773  3790  
3679  111  3  3725  3767  3780  
3681  29  1  3782  
3682  115  6  3704  3722  3773  3780  3782  3788  
3683  33  3  3736  3782  3788  
3685  86  4  3706  3736  3771  3790  
3686  77  1  3782  
3688  4  2  3771  3773  
3700  2  1  3713  
3703  8  1  3790  
3704  155  1  3713  
3707  3  1  3713  
3708  1  1  3713  
3709  1  1  3713  
3710  1  1  3713  
3711  1  1  3713  
3712  1  1  3713  
3714  16  1  3765  
3715  12  1  3716  
3717  6  1  3713  
3721  25  1  3771  
3722  50  3  3736  3782  3790  
3725  41  1  3782  
3734  26  2  3736  3790  
3736  64  1  3782  
3738  12  1  3790  
3742  76  4  3736  3767  3771  3782  
3748  16  1  3782  
3749  84  1  3722  
3755  16  1  3790  
3756  2  1  3755  
3757  3  1  3755  
3760  1  1  3761  
3763  1  1  3764  
3766  1  1  3771  
3767  8  1  3771  
3768  1  1  3771  
3769  1  1  3771  
3770  3  2  3771  3782  
3772  1  1  3773  
3777  6  1  3782  
3782  20  1  3736  
3786  7  1  3788  
3789  5  1  3790  
3791  1  1  3790  
3792  1  1  3790  
3793  2  1  3790  
3794  5  1  3790  
3795  1  1  3790  
3796  1  1  3790  
3797  2  1  3790  
3798  1  1  3790  
3799  1  1  3790  
3800  65  1  3782  
3801  53  3  3706  3722  3782  
3802  3  1  3782  
3803  9  1  3736  
3808  112  3  3706  3722  3780  
3810  42  2  3704  3732  
3811  41  1  3788  
3812  7  1  3736  
3815  3  1  3736  
3837  5  1  3722  
3839  9  1  3736  
3868  17  1  3780  
3870  38  1  3782  
3871  9  2  3780  3782  
3878  7  1  3782  
3879  278  5  3703  3704  3725  3767  3782  
3884  29  2  3780  3782  
3885  8  1  3782  
3887  3  1  3782  
3901  2  1  3782  
3902  1  1  3782  
3903  32  1  3782  
3904  1  1  3782  
3905  1  1  3782  
3906  40  1  3782  
3919  80  2  3704  3725  
3928  22  2  3704  3782  
3938  3  1  3704  
3966  7  1  3767  
3981  12  1  3722  
3994  202  2  3704  3722  
4001  36  1  3725  
4014  2  1  3788  
4028  16  1  3782  
4035  153  3  3704  3713  3782  
4038  31  1  3782  
4039  50  1  3704  
4040  15  1  3782  
4050  2  1  3788  
4058  15  2  3706  3713  
4059  1  1  3788  
4071  19  1  3782  
4073  81  1  3782  
4082  45  1  3780  
4083  100  2  3704  3782  
4096  33  1  3782  
4098  3  1  3713  
4102  40  2  3706  3782  
4122  71  1  3704  
4152  228  4  3704  3706  3722  3767  
4153  12  1  3706  
4169  114  3  3703  3725  3782  
4176  46  1  3704  
4177  10  1  3782  
4187  96  1  3704  
4196  57  1  3782  
4198  59  2  3706  3780  
4220  121  1  3767  
4225  62  1  3704  
4226  46  1  3767  
4231  36  1  3706  
4247  18  1  3722  
4269  13  1  3706  
4291  4  1  3706  
4304  46  1  3704  
4305  20  1  3780  
4309  28  2  3722  3782  
4315  101  1  3704  
4319  168  2  3703  3704  
4320  78  2  3722  3725  
4324  6  1  3722  
4337  34  2  3780  3782  
4350  30  2  3722  3782  
4380  79  2  3704  3782  
4384  169  3  3703  3704  3722  
4418  17  2  3722  3782  
4422  31  1  3722  
4426  10  1  3722  
4427  214  2  3722  3782  
4433  1  1  3780  
4437  60  1  3722  
4440  361  5  3704  3722  3725  3732  3767  
4445  8  1  3722  
4448  23  2  3704  3782  
4452  16  1  3704  
4453  53  1  3782  
4454  43  1  3704  
4463  4  1  3722  
4464  19  1  3782  
4465  1  1  3782  
4466  1  1  3782  
4473  28  1  3722  
4474  27  1  3782  
4477  10  2  3704  3782  
4478  14  1  3722  
4482  9  1  3704  
4486  172  2  3704  3732  
4490  26  1  3704  
4495  4  1  3722  
4503  2  2  3722  3782  
4504  1  1  3722  
4505  6  1  3722  
4507  8  1  3767  
4509  52  1  3767  
4523  5  1  3725  
4531  271  3  3703  3704  3732  
4549  14  1  3782  
4552  127  1  3732  
4569  69  2  3704  3767  
4606  41  2  3704  3782  
4607  29  1  3704  
4608  122  1  3704  
4610  35  3  3703  3704  3782  
4611  139  4  3703  3704  3725  3782  
4616  41  1  3703  
4617  14  1  3704  
4619  68  2  3703  3782  
4620  152  2  3704  3732  
4623  211  1  3704  
4624  312  4  3703  3704  3767  3782  
4625  80  2  3704  3782  
4626  10  1  3704  
4638  15  1  3782  
4640  13  1  3782  
4663  24  1  3725  
4669  19  1  3725  
4676  14  2  3703  3782  
4680  33  1  3782  
4685  75  1  3703  
4702  21  1  3782  
4710  22  1  3782  
4724  12  1  3782  
4727  24  1  3782  
4728  18  2  3703  3782  
4730  32  1  3782  
4745  10  1  3782  
4763  15  1  3782  
4783  19  1  3703  
4814  48  1  3704  
4817  37  2  3703  3782  
4837  19  1  3782  
4849  10  1  3782  
4855  8  1  3782  
4865  22  1  3704  
4866  21  1  3704  
4874  4  1  3782  
4892  7  2  3703  3782  
4893  2  1  3782  
4894  1  1  3782  
4895  1  1  3782  
4896  1  1  3782  
4897  2  1  3782  
4898  3  1  3782  
4899  1  1  3782  
4900  1  1  3782  
4901  389  3  3704  3732  3782  
4902  1  1  3782  
4903  6  1  3782  
4904  2  1  3782  
4905  6  1  3782  
4906  39  1  3732  
4907  1  1  3782  
4908  243  4  3704  3732  3767  3782  
4909  26  1  3782  
4919  137  1  3732  
4927  46  1  3704  
4946  8  1  3703  
4951  105  1  3704  
4960  1  1  3703  
4961  1  1  3703  
4962  30  2  3703  3732  
4965  8  1  3704  
4973  16  1  3704  
4977  66  2  3704  3732  
5027  2  1  3704  
5038  18  1  3767  
5039  1  1  3704  
5040  3  1  3704  
5041  1  1  3704  
5042  1  1  3704  
5050  50  1  3704  
5051  230  3  3704  3732  3767  
5065  44  2  3704  3767  
5129  191  2  3704  3732  
5133  222  1  3732  
5135  385  1  3704  
5145  41  1  3704  
5149  84  1  3704  
5150  75  1  3732  
5151  67  1  3704  
5152  61  1  3767  
5158  15  1  3767  
5182  92  1  3704  
5186  24  1  3767  
5243  2  1  3767  
5247  13  1  3767  
5278  6  1  3704  
5306  3  1  3767  
5307  1  1  3767  
5308  3  1  3767  
5309  10  1  3767  
5310  2  1  3767  
5311  1  1  3767  
5312  1  1  3767  
5382  26  1  3704  
5434  4  1  3732  
5438  14  1  3732  
5469  4  1  3704  
5475  5  1  3704  
5476  31  1  3704  
5519  88  2  3704  3732  
5521  76  1  3704  
5546  190  1  3704  
5559  44  1  3732  
5636  3  1  3704  
5639  70  2  3704  3732  
5643  12  1  3704  
5653  28  1  3704  
5668  1  1  3704  
5669  1  1  3704  
5670  13  1  3704  
5755  10  1  3732  
5794  93  1  3732  
5818  26  1  3732  
5921  77  1  3732  
6016  4  1  3732  
6052  4  1  3732  
6053  1  1  3732  
6054  57  1  3732  
