8  743  16  2000  2003  2004  2015  2024  2027  2028  2030  2056  2059  2060  2064  2069  2070  2074  2088  
9  65  1  2069  
11  114  1  2015  
12  50  1  2048  
17  187  2  2094  2097  
18  76  2  2003  2024  
21  309  6  2015  2029  2044  2056  2080  2090  
26  150  2  2069  2088  
33  227  2  2056  2060  
39  89  2  2003  2060  
44  146  3  2007  2015  2059  
53  24  1  2031  
57  9  1  2069  
59  17  3  2007  2015  2065  
63  44  2  2015  2056  
65  275  4  2029  2056  2080  2090  
66  109  1  2030  
69  69  1  2003  
82  195  2  2073  2080  
85  72  1  2015  
89  80  1  2056  
100  9  1  2031  
103  190  1  2088  
104  95  1  2015  
107  89  1  2080  
116  213  6  2029  2056  2059  2069  2073  2074  
121  132  2  2056  2069  
122  80  1  2090  
158  93  1  2090  
163  123  4  2031  2044  2059  2088  
164  334  11  2003  2015  2024  2030  2031  2056  2060  2064  2070  2088  2090  
169  63  1  2030  
171  54  1  2064  
193  12  1  2031  
204  100  5  2017  2053  2059  2060  2061  
246  56  2  2003  2030  
249  22  1  2030  
263  76  1  2064  
272  71  2  2030  2044  
286  79  3  2030  2064  2090  
288  244  5  2028  2029  2059  2074  2090  
290  142  1  2015  
292  230  3  2060  2064  2074  
293  321  5  2028  2030  2044  2060  2074  
295  54  1  2015  
301  199  1  2003  
309  8  1  2027  
316  41  1  2024  
323  47  2  2027  2061  
328  86  2  2068  2069  
330  21  1  2080  
337  18  1  2030  
342  3  1  2056  
355  37  1  2070  
361  45  1  2028  
380  20  1  2080  
384  145  2  2031  2080  
401  79  1  2050  
408  157  5  2015  2056  2068  2074  2080  
424  9  1  2029  
431  732  10  2029  2044  2056  2059  2060  2064  2069  2070  2088  2091  
459  10  1  2029  
473  5  1  2074  
483  1  1  2056  
484  4  1  2030  
494  142  2  2029  2030  
528  30  1  2075  
543  2  1  2015  
548  214  4  2030  2044  2068  2073  
549  9  1  2068  
578  150  1  2044  
581  25  1  2056  
587  46  1  2070  
588  27  1  2080  
591  32  1  2094  
594  98  2  2044  2053  
606  158  2  2042  2061  
635  118  3  2030  2059  2069  
637  100  1  2044  
643  81  3  2003  2044  2050  
647  51  1  2015  
649  105  2  2044  2090  
661  264  5  2053  2056  2068  2069  2073  
666  32  1  2073  
677  8  1  2090  
686  66  2  2044  2075  
699  68  1  2074  
700  34  2  2017  2027  
702  773  14  2015  2029  2044  2050  2056  2059  2060  2068  2069  2073  2074  2075  2080  2090  
705  146  5  2015  2030  2044  2050  2073  
719  224  5  2031  2044  2056  2073  2074  
723  113  1  2059  
724  317  8  2015  2030  2031  2056  2059  2088  2090  2094  
729  60  1  2030  
739  90  1  2056  
746  272  7  2015  2029  2030  2060  2068  2069  2080  
753  16  2  2056  2059  
758  165  5  2029  2056  2069  2090  2097  
759  249  8  2004  2044  2050  2056  2059  2061  2068  2073  
763  12  1  2065  
766  26  3  2044  2059  2073  
771  61  1  2073  
772  30  1  2068  
781  39  1  2030  
783  99  4  2004  2028  2053  2068  
785  91  3  2030  2050  2069  
793  97  2  2004  2030  
800  29  2  2044  2080  
807  122  4  2029  2056  2059  2074  
825  24  1  2044  
829  119  5  2030  2070  2088  2090  2094  
832  9  2  2031  2094  
861  46  1  2068  
869  110  2  2044  2060  
870  27  1  2056  
871  29  1  2003  
875  34  2  2027  2028  
877  42  2  2030  2064  
882  16  1  2003  
895  36  3  2029  2056  2059  
896  11  2  2017  2031  
907  77  3  2056  2068  2073  
909  292  10  2029  2030  2044  2050  2056  2059  2068  2069  2073  2074  
914  238  4  2017  2031  2044  2064  
915  45  1  2029  
917  297  12  2004  2029  2030  2044  2050  2059  2060  2064  2068  2070  2088  2094  
920  60  2  2059  2080  
926  138  4  2000  2003  2024  2050  
929  44  1  2024  
931  6  2  2015  2030  
932  7  1  2065  
937  5  1  2056  
943  41  1  2080  
955  86  2  2030  2044  
959  49  2  2090  2091  
960  41  2  2050  2073  
968  44  4  2030  2031  2070  2080  
969  46  1  2097  
972  196  1  2097  
977  156  6  2000  2044  2059  2060  2068  2073  
979  16  1  2044  
987  95  2  2088  2097  
988  74  1  2056  
996  5  1  2030  
1008  88  1  2073  
1009  305  9  2000  2003  2015  2044  2059  2060  2068  2073  2080  
1029  20  2  2017  2027  
1030  37  1  2017  
1037  57  2  2056  2074  
1038  399  4  2030  2048  2059  2090  
1040  115  5  2044  2059  2064  2073  2090  
1041  135  2  2027  2060  
1054  472  18  2003  2015  2024  2028  2029  2030  2031  2044  2048  2059  2060  2064  2068  2070  2074  2075  2080  2088  
1066  599  20  2000  2015  2027  2029  2030  2031  2042  2044  2050  2056  2059  2068  2073  2074  2075  2080  2088  2090  2094  2097  
1067  158  4  2004  2030  2044  2073  
1068  5  1  2000  
1085  43  1  2056  
1100  107  4  2044  2050  2068  2080  
1102  66  2  2003  2068  
1104  61  1  2050  
1110  218  8  2003  2015  2030  2031  2059  2070  2088  2094  
1111  79  3  2015  2017  2044  
1115  65  2  2080  2097  
1120  77  3  2030  2044  2060  
1135  103  2  2068  2074  
1140  35  1  2030  
1146  77  2  2068  2074  
1156  45  1  2029  
1162  61  1  2068  
1175  4  1  2068  
1180  65  2  2015  2028  
1183  34  2  2068  2073  
1185  33  1  2015  
1188  9  1  2017  
1189  76  2  2030  2073  
1197  290  8  2029  2044  2050  2068  2069  2073  2074  2080  
1207  6  1  2017  
1211  181  2  2050  2059  
1227  62  1  2000  
1228  8  1  2056  
1240  117  3  2000  2059  2097  
1242  121  2  2003  2031  
1243  30  2  2003  2090  
1247  91  1  2080  
1256  33  1  2030  
1261  462  11  2003  2015  2024  2042  2044  2064  2070  2074  2075  2080  2088  
1265  14  1  2064  
1267  63  1  2015  
1269  17  1  2074  
1273  61  2  2027  2060  
1277  32  1  2080  
1282  199  10  2000  2003  2015  2024  2044  2059  2060  2064  2068  2080  
1303  41  2  2073  2091  
1304  12  1  2031  
1308  52  2  2044  2068  
1312  183  6  2024  2030  2031  2069  2073  2090  
1325  41  1  2061  
1346  48  1  2097  
1347  26  1  2080  
1350  24  1  2080  
1352  20  1  2080  
1354  156  2  2029  2069  
1357  91  1  2044  
1370  64  3  2004  2073  2094  
1372  157  4  2000  2044  2068  2073  
1376  210  5  2031  2044  2060  2068  2073  
1380  48  3  2030  2059  2073  
1381  38  1  2044  
1384  6  1  2050  
1388  1  1  2056  
1400  99  3  2000  2044  2060  
1401  139  1  2030  
1416  68  2  2059  2073  
1417  81  1  2073  
1421  244  3  2015  2059  2090  
1427  587  23  2000  2003  2015  2029  2031  2044  2050  2052  2056  2059  2060  2061  2068  2069  2073  2074  2075  2080  2088  2090  2091  2094  2097  
1430  81  1  2017  
1433  79  2  2028  2080  
1441  27  1  2000  
1443  46  1  2064  
1458  87  6  2024  2044  2050  2060  2073  2088  
1460  102  3  2015  2030  2069  
1468  114  1  2015  
1476  16  1  2059  
1481  355  17  2000  2003  2015  2017  2027  2030  2044  2050  2059  2061  2064  2068  2070  2073  2080  2088  2097  
1486  15  1  2042  
1487  73  3  2027  2044  2073  
1488  162  2  2000  2003  
1494  80  6  2027  2030  2031  2059  2064  2088  
1495  50  1  2097  
1500  12  1  2015  
1511  36  2  2056  2060  
1515  48  2  2031  2056  
1518  19  1  2069  
1532  66  1  2030  
1541  18  1  2059  
1554  9  1  2044  
1567  70  4  2004  2056  2069  2075  
1570  93  4  2000  2024  2063  2073  
1574  47  4  2060  2068  2073  2080  
1576  34  1  2003  
1580  9  1  2030  
1586  96  2  2030  2094  
1597  19  1  2080  
1598  45  1  2064  
1600  18  1  2073  
1602  55  2  2060  2064  
1614  7  1  2056  
1616  76  2  2056  2080  
1617  68  3  2030  2050  2097  
1618  35  2  2031  2069  
1621  23  3  2031  2059  2068  
1623  89  5  2015  2059  2064  2070  2088  
1633  27  2  2004  2059  
1634  97  4  2029  2056  2073  2091  
1636  67  1  2070  
1639  141  4  2000  2030  2064  2080  
1648  57  4  2056  2060  2064  2068  
1653  11  1  2068  
1658  26  3  2044  2064  2068  
1659  44  2  2030  2068  
1663  48  1  2042  
1664  20  1  2064  
1671  129  3  2017  2053  2073  
1674  43  1  2059  
1676  41  1  2030  
1677  105  4  2044  2068  2073  2090  
1678  10  1  2073  
1680  90  3  2044  2050  2073  
1691  6  1  2030  
1694  73  2  2030  2059  
1695  16  1  2015  
1696  28  2  2027  2068  
1697  57  2  2000  2030  
1705  47  1  2000  
1706  16  1  2073  
1710  12  1  2056  
1723  22  4  2030  2031  2060  2070  
1730  33  3  2044  2073  2080  
1738  44  5  2030  2044  2050  2073  2074  
1741  36  5  2027  2030  2031  2070  2090  
1744  36  2  2017  2027  
1765  33  1  2056  
1769  112  10  2027  2030  2031  2060  2064  2068  2070  2080  2088  2097  
1772  204  7  2024  2044  2050  2068  2073  2088  2090  
1791  3  1  2097  
1795  15  1  2030  
1798  29  2  2017  2074  
1807  31  1  2031  
1812  31  3  2000  2029  2069  
1817  181  7  2029  2030  2044  2069  2073  2074  2097  
1821  34  2  2059  2064  
1824  47  2  2059  2060  
1828  7  1  2069  
1829  56  4  2029  2050  2060  2090  
1830  17  2  2015  2031  
1835  66  3  2044  2073  2080  
1841  88  8  2000  2003  2024  2030  2059  2060  2064  2088  
1843  39  1  2060  
1845  63  1  2050  
1850  63  3  2015  2056  2074  
1855  10  2  2056  2070  
1857  13  1  2056  
1888  14  2  2015  2064  
1898  121  16  2000  2003  2004  2015  2017  2024  2027  2028  2030  2031  2060  2064  2070  2088  2091  2097  
1901  50  2  2044  2059  
1904  4  1  2061  
1907  7  1  2031  
1908  121  6  2000  2015  2030  2059  2073  2080  
1916  10  3  2007  2063  2065  
1917  28  1  2080  
1923  8  2  2015  2030  
1924  7  2  2007  2065  
1925  55  1  2059  
1927  6  3  2004  2007  2015  
1929  7  1  2004  
1930  22  5  2004  2007  2015  2063  2065  
1936  11  2  2028  2050  
1939  47  1  2030  
1942  1  1  2007  
1944  39  1  2068  
1945  16  1  2030  
1946  20  4  2028  2053  2073  2088  
1947  23  1  2004  
1948  113  4  2029  2059  2064  2073  
1950  122  11  2017  2027  2028  2031  2044  2053  2061  2064  2090  2094  2097  
1956  44  1  2030  
1960  129  2  2015  2059  
1962  146  3  2044  2068  2073  
1970  23  1  2030  
1971  145  2  2030  2075  
1978  4  1  2003  
1981  41  6  2004  2017  2027  2031  2052  2060  
1983  18  4  2030  2060  2064  2070  
1991  32  4  2024  2060  2064  2097  
1996  65  3  2030  2073  2090  
1998  17  2  2027  2056  
2000  3  1  2097  
2001  1  1  2003  
2002  1  1  2003  
2004  1  1  2007  
2005  1  1  2007  
2006  3  2  2007  2080  
2008  61  2  2029  2080  
2014  5  1  2017  
2015  12  2  2017  2059  
2016  3  2  2017  2061  
2020  3  1  2065  
2022  2  1  2024  
2023  1  1  2024  
2028  14  2  2052  2053  
2029  31  1  2069  
2030  17  3  2031  2064  2070  
2047  1  1  2053  
2048  143  6  2029  2044  2050  2053  2056  2069  
2049  49  5  2004  2050  2053  2059  2073  
2050  66  2  2004  2053  
2051  12  1  2053  
2052  36  3  2015  2053  2068  
2053  14  1  2097  
2055  75  7  2044  2050  2060  2064  2068  2073  2088  
2056  241  7  2004  2029  2068  2069  2073  2074  2090  
2058  1  1  2060  
2059  108  5  2029  2056  2060  2073  2097  
2062  1  1  2061  
2064  8  1  2030  
2066  38  1  2094  
2067  3  1  2064  
2068  25  1  2050  
2069  22  2  2068  2070  
2072  31  1  2015  
2073  247  3  2044  2059  2080  
2074  49  2  2044  2064  
2075  95  1  2064  
2076  1  1  2064  
2083  1  1  2088  
2084  1  1  2088  
2085  2  1  2088  
2086  1  1  2088  
2087  31  2  2015  2044  
2089  48  2  2004  2059  
2092  4  1  2090  
2094  2  1  2015  
2095  5  1  2097  
2097  17  2  2030  2050  
2101  14  1  2056  
2102  120  4  2029  2030  2069  2074  
2109  164  5  2015  2029  2030  2044  2059  
2111  67  2  2068  2073  
2119  1  1  2097  
2120  3  1  2097  
2121  1  1  2097  
2122  1  1  2097  
2123  1  1  2097  
2124  1  1  2097  
2125  3  1  2097  
2126  1  1  2097  
2127  3  1  2097  
2128  2  1  2097  
2129  2  1  2097  
2130  3  1  2097  
2131  2  1  2097  
2132  3  1  2097  
2133  19  1  2004  
2134  111  5  2015  2030  2044  2059  2069  
2137  252  4  2029  2030  2069  2074  
2138  215  7  2015  2029  2030  2059  2069  2074  2080  
2165  57  1  2030  
2171  4  1  2015  
2173  77  2  2069  2073  
2177  189  1  2090  
2179  124  4  2044  2068  2073  2080  
2180  7  1  2004  
2183  49  2  2059  2073  
2184  26  2  2056  2059  
2186  45  1  2074  
2188  71  1  2069  
2190  72  2  2056  2073  
2193  66  1  2015  
2194  1  1  2015  
2195  1  1  2015  
2196  2  1  2015  
2204  62  2  2029  2030  
2216  141  5  2029  2030  2068  2069  2073  
2231  11  2  2056  2059  
2236  35  3  2050  2059  2073  
2240  50  2  2056  2074  
2244  6  1  2056  
2256  31  1  2097  
2258  6  1  2056  
2262  4  1  2004  
2271  75  3  2044  2056  2080  
2272  103  4  2044  2068  2073  2080  
2273  142  8  2030  2044  2048  2050  2059  2068  2073  2080  
2275  35  2  2044  2080  
2277  6  1  2069  
2283  324  4  2044  2056  2073  2074  
2284  1  1  2059  
2285  21  1  2059  
2288  1  1  2004  
2289  1  1  2004  
2290  6  1  2004  
2291  1  1  2004  
2292  1  1  2004  
2293  2  1  2004  
2294  38  2  2044  2073  
2301  100  2  2069  2073  
2303  46  1  2068  
2304  69  3  2044  2050  2080  
2307  68  1  2050  
2327  2  1  2073  
2329  47  1  2059  
2334  37  2  2068  2073  
2335  93  4  2044  2050  2069  2080  
2340  105  1  2029  
2342  70  2  2068  2073  
2343  26  2  2052  2080  
2348  77  1  2080  
2350  82  3  2044  2069  2073  
2351  180  4  2030  2050  2069  2073  
2355  50  1  2056  
2356  893  13  2029  2030  2042  2044  2050  2056  2059  2068  2069  2073  2074  2075  2080  
2367  146  3  2050  2068  2097  
2376  60  2  2030  2069  
2381  13  1  2056  
2383  45  2  2073  2080  
2384  49  3  2056  2080  2090  
2387  7  1  2068  
2391  64  1  2068  
2394  14  1  2080  
2399  25  1  2056  
2403  22  1  2050  
2404  53  5  2029  2050  2059  2069  2073  
2408  108  2  2029  2074  
2431  39  1  2073  
2432  18  1  2080  
2436  269  7  2029  2044  2050  2059  2069  2073  2074  
2438  113  5  2028  2029  2056  2069  2074  
2439  104  2  2030  2069  
2440  49  1  2030  
2442  44  2  2069  2074  
2443  307  4  2029  2059  2069  2074  
2445  164  3  2030  2050  2069  
2447  2  1  2073  
2450  6  2  2068  2073  
2451  126  1  2090  
2458  103  5  2029  2044  2050  2068  2069  
2469  156  4  2044  2050  2056  2097  
2471  618  12  2029  2030  2044  2050  2056  2059  2068  2069  2073  2074  2075  2090  
2472  38  1  2074  
2473  26  2  2044  2050  
2476  149  2  2029  2069  
2479  64  2  2044  2056  
2480  45  1  2050  
2482  74  2  2030  2069  
2483  168  4  2029  2030  2069  2074  
2484  19  2  2044  2080  
2485  80  2  2044  2068  
2486  61  2  2044  2050  
2487  75  5  2044  2050  2056  2068  2073  
2490  103  3  2044  2056  2068  
2494  200  4  2029  2030  2069  2074  
2499  21  1  2069  
2506  33  1  2068  
2511  3  2  2028  2056  
2520  25  1  2073  
2521  79  1  2074  
2532  23  1  2075  
2537  29  2  2074  2088  
2540  40  1  2080  
2547  35  1  2097  
2561  3  1  2074  
2562  173  3  2029  2050  2073  
2564  18  1  2080  
2574  16  2  2029  2069  
2587  43  1  2073  
2595  39  1  2073  
2602  14  2  2073  2080  
2604  124  3  2029  2050  2069  
2616  16  2  2044  2080  
2617  5  1  2080  
2618  1  1  2080  
2619  3  1  2080  
2620  139  2  2056  2080  
2632  282  8  2030  2044  2050  2059  2068  2069  2073  2074  
2633  87  1  2044  
2641  28  1  2091  
2666  57  1  2056  
2668  33  2  2050  2068  
2677  35  2  2069  2073  
2691  123  4  2030  2059  2068  2088  
2697  26  1  2068  
2707  47  2  2044  2073  
2712  70  4  2030  2044  2056  2073  
2715  238  7  2029  2030  2056  2059  2069  2073  2074  
2716  55  3  2044  2068  2075  
2720  357  3  2056  2059  2088  
2726  6  1  2056  
2735  55  2  2069  2074  
2741  3  1  2056  
2746  43  1  2044  
2751  28  2  2030  2073  
2752  31  2  2044  2073  
2753  15  1  2068  
2755  51  1  2069  
2756  123  4  2029  2068  2069  2074  
2761  44  1  2075  
2763  3  1  2073  
2764  19  1  2073  
2766  52  2  2044  2050  
2770  52  2  2044  2050  
2771  4  1  2056  
2772  175  5  2029  2044  2056  2068  2069  
2774  189  7  2029  2030  2050  2056  2069  2073  2074  
2777  50  2  2028  2050  
2778  216  3  2069  2074  2097  
2779  45  1  2068  
2780  38  2  2050  2056  
2781  13  1  2056  
2783  7  1  2073  
2784  1  1  2073  
2785  14  1  2073  
2786  7  1  2073  
2787  14  1  2073  
2788  1  1  2073  
2789  1  1  2073  
2790  6  1  2073  
2791  10  1  2068  
2792  12  1  2068  
2800  52  3  2029  2050  2074  
2801  44  2  2029  2068  
2803  32  2  2056  2068  
2804  4  1  2068  
2806  42  2  2044  2050  
2811  1  1  2068  
2812  25  1  2068  
2813  34  1  2068  
2814  1  1  2068  
2815  2  1  2068  
2816  1  1  2068  
2823  62  1  2030  
2827  37  2  2044  2056  
2831  81  1  2044  
2834  37  2  2044  2050  
2837  37  2  2044  2050  
2845  10  1  2030  
2846  8  1  2056  
2877  88  2  2029  2056  
2878  18  1  2059  
2880  6  1  2044  
2891  9  1  2056  
2905  41  1  2074  
2907  24  1  2044  
2918  68  1  2091  
2919  56  1  2030  
2923  22  1  2074  
2926  13  1  2056  
2935  6  1  2056  
2936  41  2  2044  2056  
2937  3  1  2056  
2938  2  1  2056  
2939  1  1  2056  
2940  1  1  2056  
2941  1  1  2056  
2942  1  1  2056  
2943  2  1  2056  
2944  1  1  2056  
2945  1  1  2056  
2946  1  1  2056  
2947  1  1  2056  
2948  1  1  2056  
2949  1  1  2056  
2950  1  1  2056  
2951  1  1  2056  
2952  13  1  2044  
2960  3  1  2097  
2964  28  1  2044  
2978  37  1  2029  
3001  79  2  2030  2059  
3011  36  2  2056  2069  
3012  58  1  2059  
3017  51  1  2030  
3024  31  1  2074  
3034  13  1  2075  
3036  15  1  2030  
3040  18  1  2056  
3056  13  1  2029  
3061  9  2  2029  2069  
3062  55  1  2056  
3064  273  3  2059  2069  2074  
3088  19  2  2029  2069  
3098  60  1  2075  
3102  156  4  2029  2056  2069  2074  
3110  122  2  2056  2069  
3112  89  2  2074  2090  
3122  30  2  2056  2074  
3137  88  3  2028  2029  2030  
3141  2  1  2069  
3144  271  3  2056  2075  2097  
3146  314  4  2056  2059  2075  2090  
3147  27  1  2059  
3149  131  2  2056  2059  
3150  319  3  2056  2059  2075  
3151  148  2  2030  2056  
3153  241  2  2059  2090  
3154  166  1  2074  
3155  69  1  2074  
3156  92  1  2090  
3158  101  2  2069  2091  
3163  17  1  2029  
3167  21  2  2029  2069  
3169  15  2  2056  2097  
3172  53  4  2029  2030  2069  2074  
3174  102  1  2056  
3177  24  3  2029  2069  2074  
3178  20  1  2029  
3184  2  1  2097  
3185  3  1  2097  
3188  3  1  2097  
3191  114  1  2056  
3192  3  1  2097  
3200  9  1  2029  
3206  48  1  2056  
3210  28  1  2074  
3214  64  1  2074  
3215  13  1  2074  
3226  81  1  2030  
3237  8  1  2069  
3241  10  1  2074  
3245  40  1  2030  
3251  147  1  2074  
3252  42  1  2030  
3254  4  1  2069  
3255  1  1  2069  
3270  26  1  2056  
3278  52  1  2090  
3280  12  1  2056  
3284  24  1  2056  
3287  22  1  2074  
3289  205  3  2074  2075  2090  
3290  144  3  2056  2059  2069  
3297  22  1  2074  
3299  64  3  2030  2056  2059  
3303  32  2  2059  2090  
3304  91  1  2075  
3306  48  1  2069  
3307  82  2  2059  2090  
3314  212  2  2030  2090  
3315  362  3  2090  2091  2097  
3316  44  1  2090  
3317  40  1  2030  
3318  9  1  2030  
3330  39  2  2056  2074  
3332  87  1  2069  
3333  36  1  2030  
3337  20  1  2042  
3338  144  3  2030  2059  2069  
3356  2  1  2056  
3388  11  1  2030  
3391  93  1  2030  
3400  3  1  2030  
3426  16  1  2030  
3428  22  1  2030  
3442  99  4  2069  2075  2088  2091  
3443  232  3  2056  2069  2075  
3447  46  1  2056  
3449  113  1  2056  
3451  23  1  2030  
3466  94  1  2075  
3467  47  2  2030  2069  
3468  20  2  2030  2090  
3479  20  1  2059  
3498  82  2  2056  2075  
3507  5  1  2056  
3509  5  1  2056  
3510  15  2  2030  2056  
3549  29  1  2056  
3556  5  1  2030  
3578  30  1  2030  
3583  85  1  2090  
3588  16  2  2030  2069  
3596  90  1  2059  
3601  145  2  2059  2090  
3607  20  1  2090  
3617  57  1  2090  
3621  4  1  2030  
3624  2  1  2030  
3625  15  1  2030  
3633  2  1  2030  
3634  2  1  2030  
3648  147  1  2075  
3652  104  3  2056  2059  2091  
3656  89  2  2056  2059  
3657  257  3  2056  2059  2090  
3679  111  1  2075  
3681  29  2  2056  2059  
3682  115  1  2090  
3686  77  1  2056  
3704  155  2  2059  2075  
3722  50  1  2048  
3725  41  2  2056  2059  
3740  37  1  2059  
3801  53  1  2056  
3808  112  1  2059  
3809  3  1  2059  
3810  42  1  2059  
3811  41  1  2059  
3812  7  1  2059  
3813  17  1  2059  
3814  1  1  2059  
3855  52  1  2075  
3870  38  1  2090  
3879  278  3  2075  2090  2097  
3914  55  1  2042  
3919  80  1  2075  
3945  4  1  2042  
3958  9  1  2042  
3971  17  1  2056  
4021  18  1  2075  
4035  153  1  2090  
4073  81  1  2075  
4083  100  1  2075  
4090  16  1  2090  
4124  15  1  2056  
4152  228  3  2042  2090  2097  
4173  3  1  2056  
4192  20  1  2042  
4197  23  2  2056  2097  
4198  59  1  2056  
4275  27  1  2090  
4285  62  1  2088  
4288  73  1  2090  
4291  4  1  2042  
4309  28  1  2056  
4315  101  2  2090  2091  
4319  168  1  2088  
4323  7  1  2056  
4324  6  1  2056  
4325  1  1  2056  
4326  1  1  2056  
4327  1  1  2056  
4328  2  1  2056  
4329  2  1  2056  
4330  1  1  2056  
4331  4  1  2056  
4332  1  1  2056  
4333  2  1  2056  
4334  24  1  2056  
4335  2  1  2056  
4336  1  1  2056  
4337  34  1  2056  
4338  1  1  2056  
4339  1  1  2056  
4340  2  1  2056  
4341  3  1  2056  
4342  3  1  2056  
4343  3  1  2056  
4344  5  1  2056  
4345  2  1  2056  
4346  2  1  2056  
4347  3  1  2056  
4348  1  1  2056  
4349  1  1  2056  
4350  30  1  2056  
4351  2  1  2056  
4352  1  1  2056  
4353  4  1  2056  
4354  1  1  2056  
4384  169  1  2090  
4440  361  3  2075  2088  2090  
4459  23  1  2090  
4470  115  1  2090  
4485  139  1  2090  
4486  172  1  2097  
4531  271  3  2088  2090  2097  
4569  69  1  2090  
4571  54  1  2088  
4583  51  1  2088  
4599  12  1  2097  
4606  41  1  2075  
4611  139  2  2075  2090  
4614  217  2  2075  2090  
4615  49  1  2075  
4619  68  2  2075  2090  
4620  152  2  2088  2091  
4623  211  1  2075  
4624  312  3  2075  2090  2091  
4625  80  1  2075  
4672  44  1  2090  
4685  75  2  2075  2091  
4715  61  2  2090  2097  
4783  19  1  2075  
4790  37  1  2075  
4828  66  1  2088  
4840  44  2  2090  2091  
4901  389  1  2088  
4908  243  3  2088  2090  2097  
4909  26  1  2097  
4919  137  1  2090  
4927  46  1  2075  
4933  13  1  2091  
4951  105  1  2090  
4965  8  1  2075  
4977  66  1  2090  
4999  4  1  2075  
5002  21  1  2088  
5012  139  1  2090  
5013  5  1  2090  
5038  18  2  2075  2090  
5051  230  1  2088  
5080  45  1  2088  
5122  32  1  2090  
5129  191  1  2090  
5137  33  1  2090  
5142  21  1  2090  
5147  144  1  2090  
5149  84  2  2088  2097  
5151  67  1  2097  
5152  61  1  2090  
5154  22  1  2097  
5155  98  1  2097  
5182  92  2  2090  2097  
5241  42  1  2090  
5334  1  1  2090  
5335  39  1  2090  
5363  54  1  2042  
5482  17  1  2097  
5546  190  1  2097  
5563  108  1  2097  
5593  4  1  2042  
5725  21  1  2097  
5756  1  1  2097  
5757  1  1  2097  
5758  1  1  2097  
5759  1  1  2097  
5760  1  1  2097  
5761  1  1  2097  
5762  1  1  2097  
5763  1  1  2097  
5764  1  1  2097  
5765  1  1  2097  
5766  1  1  2097  
5772  177  1  2042  
6026  191  1  2042  
6147  161  1  2042  
6335  89  1  2042  
6355  27  1  2042  
6415  52  1  2042  
6493  27  1  2042  
6622  25  1  2042  
6671  13  1  2042  
6725  9  1  2042  
6730  23  1  2042  
6850  11  1  2042  
6864  15  1  2042  
6880  2  1  2042  
