8  743  5  4300  4303  4305  4311  4318  
21  309  2  4303  4318  
24  102  1  4319  
41  44  1  4365  
65  275  4  4319  4365  4372  4381  
81  122  1  4319  
97  68  1  4300  
107  89  1  4311  
121  132  1  4303  
146  61  1  4365  
158  93  1  4365  
164  334  2  4319  4365  
263  76  1  4300  
273  35  1  4303  
292  230  2  4318  4319  
293  321  1  4372  
301  199  2  4318  4319  
307  25  1  4300  
317  46  2  4305  4311  
328  86  5  4303  4305  4311  4313  4365  
384  145  1  4337  
401  79  1  4365  
408  157  1  4318  
431  732  11  4303  4305  4311  4315  4318  4319  4322  4337  4365  4367  4384  
528  30  1  4384  
530  34  3  4300  4303  4365  
581  25  1  4311  
606  158  1  4337  
637  100  1  4311  
661  264  1  4311  
666  32  1  4319  
676  232  1  4365  
680  93  2  4311  4365  
698  50  1  4365  
702  773  10  4300  4305  4311  4315  4318  4319  4337  4367  4372  4384  
719  224  2  4311  4365  
724  317  8  4300  4303  4305  4311  4315  4318  4319  4365  
746  272  1  4319  
758  165  2  4311  4318  
771  61  1  4319  
783  99  1  4318  
785  91  1  4311  
793  97  1  4337  
807  122  1  4305  
871  29  1  4367  
884  3  1  4365  
917  297  2  4311  4365  
924  12  1  4337  
928  8  1  4365  
953  33  1  4319  
955  86  1  4365  
959  49  2  4319  4365  
969  46  1  4318  
972  196  3  4303  4311  4365  
1038  399  11  4300  4303  4305  4311  4313  4315  4318  4319  4322  4337  4365  
1041  135  1  4318  
1054  472  3  4319  4365  4384  
1066  599  6  4300  4303  4311  4319  4337  4365  
1067  158  1  4365  
1084  79  1  4301  
1085  43  1  4365  
1110  218  1  4337  
1202  2  1  4318  
1248  18  1  4372  
1261  462  2  4337  4365  
1272  35  1  4372  
1312  183  1  4365  
1352  20  3  4300  4305  4318  
1357  91  2  4305  4318  
1372  157  1  4303  
1376  210  1  4365  
1377  28  1  4365  
1421  244  3  4319  4337  4384  
1426  4  1  4365  
1427  587  2  4303  4365  
1430  81  1  4337  
1432  6  1  4365  
1494  80  1  4303  
1496  39  1  4303  
1557  6  1  4303  
1558  25  1  4318  
1571  112  2  4319  4384  
1601  42  1  4365  
1602  55  1  4365  
1616  76  1  4306  
1634  97  1  4319  
1648  57  1  4303  
1683  49  1  4315  
1705  47  1  4303  
1765  33  1  4365  
1772  204  1  4319  
1828  7  1  4365  
1829  56  1  4300  
1845  63  1  4319  
1850  63  2  4303  4319  
1947  23  5  4300  4303  4311  4318  4365  
1956  44  1  4300  
1962  146  5  4303  4311  4318  4337  4384  
1971  145  2  4318  4365  
2008  61  1  4319  
2045  28  1  4318  
2056  241  6  4300  4303  4305  4315  4318  4319  
2073  247  2  4301  4303  
2074  49  1  4318  
2101  14  1  4366  
2109  164  1  4303  
2111  67  1  4315  
2134  111  1  4311  
2137  252  1  4303  
2177  189  3  4315  4319  4365  
2183  49  1  4365  
2188  71  1  4365  
2190  72  1  4319  
2193  66  3  4319  4337  4365  
2204  62  1  4303  
2240  50  3  4318  4319  4365  
2252  42  1  4365  
2283  324  4  4305  4318  4319  4384  
2285  21  1  4318  
2301  100  3  4318  4337  4365  
2313  44  2  4300  4365  
2329  47  1  4300  
2340  105  2  4303  4365  
2342  70  1  4305  
2345  5  1  4319  
2351  180  1  4303  
2356  893  9  4300  4303  4305  4311  4315  4318  4337  4365  4372  
2381  13  1  4337  
2384  49  1  4365  
2399  25  2  4300  4319  
2408  108  1  4365  
2436  269  2  4318  4384  
2438  113  1  4318  
2440  49  1  4318  
2443  307  6  4303  4311  4315  4319  4365  4367  
2451  126  2  4319  4337  
2469  156  1  4319  
2471  618  12  4300  4303  4305  4306  4311  4313  4315  4318  4319  4337  4365  4384  
2476  149  1  4303  
2490  103  1  4384  
2491  9  1  4311  
2514  16  1  4311  
2521  79  1  4303  
2532  23  1  4319  
2537  29  1  4365  
2562  173  2  4303  4365  
2565  6  1  4319  
2572  9  1  4365  
2579  19  1  4322  
2595  39  1  4337  
2596  50  3  4305  4311  4365  
2620  139  3  4303  4311  4322  
2632  282  3  4311  4315  4318  
2647  14  1  4384  
2685  62  2  4305  4365  
2687  36  1  4306  
2715  238  4  4303  4305  4318  4319  
2720  357  10  4303  4305  4306  4315  4318  4319  4322  4337  4356  4384  
2735  55  1  4372  
2761  44  2  4319  4384  
2772  175  1  4318  
2773  39  1  4300  
2774  189  5  4313  4319  4322  4365  4375  
2778  216  1  4337  
2813  34  2  4311  4318  
2831  81  2  4365  4372  
2899  79  2  4303  4311  
2905  41  2  4318  4322  
2918  68  2  4315  4337  
2919  56  1  4311  
2936  41  1  4315  
2964  28  1  4315  
2999  69  2  4319  4384  
3001  79  1  4311  
3011  36  1  4315  
3029  18  1  4365  
3045  18  1  4318  
3062  55  2  4318  4337  
3064  273  4  4315  4318  4319  4356  
3076  63  1  4365  
3087  41  1  4337  
3090  180  1  4372  
3098  60  2  4318  4384  
3102  156  1  4303  
3110  122  4  4300  4311  4318  4319  
3112  89  1  4372  
3131  9  1  4365  
3144  271  6  4305  4306  4318  4319  4337  4367  
3146  314  9  4300  4303  4305  4311  4315  4318  4319  4337  4365  
3148  98  6  4300  4303  4313  4318  4322  4365  
3149  131  4  4303  4306  4318  4365  
3150  319  12  4300  4303  4305  4313  4315  4318  4319  4322  4365  4367  4368  4384  
3151  148  5  4300  4303  4305  4313  4365  
3152  68  2  4311  4319  
3153  241  3  4318  4319  4384  
3154  166  6  4306  4313  4318  4319  4365  4367  
3155  69  1  4319  
3156  92  1  4365  
3157  22  1  4365  
3158  101  6  4300  4301  4303  4306  4319  4365  
3159  54  1  4303  
3160  56  5  4300  4303  4305  4311  4318  
3166  23  1  4318  
3173  42  1  4319  
3174  102  4  4305  4318  4319  4365  
3191  114  3  4303  4337  4384  
3209  71  3  4315  4322  4365  
3251  147  1  4303  
3264  156  2  4319  4365  
3270  26  1  4372  
3278  52  1  4311  
3289  205  3  4315  4319  4337  
3304  91  1  4337  
3307  82  1  4337  
3308  63  1  4365  
3314  212  4  4303  4319  4337  4372  
3315  362  3  4319  4365  4384  
3316  44  1  4384  
3332  87  1  4311  
3338  144  4  4303  4305  4319  4384  
3354  6  1  4372  
3362  95  1  4311  
3395  85  2  4300  4365  
3396  11  1  4303  
3441  18  1  4337  
3443  232  8  4300  4303  4305  4311  4318  4319  4337  4365  
3446  27  1  4319  
3449  113  4  4305  4315  4318  4384  
3465  53  1  4303  
3483  35  3  4300  4305  4318  
3490  18  2  4303  4311  
3492  8  1  4315  
3498  82  5  4305  4318  4319  4337  4372  
3536  43  2  4303  4306  
3548  42  2  4365  4384  
3561  2  1  4365  
3562  5  1  4365  
3583  85  2  4305  4322  
3589  4  1  4374  
3592  89  2  4318  4365  
3596  90  2  4301  4365  
3601  145  3  4303  4319  4365  
3617  57  4  4315  4319  4337  4384  
3622  28  1  4303  
3648  147  1  4300  
3652  104  4  4303  4305  4318  4365  
3653  68  2  4318  4384  
3656  89  4  4301  4322  4365  4375  
3657  257  7  4300  4303  4305  4318  4319  4367  4384  
3658  89  3  4303  4311  4365  
3666  23  2  4300  4311  
3679  111  2  4319  4384  
3681  29  2  4303  4311  
3682  115  2  4315  4319  
3685  86  4  4300  4303  4305  4319  
3686  77  2  4303  4319  
3704  155  8  4303  4313  4319  4322  4337  4365  4372  4384  
3715  12  1  4311  
3725  41  1  4303  
3748  16  1  4365  
3749  84  1  4318  
3750  43  1  4311  
3777  6  1  4318  
3800  65  2  4303  4318  
3801  53  2  4306  4365  
3808  112  6  4300  4303  4305  4311  4318  4319  
3810  42  1  4319  
3813  17  1  4303  
3844  24  1  4303  
3868  17  1  4319  
3871  9  1  4318  
3879  278  5  4315  4319  4337  4365  4384  
3884  29  1  4311  
3898  12  1  4319  
3903  32  1  4337  
3912  2  1  4365  
3919  80  2  4319  4337  
3939  11  1  4365  
3971  17  1  4311  
3975  15  1  4365  
3979  5  1  4319  
3987  2  1  4318  
3990  70  1  4365  
3994  202  3  4305  4318  4319  
3995  18  2  4306  4365  
4001  36  1  4319  
4035  153  1  4319  
4036  12  1  4366  
4037  20  1  4367  
4039  50  2  4300  4365  
4040  15  2  4303  4319  
4058  15  1  4300  
4062  9  1  4365  
4073  81  1  4384  
4082  45  2  4319  4365  
4083  100  1  4337  
4092  3  1  4319  
4095  11  1  4319  
4096  33  1  4303  
4102  40  3  4303  4337  4365  
4113  27  1  4319  
4116  6  1  4300  
4122  71  1  4365  
4124  15  1  4337  
4152  228  4  4300  4305  4319  4337  
4153  12  1  4305  
4169  114  2  4319  4356  
4176  46  1  4311  
4179  9  1  4305  
4186  2  1  4365  
4192  20  1  4303  
4197  23  1  4315  
4198  59  5  4300  4303  4305  4311  4318  
4218  8  2  4315  4365  
4220  121  3  4319  4337  4365  
4225  62  3  4305  4319  4384  
4231  36  2  4300  4365  
4232  15  2  4311  4315  
4242  3  1  4319  
4244  2  1  4365  
4249  3  1  4311  
4257  6  3  4300  4303  4305  
4263  53  1  4365  
4269  13  5  4300  4303  4305  4318  4322  
4294  1  1  4365  
4295  1  1  4300  
4296  1  1  4300  
4297  2  2  4300  4305  
4298  1  1  4300  
4299  1  1  4300  
4302  1  1  4303  
4304  46  2  4305  4337  
4305  20  1  4318  
4309  28  1  4311  
4310  1  1  4311  
4315  101  2  4319  4384  
4317  1  1  4318  
4318  1  1  4319  
4320  78  3  4315  4322  4356  
4321  1  1  4322  
4334  24  1  4367  
4337  34  2  4315  4319  
4342  3  1  4337  
4350  30  1  4319  
4351  2  1  4365  
4357  1  1  4365  
4358  1  1  4365  
4359  1  1  4365  
4360  2  1  4365  
4361  1  1  4365  
4362  1  1  4365  
4363  1  1  4365  
4364  3  1  4365  
4367  28  1  4375  
4380  79  2  4319  4337  
4384  169  2  4315  4319  
4407  10  1  4365  
4427  214  3  4315  4319  4337  
4440  361  4  4315  4319  4337  4384  
4442  8  1  4365  
4446  44  1  4319  
4448  23  2  4315  4319  
4454  43  2  4319  4337  
4473  28  1  4319  
4475  14  1  4384  
4485  139  2  4315  4365  
4486  172  1  4365  
4509  52  1  4372  
4523  5  1  4356  
4531  271  5  4315  4319  4337  4365  4384  
4536  4  1  4319  
4551  54  1  4365  
4552  127  1  4372  
4557  84  1  4319  
4558  7  1  4319  
4562  1  1  4319  
4563  2  1  4319  
4571  54  2  4319  4365  
4583  51  1  4315  
4606  41  1  4337  
4608  122  1  4365  
4610  35  2  4337  4384  
4611  139  2  4337  4384  
4612  101  1  4319  
4613  19  1  4319  
4614  217  4  4319  4337  4365  4384  
4617  14  1  4337  
4619  68  3  4315  4337  4384  
4620  152  2  4319  4365  
4623  211  2  4337  4384  
4624  312  3  4315  4319  4365  
4625  80  2  4315  4337  
4626  10  1  4337  
4631  32  1  4365  
4634  22  1  4365  
4635  15  1  4315  
4656  17  1  4319  
4669  19  1  4315  
4684  59  1  4319  
4685  75  1  4315  
4706  6  1  4315  
4707  1  1  4315  
4708  1  1  4315  
4715  61  1  4365  
4723  9  1  4337  
4743  3  1  4365  
4783  19  1  4337  
4800  40  2  4337  4365  
4817  37  1  4319  
4826  26  1  4319  
4831  63  1  4365  
4836  17  1  4365  
4840  44  1  4365  
4853  16  1  4337  
4860  28  1  4372  
4868  30  1  4337  
4901  389  2  4319  4365  
4908  243  4  4319  4365  4372  4384  
4919  137  1  4319  
4933  13  1  4365  
4945  1  1  4337  
4946  8  1  4337  
4971  28  1  4384  
4977  66  1  4319  
5055  4  1  4319  
5080  45  2  4319  4365  
5113  14  1  4384  
5122  32  2  4319  4365  
5129  191  2  4319  4365  
5133  222  1  4372  
5135  385  3  4365  4367  4372  
5137  33  1  4319  
5142  21  1  4365  
5150  75  1  4319  
5156  12  1  4365  
5169  41  1  4319  
5182  92  2  4365  4367  
5186  24  1  4319  
5191  50  1  4365  
5239  33  2  4319  4365  
5240  4  1  4365  
5241  42  1  4319  
5252  9  1  4365  
5263  11  1  4319  
5324  2  1  4365  
5335  39  1  4319  
5359  32  2  4319  4365  
5360  5  1  4365  
5361  3  1  4319  
5366  18  2  4319  4365  
5377  1  1  4319  
5378  1  1  4319  
5379  5  1  4319  
5393  1  1  4365  
5394  1  1  4365  
5395  2  1  4365  
5396  2  1  4365  
5447  3  1  4365  
5528  52  1  4372  
5655  58  1  4365  
5676  85  1  4367  
5684  101  2  4365  4372  
5699  54  1  4365  
5706  33  2  4365  4372  
5743  58  1  4365  
5772  177  1  4372  
5827  5  1  4365  
5831  29  1  4372  
5874  100  2  4365  4372  
6019  31  1  4365  
6021  28  1  4365  
6026  191  2  4365  4367  
6033  95  1  4365  
6035  54  2  4365  4372  
6049  65  1  4372  
6057  18  1  4365  
6058  68  2  4367  4372  
6094  81  1  4365  
6146  21  1  4372  
6152  142  2  4365  4372  
6154  40  1  4372  
6155  98  1  4365  
6157  118  1  4365  
6175  123  1  4365  
6200  1  1  4365  
6220  2  1  4372  
6297  7  1  4372  
6299  4  1  4372  
6300  101  2  4367  4372  
6305  23  1  4372  
6307  9  1  4372  
6308  21  2  4365  4372  
6396  8  1  4372  
6495  3  1  4365  
6496  4  1  4365  
6512  3  1  4367  
6554  19  1  4372  
6565  4  1  4372  
6566  33  1  4372  
6573  2  1  4372  
6575  1  1  4372  
6576  1  1  4372  
6577  1  1  4372  
