0  23  4  102  144  169  173  
1  29  5  124  133  140  143  144  
2  23  8  121  124  140  145  155  159  160  166  
3  302  17  121  124  125  128  133  140  143  145  146  155  159  160  162  166  169  173  174  
5  182  19  121  124  125  128  133  137  142  143  144  145  146  155  159  160  166  169  173  174  181  
6  81  5  124  128  137  143  160  
7  86  10  124  125  128  140  145  146  155  160  166  174  
8  743  14  121  124  125  140  143  145  146  155  160  162  169  174  181  193  
10  11  1  169  
11  114  9  121  124  133  142  144  169  173  174  181  
12  50  1  144  
14  45  4  102  121  128  174  
15  12  2  137  181  
16  39  9  121  124  125  143  146  155  160  173  174  
17  187  9  125  128  133  143  145  159  160  173  174  
18  76  6  128  133  137  142  160  174  
20  74  8  121  128  137  143  155  160  166  174  
21  309  3  124  125  142  
22  90  5  121  144  146  173  181  
23  95  15  121  124  125  128  133  137  140  143  144  146  155  159  160  173  174  
24  102  10  125  128  133  137  144  145  159  166  173  174  
25  133  14  121  124  125  128  137  140  142  143  144  146  155  169  173  181  
26  150  9  121  124  133  140  142  143  144  146  174  
30  24  7  121  133  137  140  159  169  174  
32  65  6  125  128  143  144  145  174  
33  227  2  144  193  
34  20  1  160  
35  14  2  144  173  
36  41  7  121  128  140  144  155  160  173  
38  30  3  133  143  174  
39  89  1  169  
40  4  1  173  
41  44  2  140  146  
43  59  5  125  142  144  173  193  
44  146  10  121  128  133  143  144  146  155  160  169  173  
45  21  1  160  
47  14  1  146  
48  24  1  166  
52  64  3  128  137  144  
53  24  3  144  166  181  
55  38  7  121  125  137  146  155  159  174  
56  94  4  144  159  160  193  
63  44  2  144  174  
64  17  4  125  145  169  181  
65  275  2  121  124  
66  109  3  137  143  160  
67  164  5  137  144  169  173  193  
68  13  1  144  
69  69  2  146  169  
70  31  3  144  146  181  
72  25  3  102  124  166  
73  41  1  137  
74  53  3  145  159  181  
75  59  4  137  142  143  160  
76  18  2  166  181  
81  122  1  142  
82  195  6  142  143  146  174  181  193  
84  29  3  143  145  160  
85  72  2  162  193  
87  5  1  160  
88  1  1  145  
89  80  9  121  124  125  140  142  143  144  166  174  
90  2  1  102  
95  16  3  102  144  181  
96  5  1  102  
97  68  4  137  159  173  181  
98  30  3  142  144  169  
103  190  1  193  
104  95  2  102  166  
105  29  1  181  
107  89  3  125  133  144  
109  3  1  102  
116  213  2  144  193  
118  3  1  102  
120  25  1  124  
121  132  5  124  137  144  169  193  
122  80  2  121  124  
123  4  1  124  
124  13  2  144  173  
125  29  3  137  144  193  
126  10  2  128  137  
127  2  1  137  
128  7  1  137  
129  99  5  125  137  142  169  193  
130  1  1  137  
131  72  6  125  137  143  145  155  160  
132  37  2  137  181  
133  30  2  128  137  
134  1  1  137  
135  25  3  137  140  173  
136  94  7  125  128  137  162  173  174  193  
138  18  1  140  
139  1  1  140  
141  1  1  143  
142  28  1  169  
143  74  2  162  173  
144  21  2  173  181  
146  61  6  143  145  160  162  169  193  
148  4  2  155  160  
149  44  3  133  173  193  
150  7  2  144  145  
151  1  1  145  
152  1  1  145  
153  32  2  145  146  
154  4  1  160  
156  8  2  102  143  
157  3  2  144  159  
158  93  3  144  162  193  
164  334  1  166  
165  1  1  166  
167  39  1  146  
168  19  2  128  174  
169  63  2  173  174  
170  17  2  128  174  
171  54  4  125  128  173  174  
172  3  1  174  
173  79  2  174  193  
176  37  1  128  
182  21  1  193  
186  11  1  144  
191  6  1  128  
194  12  3  133  142  144  
204  100  2  169  181  
209  10  1  128  
212  13  1  144  
217  6  1  162  
218  50  3  125  166  169  
219  23  1  169  
223  39  4  142  143  169  173  
224  41  1  169  
228  8  1  125  
241  25  1  142  
244  8  1  125  
249  22  1  173  
251  31  1  142  
254  3  1  169  
258  7  1  143  
260  56  2  144  173  
261  7  1  125  
262  2  1  133  
263  76  3  125  144  169  
264  39  3  125  133  193  
265  2  1  125  
266  7  1  125  
272  71  1  193  
274  6  1  169  
288  244  1  193  
290  142  1  193  
292  230  2  162  193  
299  140  1  193  
301  199  2  173  193  
306  14  1  128  
308  12  2  133  144  
311  6  1  128  
317  46  1  143  
318  31  2  128  143  
319  1  1  128  
320  1  1  128  
321  80  3  128  133  142  
322  30  3  128  143  169  
323  47  3  128  143  162  
324  2  1  128  
325  4  1  128  
326  3  1  128  
334  9  1  181  
335  6  1  144  
344  8  1  144  
350  117  1  193  
361  45  4  133  142  166  173  
364  11  1  142  
377  12  1  181  
383  34  1  169  
384  145  1  193  
387  6  1  133  
389  21  2  143  169  
395  1  1  133  
401  79  1  193  
402  41  5  143  144  169  173  181  
406  5  2  102  143  
408  157  1  169  
414  1  1  169  
415  8  1  169  
416  8  1  169  
417  1  1  169  
427  1  1  181  
428  9  1  181  
429  4  1  181  
430  5  1  181  
431  732  2  147  181  
432  4  1  181  
456  2  1  144  
504  121  1  142  
509  4  1  144  
512  15  1  142  
518  4  1  144  
522  5  1  143  
523  3  1  144  
524  1  1  144  
525  1  1  144  
526  1  1  144  
527  4  1  144  
528  30  1  173  
534  13  1  143  
540  12  2  142  166  
545  2  1  143  
546  1  1  143  
547  1  1  143  
562  35  1  142  
567  14  1  166  
568  1  1  166  
577  55  1  162  
579  66  1  193  
592  2  1  142  
593  40  1  142  
603  14  1  193  
606  158  1  162  
626  83  1  162  
635  118  1  193  
644  28  1  162  
647  51  2  162  193  
661  264  1  193  
697  8  1  193  
702  773  2  147  193  
705  146  1  162  
719  224  1  193  
723  113  1  193  
724  317  1  162  
729  60  1  162  
739  90  1  162  
743  34  1  162  
746  272  1  193  
759  249  1  193  
768  36  1  193  
772  30  1  162  
789  16  1  193  
793  97  1  193  
798  38  1  162  
799  59  1  162  
829  119  1  162  
847  149  1  193  
864  80  1  162  
869  110  1  193  
892  72  1  162  
895  36  1  193  
899  65  1  162  
907  77  1  162  
909  292  1  193  
914  238  1  162  
917  297  1  193  
926  138  1  162  
948  135  1  162  
955  86  1  193  
972  196  1  193  
1008  88  1  193  
1025  39  1  162  
1030  37  1  162  
1034  62  1  162  
1037  57  1  193  
1038  399  1  162  
1040  115  2  162  193  
1054  472  1  193  
1062  24  1  162  
1066  599  1  193  
1067  158  1  162  
1084  79  1  193  
1104  61  1  162  
1110  218  1  193  
1111  79  1  162  
1133  16  1  162  
1146  77  1  193  
1147  21  1  162  
1149  2  1  162  
1150  51  2  162  193  
1174  124  2  162  193  
1189  76  1  193  
1197  290  1  193  
1211  181  1  193  
1255  40  1  193  
1261  462  2  162  193  
1282  199  2  162  193  
1346  48  1  193  
1355  72  1  193  
1357  91  1  193  
1368  117  1  162  
1370  64  1  193  
1372  157  1  162  
1380  48  1  193  
1427  587  2  162  193  
1433  79  1  193  
1460  102  1  193  
1461  5  1  162  
1468  114  1  162  
1487  73  1  193  
1488  162  1  162  
1586  96  1  193  
1618  35  1  193  
1648  57  1  193  
1680  90  1  193  
1706  16  1  193  
1730  33  1  193  
1772  204  2  177  193  
1817  181  1  193  
1947  23  1  193  
1971  145  1  193  
2029  31  1  193  
2056  241  1  193  
2059  108  1  193  
2102  120  1  193  
2109  164  1  193  
2134  111  1  193  
2137  252  1  193  
2273  142  1  193  
2280  8  1  147  
2283  324  1  193  
2329  47  1  193  
2334  37  1  193  
2335  93  1  193  
2340  105  1  193  
2351  180  1  193  
2355  50  1  193  
2356  893  2  147  193  
2408  108  1  193  
2436  269  1  193  
2438  113  1  193  
2442  44  1  193  
2443  307  2  147  193  
2445  164  1  193  
2469  156  1  193  
2471  618  1  193  
2476  149  1  193  
2483  168  1  193  
2484  19  1  193  
2485  80  1  193  
2486  61  1  193  
2494  200  1  193  
2550  22  1  147  
2562  173  1  193  
2604  124  1  193  
2632  282  1  193  
2657  29  1  193  
2755  51  1  193  
2777  50  1  193  
2779  45  1  193  
2798  9  1  193  
2877  88  1  193  
2881  26  1  193  
2916  10  1  193  
2929  8  1  193  
2999  69  1  147  
3058  35  1  193  
3089  42  1  193  
3095  12  1  193  
3201  4  1  193  
3217  3  1  193  
3264  156  1  147  
3315  362  1  147  
3443  232  1  147  
3648  147  1  147  
4152  228  1  147  
4304  46  1  147  
4409  7  1  147  
4608  122  1  147  
4614  217  1  147  
4831  63  1  147  
4832  26  1  147  
4901  389  1  147  
4908  243  1  147  
5135  385  1  147  
5154  22  1  147  
5656  6  1  147  
5793  104  1  147  
5801  50  1  147  
5873  4  1  147  
5874  100  1  147  
5909  3  1  147  
5915  22  1  147  
5921  77  1  147  
6026  191  1  147  
6033  95  1  147  
6035  54  1  147  
6049  65  1  147  
6054  57  1  147  
6152  142  1  147  
6154  40  1  147  
6155  98  1  147  
6157  118  1  147  
6179  11  1  147  
6294  47  1  147  
6296  12  1  147  
6300  101  1  147  
6322  11  1  147  
6348  39  1  147  
6382  3  1  147  
6387  21  1  147  
6405  38  1  147  
6512  3  1  147  
6545  4  1  147  
6546  3  1  147  
6547  1  1  147  
6548  1  1  147  
