0  23  7  515  529  532  534  538  551  558  
1  29  5  508  553  558  589  594  
3  302  20  508  512  514  515  527  529  532  534  537  538  540  548  551  556  558  560  563  564  566  587  
5  182  29  508  512  514  515  529  532  534  535  537  538  540  548  551  553  554  556  558  560  563  564  569  570  573  574  575  580  581  589  594  
6  81  6  507  508  527  540  558  572  
7  86  10  535  548  556  564  566  569  573  574  575  580  
8  743  22  507  508  523  527  535  548  554  555  556  558  560  564  569  570  573  574  575  580  581  587  588  591  
9  65  4  512  556  575  588  
11  114  16  508  512  514  515  529  532  537  556  558  560  563  564  566  572  575  594  
12  50  3  508  537  548  
13  15  1  581  
14  45  3  538  540  570  
15  12  1  587  
16  39  6  512  529  532  537  538  540  
17  187  13  512  515  538  540  548  553  556  558  570  572  575  580  594  
18  76  5  538  540  558  560  581  
20  74  6  534  535  538  549  563  564  
21  309  10  508  527  537  548  572  577  580  587  588  591  
22  90  8  508  538  540  548  551  558  589  594  
23  95  8  508  512  514  515  529  532  538  580  
24  102  16  514  515  532  534  538  551  553  556  560  563  570  573  574  575  580  589  
25  133  10  532  535  538  548  560  563  573  575  580  589  
26  150  6  535  537  548  551  558  573  
32  65  2  588  591  
33  227  8  508  527  548  572  580  581  587  588  
34  20  2  555  556  
35  14  2  537  556  
36  41  4  558  560  574  575  
39  89  1  512  
43  59  5  512  514  538  556  570  
44  146  3  508  556  588  
45  21  1  512  
48  24  3  537  556  558  
53  24  1  569  
56  94  4  512  532  548  587  
59  17  4  553  554  556  558  
63  44  2  548  554  
65  275  2  555  594  
66  109  4  508  512  548  575  
67  164  10  514  515  532  534  537  538  540  548  580  581  
69  69  3  572  581  587  
70  31  1  548  
72  25  3  551  570  588  
73  41  2  514  515  
74  53  2  548  581  
75  59  7  508  538  548  566  575  580  587  
81  122  3  512  548  572  
82  195  4  527  548  555  591  
85  72  4  507  508  548  588  
89  80  4  560  563  574  575  
94  5  1  508  
97  68  2  527  548  
100  9  1  527  
104  95  5  560  563  564  569  587  
105  29  3  548  558  580  
116  213  1  555  
119  29  1  581  
121  132  5  532  549  554  563  594  
124  13  1  594  
127  2  1  549  
128  7  1  537  
129  99  1  532  
131  72  6  508  514  538  540  548  581  
132  37  1  558  
133  30  3  538  540  553  
135  25  1  527  
136  94  7  507  514  515  538  577  588  591  
138  18  1  572  
142  28  11  514  515  532  535  537  538  540  549  553  554  556  
143  74  2  581  587  
144  21  4  515  529  534  537  
146  61  3  556  564  580  
149  44  1  572  
156  8  2  538  574  
158  93  1  591  
162  70  4  507  523  527  588  
164  334  9  507  508  523  527  535  548  572  588  591  
167  39  1  591  
169  63  6  508  512  538  548  553  563  
173  79  5  538  548  588  591  594  
176  37  2  548  549  
181  19  2  534  548  
188  17  1  527  
192  31  1  548  
193  12  1  558  
194  12  3  548  560  563  
197  6  1  572  
198  10  1  572  
204  100  2  507  580  
209  10  2  538  551  
211  19  3  538  554  580  
217  6  1  507  
218  50  6  508  548  558  560  564  594  
219  23  2  548  566  
223  39  8  529  534  538  540  548  558  569  580  
224  41  4  508  529  535  580  
227  5  1  581  
228  8  1  572  
242  86  15  512  515  529  548  553  554  555  570  573  574  575  577  580  581  587  
243  10  2  572  588  
246  56  3  527  548  572  
248  8  3  553  554  556  
251  31  1  548  
255  30  1  556  
260  56  4  538  551  566  594  
263  76  4  514  515  527  572  
264  39  11  508  512  514  515  527  538  540  551  553  554  556  
272  71  1  577  
278  10  1  508  
288  244  10  514  515  535  548  556  560  566  580  581  587  
290  142  6  527  548  572  587  588  591  
292  230  5  535  548  572  577  581  
293  321  4  572  581  587  591  
294  227  11  523  527  548  570  572  574  575  580  587  588  591  
295  54  1  588  
297  77  2  581  587  
298  3  1  507  
299  140  6  527  572  581  587  588  591  
301  199  9  535  538  540  548  569  573  577  581  591  
307  25  5  508  538  549  553  554  
308  12  1  563  
310  13  1  572  
316  41  1  587  
317  46  1  537  
318  31  3  538  548  580  
321  80  13  508  548  556  558  560  563  570  573  574  575  587  588  591  
322  30  3  512  573  574  
327  9  3  515  529  548  
331  1  1  560  
337  18  1  527  
345  14  2  553  589  
350  117  5  515  538  548  573  587  
355  37  2  580  587  
359  2  1  569  
361  45  5  508  549  558  569  575  
364  11  1  548  
376  6  2  508  527  
377  12  1  553  
382  19  1  581  
383  34  2  508  580  
384  145  1  527  
389  21  1  508  
393  2  1  508  
402  41  6  508  514  515  534  537  540  
408  157  3  507  565  581  
415  8  1  588  
416  8  1  508  
431  732  6  507  523  535  555  577  587  
440  10  1  555  
455  6  1  569  
458  14  2  508  572  
466  4  1  580  
493  24  2  588  591  
501  22  3  508  548  572  
502  6  1  508  
503  3  1  508  
504  121  12  508  548  558  564  570  572  573  574  575  587  589  594  
505  1  1  508  
506  1  1  508  
507  4  1  508  
508  8  1  507  
512  15  1  551  
515  2  1  532  
516  1  1  515  
517  1  1  515  
518  4  2  515  529  
519  1  1  515  
520  5  1  515  
521  1  1  515  
522  5  2  515  535  
527  4  1  572  
530  34  1  537  
531  26  2  574  577  
532  5  2  538  551  
534  13  1  563  
535  18  1  537  
536  22  2  535  537  
538  8  1  527  
539  2  1  540  
540  12  5  553  558  566  570  574  
548  214  5  527  549  572  581  591  
549  9  1  548  
550  1  1  551  
551  8  2  548  580  
553  3  2  554  558  
555  3  1  556  
557  1  1  558  
559  1  1  560  
561  10  2  548  563  
562  35  10  535  563  564  569  570  573  574  580  589  594  
565  11  2  548  566  
567  14  3  569  574  587  
570  2  2  573  574  
571  3  1  570  
572  31  3  527  548  573  
577  55  4  548  572  580  588  
578  150  5  527  555  572  588  591  
579  66  3  535  548  587  
584  4  1  588  
587  46  1  548  
588  27  1  580  
591  32  3  535  548  572  
593  40  3  548  587  594  
594  98  1  581  
606  158  5  548  565  580  581  587  
615  5  1  513  
623  3  1  580  
626  83  1  588  
629  47  1  588  
635  118  1  548  
636  6  1  535  
637  100  2  548  587  
639  8  1  591  
643  81  2  527  591  
645  95  3  527  548  572  
646  123  2  527  572  
649  105  1  588  
654  23  2  588  591  
661  264  3  555  581  587  
667  5  1  548  
669  34  1  548  
680  93  1  587  
686  66  2  507  548  
695  77  3  548  572  587  
696  1  1  548  
697  8  1  513  
698  50  3  548  572  588  
699  68  2  527  581  
700  34  1  548  
702  773  5  527  548  555  577  588  
703  1  1  548  
704  2  1  548  
705  146  4  507  527  548  572  
706  3  1  548  
707  7  2  548  572  
708  3  1  548  
719  224  1  591  
722  12  1  513  
723  113  2  587  588  
724  317  2  555  581  
725  41  1  591  
729  60  2  527  587  
730  6  1  588  
731  5  1  588  
739  90  2  527  588  
743  34  1  591  
746  272  3  507  527  555  
749  29  1  588  
753  16  1  507  
756  15  1  572  
759  249  2  523  577  
768  36  1  587  
774  45  2  527  581  
777  8  1  587  
781  39  1  527  
788  8  1  587  
789  16  1  527  
790  3  1  581  
791  5  1  581  
793  97  1  572  
798  38  2  507  527  
801  5  1  587  
807  122  1  555  
813  3  1  587  
829  119  3  507  523  535  
836  27  1  572  
841  4  1  507  
847  149  3  527  535  591  
852  21  1  527  
864  80  2  527  591  
869  110  1  527  
871  29  1  577  
875  34  1  572  
881  22  1  572  
891  11  1  572  
899  65  1  588  
902  16  1  572  
905  7  1  588  
907  77  1  572  
909  292  1  577  
914  238  3  527  535  572  
917  297  5  535  555  577  588  591  
918  30  1  527  
926  138  1  527  
933  23  2  572  588  
935  1  1  513  
936  1  1  513  
937  5  1  513  
938  1  1  513  
943  41  1  572  
947  7  1  572  
948  135  2  527  572  
951  39  1  591  
952  6  1  572  
953  33  1  527  
964  24  1  591  
968  44  1  523  
969  46  1  588  
972  196  1  527  
977  156  2  588  591  
988  74  1  527  
990  5  1  572  
996  5  1  572  
997  4  1  572  
998  8  2  527  572  
999  2  1  572  
1000  1  1  572  
1001  8  1  572  
1010  8  1  507  
1030  37  1  555  
1032  62  2  507  527  
1038  399  2  555  577  
1040  115  3  527  588  591  
1041  135  2  527  588  
1046  48  1  527  
1047  14  1  527  
1054  472  2  535  555  
1066  599  2  555  577  
1100  107  1  577  
1101  35  1  588  
1102  66  2  507  535  
1110  218  2  577  588  
1111  79  1  527  
1120  77  2  535  577  
1144  10  1  588  
1145  8  1  588  
1146  77  1  577  
1162  61  1  527  
1173  69  1  588  
1174  124  3  523  527  588  
1179  31  1  527  
1189  76  1  591  
1197  290  3  555  577  591  
1200  4  1  588  
1201  1  1  588  
1202  2  1  588  
1203  2  1  588  
1204  1  1  588  
1205  1  1  588  
1211  181  1  527  
1212  6  1  591  
1227  62  1  527  
1240  117  2  507  527  
1242  121  1  507  
1247  91  1  527  
1261  462  4  507  527  555  577  
1272  35  1  527  
1273  61  2  507  527  
1282  199  2  527  535  
1312  183  2  507  527  
1355  72  1  527  
1357  91  1  527  
1364  52  1  527  
1368  117  3  507  523  527  
1370  64  1  527  
1372  157  2  523  527  
1376  210  2  527  577  
1380  48  2  555  577  
1386  41  1  507  
1400  99  1  527  
1401  139  1  555  
1404  35  1  527  
1417  81  1  507  
1427  587  2  527  577  
1428  42  1  555  
1433  79  1  527  
1468  114  3  507  523  527  
1470  29  1  577  
1478  10  1  507  
1481  355  4  507  523  535  577  
1487  73  1  527  
1488  162  3  507  523  527  
1535  3  1  527  
1544  8  1  577  
1567  70  2  555  577  
1571  112  1  555  
1598  45  1  507  
1600  18  1  507  
1618  35  1  555  
1623  89  1  535  
1627  1  1  507  
1628  2  1  507  
1629  47  1  507  
1634  97  1  555  
1769  112  1  535  
1772  204  3  535  555  577  
1817  181  1  555  
1835  66  1  577  
1841  88  1  535  
1898  121  1  535  
1901  50  1  577  
1946  20  1  535  
2048  143  1  577  
2055  75  1  577  
2056  241  1  555  
2068  25  1  535  
2082  1  1  535  
2109  164  1  555  
2134  111  1  555  
2137  252  1  555  
2142  36  1  577  
2271  75  1  577  
2272  103  1  577  
2273  142  1  577  
2304  69  1  577  
2350  82  1  577  
2355  50  1  555  
2356  893  1  577  
2384  49  1  555  
2436  269  1  555  
2438  113  1  555  
2445  164  1  577  
2451  126  1  577  
2458  103  1  577  
2469  156  1  577  
2471  618  2  555  577  
2473  26  1  577  
2479  64  1  577  
2482  74  2  555  577  
2483  168  1  555  
2486  61  1  577  
2487  75  1  577  
2562  173  1  577  
2620  139  1  555  
2632  282  2  555  577  
2633  87  1  555  
2663  6  1  502  
2712  70  1  577  
2720  357  1  555  
2729  44  1  555  
2756  123  1  555  
2766  52  1  577  
2770  52  1  577  
2772  175  1  555  
2774  189  1  555  
2800  52  1  555  
2802  48  1  555  
2806  42  1  577  
2831  81  1  577  
2834  37  1  577  
2837  37  1  577  
2919  56  1  555  
2972  2  1  577  
2973  2  1  577  
2974  1  1  577  
2975  3  1  577  
2978  37  1  555  
2983  95  1  555  
3064  273  1  555  
3110  122  1  555  
3146  314  1  555  
3150  319  1  555  
3151  148  1  555  
3153  241  1  555  
3154  166  1  555  
3181  16  1  555  
3191  114  1  555  
3214  64  1  555  
3251  147  1  555  
3270  26  1  502  
3271  2  1  502  
3289  205  1  555  
3306  48  1  555  
3308  63  1  555  
3316  44  1  555  
3320  9  1  555  
3391  93  1  555  
3442  99  1  555  
3459  45  1  555  
3489  15  1  555  
3572  1  1  555  
3573  1  1  555  
3587  23  1  555  
3686  77  1  555  
3736  64  1  555  
3878  7  1  555  
3906  40  1  555  
3928  22  1  555  
4083  100  1  555  
4304  46  1  555  
4315  101  1  555  
4319  168  1  555  
4384  169  1  555  
4427  214  1  555  
4440  361  1  555  
4454  43  1  555  
4459  23  1  555  
4474  27  1  555  
4490  26  1  555  
4611  139  1  555  
4619  68  1  555  
4624  312  1  555  
4625  80  1  555  
4702  21  1  555  
4728  18  1  555  
4733  16  1  555  
4763  15  1  555  
4801  4  1  555  
4856  2  1  555  
4857  1  1  555  
