3  302  1  4421  
8  743  4  4419  4435  4488  4496  
21  309  5  4423  4431  4467  4488  4496  
33  227  2  4411  4486  
65  275  4  4423  4453  4470  4486  
67  164  2  4464  4486  
81  122  2  4435  4489  
82  195  3  4485  4486  4489  
93  24  1  4486  
97  68  2  4411  4423  
98  30  1  4486  
103  190  5  4420  4464  4470  4486  4489  
104  95  1  4453  
107  89  3  4420  4470  4486  
116  213  4  4431  4437  4449  4467  
120  25  1  4486  
121  132  1  4467  
158  93  1  4470  
163  123  1  4464  
164  334  3  4488  4489  4496  
272  71  1  4455  
293  321  2  4485  4486  
301  199  6  4432  4435  4464  4470  4485  4488  
317  46  1  4464  
361  45  1  4449  
372  42  1  4489  
384  145  1  4452  
430  5  1  4453  
431  732  14  4411  4420  4423  4431  4437  4452  4457  4464  4467  4470  4478  4485  4486  4496  
528  30  1  4455  
531  26  1  4449  
578  150  3  4411  4464  4470  
606  158  1  4452  
635  118  2  4435  4467  
637  100  3  4431  4435  4437  
661  264  2  4452  4486  
676  232  6  4431  4455  4470  4478  4489  4496  
680  93  1  4470  
686  66  2  4431  4453  
699  68  2  4431  4496  
702  773  18  4411  4419  4423  4431  4435  4437  4449  4452  4453  4455  4457  4464  4467  4470  4486  4488  4493  4496  
723  113  1  4452  
724  317  6  4411  4431  4449  4467  4486  4488  
739  90  1  4486  
746  272  2  4467  4488  
758  165  2  4457  4485  
770  7  1  4470  
771  61  1  4437  
783  99  1  4411  
785  91  1  4470  
807  122  2  4419  4435  
870  27  1  4435  
873  9  1  4464  
895  36  2  4435  4453  
909  292  3  4435  4467  4486  
915  45  1  4431  
917  297  3  4411  4437  4486  
926  138  1  4455  
955  86  1  4486  
959  49  1  4486  
961  21  1  4431  
969  46  2  4431  4486  
972  196  2  4470  4486  
978  29  1  4496  
987  95  3  4464  4470  4496  
1008  88  1  4431  
1009  305  4  4420  4453  4470  4485  
1032  62  1  4496  
1038  399  11  4411  4419  4421  4425  4431  4435  4455  4467  4485  4486  4488  
1041  135  1  4488  
1054  472  5  4432  4437  4453  4457  4489  
1066  599  6  4431  4453  4470  4478  4485  4486  
1069  29  1  4467  
1093  31  1  4470  
1100  107  1  4486  
1104  61  2  4419  4488  
1107  26  1  4464  
1146  77  1  4431  
1162  61  1  4419  
1179  31  1  4485  
1180  65  1  4470  
1197  290  3  4419  4431  4463  
1212  6  1  4452  
1248  18  1  4489  
1250  22  1  4431  
1261  462  8  4437  4449  4453  4470  4478  4485  4486  4489  
1268  52  1  4488  
1272  35  3  4467  4478  4486  
1312  183  1  4470  
1347  26  1  4423  
1350  24  1  4437  
1351  11  1  4437  
1354  156  1  4455  
1355  72  2  4478  4486  
1372  157  1  4437  
1386  41  1  4431  
1421  244  3  4453  4464  4470  
1427  587  1  4485  
1443  46  1  4488  
1466  30  1  4431  
1485  68  1  4478  
1487  73  1  4486  
1532  66  1  4486  
1538  55  2  4485  4486  
1561  50  1  4453  
1571  112  1  4489  
1586  96  1  4486  
1602  55  3  4411  4432  4470  
1663  48  1  4453  
1674  43  1  4489  
1677  105  1  4423  
1732  13  1  4470  
1772  204  2  4455  4488  
1798  29  1  4464  
1817  181  1  4411  
1826  29  2  4470  4496  
1834  36  1  4496  
1843  39  1  4486  
1845  63  1  4486  
1850  63  1  4489  
1851  27  1  4485  
1904  4  1  4453  
1962  146  2  4431  4470  
1971  145  2  4431  4485  
1994  29  1  4452  
2003  2  1  4455  
2042  15  1  4486  
2044  34  1  4486  
2056  241  2  4419  4435  
2059  108  1  4453  
2073  247  1  4425  
2074  49  1  4419  
2075  95  2  4452  4464  
2109  164  2  4453  4455  
2137  252  2  4419  4435  
2138  215  1  4464  
2177  189  7  4411  4437  4449  4455  4485  4486  4496  
2179  124  1  4437  
2188  71  2  4449  4485  
2190  72  2  4467  4486  
2193  66  1  4437  
2215  34  1  4411  
2220  4  1  4478  
2240  50  1  4453  
2244  6  1  4486  
2256  31  3  4453  4455  4489  
2283  324  8  4419  4437  4449  4470  4485  4486  4488  4489  
2301  100  4  4431  4435  4453  4467  
2303  46  1  4455  
2313  44  1  4496  
2329  47  1  4485  
2335  93  1  4453  
2342  70  2  4411  4486  
2348  77  2  4431  4467  
2351  180  1  4467  
2355  50  1  4431  
2356  893  17  4411  4419  4420  4423  4431  4437  4453  4455  4457  4467  4470  4478  4485  4486  4488  4489  4496  
2357  32  1  4464  
2367  146  1  4453  
2391  64  1  4457  
2403  22  1  4452  
2408  108  1  4470  
2436  269  4  4419  4435  4463  4467  
2438  113  1  4488  
2442  44  1  4431  
2443  307  9  4421  4435  4437  4453  4455  4485  4486  4488  4489  
2445  164  2  4452  4485  
2451  126  3  4411  4437  4452  
2458  103  1  4470  
2461  40  1  4423  
2469  156  1  4467  
2471  618  11  4411  4431  4432  4435  4437  4449  4455  4457  4463  4467  4488  
2476  149  3  4431  4452  4488  
2479  64  1  4488  
2485  80  2  4431  4455  
2519  39  1  4485  
2532  23  1  4470  
2547  35  1  4453  
2572  9  1  4437  
2579  19  1  4411  
2596  50  1  4431  
2613  44  3  4420  4486  4496  
2632  282  7  4411  4431  4435  4437  4467  4486  4488  
2634  6  1  4485  
2641  28  1  4485  
2687  36  4  4419  4435  4455  4467  
2691  123  2  4452  4485  
2715  238  5  4419  4431  4435  4467  4488  
2716  55  1  4455  
2720  357  9  4411  4415  4419  4437  4457  4458  4462  4467  4488  
2729  44  1  4486  
2731  28  2  4420  4486  
2736  10  1  4467  
2746  43  1  4464  
2756  123  1  4486  
2761  44  1  4452  
2772  175  4  4435  4455  4467  4488  
2774  189  5  4435  4437  4455  4458  4467  
2778  216  4  4431  4453  4485  4486  
2803  32  1  4488  
2825  8  1  4488  
2831  81  1  4435  
2875  49  2  4420  4437  
2902  13  1  4437  
2905  41  1  4488  
2918  68  3  4437  4449  4457  
2919  56  2  4455  4488  
2935  6  1  4467  
2936  41  1  4488  
2954  19  1  4455  
2981  19  1  4431  
2983  95  1  4486  
2999  69  2  4486  4489  
3001  79  1  4488  
3012  58  1  4467  
3013  8  1  4470  
3017  51  1  4420  
3040  18  2  4437  4467  
3058  35  2  4437  4496  
3062  55  1  4435  
3064  273  5  4411  4431  4435  4437  4467  
3076  63  1  4485  
3084  43  1  4449  
3087  41  1  4486  
3089  42  1  4470  
3090  180  6  4423  4452  4470  4478  4486  4489  
3098  60  3  4437  4457  4463  
3110  122  3  4431  4488  4493  
3112  89  1  4420  
3122  30  2  4455  4488  
3131  9  1  4435  
3140  20  1  4486  
3144  271  12  4415  4431  4432  4435  4437  4449  4455  4457  4464  4467  4470  4485  
3146  314  10  4411  4419  4431  4435  4437  4452  4457  4467  4485  4488  
3149  131  7  4411  4419  4421  4437  4458  4467  4485  
3150  319  14  4411  4419  4435  4437  4452  4453  4455  4457  4467  4485  4486  4488  4489  4493  
3151  148  4  4419  4431  4467  4488  
3152  68  6  4419  4421  4431  4435  4458  4488  
3153  241  11  4411  4419  4435  4437  4452  4467  4470  4485  4488  4489  4493  
3154  166  3  4419  4462  4488  
3155  69  1  4470  
3156  92  2  4411  4457  
3158  101  3  4437  4449  4457  
3159  54  1  4435  
3163  17  2  4457  4485  
3169  15  1  4467  
3174  102  3  4411  4419  4467  
3191  114  4  4431  4449  4457  4486  
3209  71  1  4485  
3214  64  1  4478  
3220  5  1  4464  
3250  18  1  4411  
3251  147  2  4431  4467  
3253  45  1  4489  
3264  156  5  4453  4464  4485  4486  4496  
3265  15  1  4486  
3270  26  1  4467  
3278  52  1  4449  
3284  24  2  4431  4486  
3289  205  7  4411  4419  4431  4435  4467  4486  4488  
3290  144  1  4431  
3299  64  1  4425  
3304  91  1  4486  
3307  82  4  4437  4470  4486  4489  
3309  11  1  4431  
3314  212  6  4411  4435  4449  4486  4493  4496  
3315  362  6  4452  4470  4478  4485  4486  4496  
3332  87  3  4419  4431  4455  
3338  144  2  4449  4457  
3362  95  2  4423  4485  
3395  85  3  4449  4455  4485  
3403  10  1  4435  
3408  30  1  4488  
3442  99  3  4437  4470  4485  
3443  232  9  4421  4431  4435  4449  4452  4467  4470  4486  4489  
3446  27  2  4419  4467  
3447  46  3  4419  4431  4488  
3449  113  2  4485  4488  
3456  10  1  4435  
3459  45  1  4437  
3466  94  1  4437  
3483  35  2  4435  4485  
3498  82  2  4467  4488  
3507  5  1  4467  
3509  5  1  4467  
3510  15  1  4467  
3544  33  2  4485  4486  
3548  42  1  4485  
3549  29  2  4449  4467  
3583  85  2  4455  4486  
3592  89  1  4486  
3596  90  4  4420  4435  4478  4488  
3601  145  5  4432  4439  4449  4470  4485  
3610  32  1  4470  
3617  57  1  4437  
3622  28  1  4464  
3639  2  1  4457  
3648  147  9  4411  4419  4431  4435  4453  4457  4486  4489  4496  
3652  104  3  4439  4453  4485  
3653  68  3  4419  4437  4458  
3656  89  5  4419  4435  4458  4461  4463  
3657  257  7  4419  4423  4431  4464  4467  4470  4488  
3658  89  4  4411  4463  4467  4478  
3674  131  5  4419  4435  4467  4488  4496  
3679  111  2  4485  4488  
3681  29  1  4419  
3682  115  2  4411  4437  
3686  77  3  4411  4437  4449  
3704  155  5  4449  4463  4486  4489  4493  
3722  50  1  4486  
3725  41  2  4419  4467  
3728  2  1  4455  
3736  64  3  4411  4437  4457  
3742  76  2  4455  4485  
3755  16  2  4453  4496  
3782  20  2  4458  4470  
3783  7  1  4478  
3801  53  2  4455  4467  
3808  112  6  4411  4435  4437  4458  4486  4488  
3810  42  2  4449  4470  
3813  17  1  4486  
3839  9  1  4435  
3844  24  1  4488  
3854  5  1  4488  
3855  52  2  4411  4437  
3863  2  1  4435  
3870  38  1  4470  
3879  278  8  4411  4452  4453  4455  4457  4470  4485  4489  
3884  29  3  4437  4455  4493  
3885  8  1  4458  
3903  32  4  4453  4489  4493  4496  
3914  55  1  4455  
3919  80  1  4485  
3921  50  2  4431  4485  
3958  9  1  4486  
3981  12  1  4419  
3994  202  11  4419  4431  4435  4437  4452  4453  4464  4467  4470  4486  4489  
4000  14  1  4470  
4008  22  1  4458  
4009  4  1  4489  
4021  18  2  4449  4485  
4035  153  5  4411  4420  4457  4463  4470  
4038  31  3  4437  4449  4461  
4039  50  1  4496  
4063  5  2  4455  4461  
4073  81  9  4431  4435  4437  4455  4457  4463  4467  4486  4496  
4082  45  5  4419  4425  4431  4435  4467  
4083  100  4  4411  4437  4457  4496  
4096  33  2  4411  4470  
4104  10  1  4449  
4113  27  2  4431  4467  
4116  6  1  4488  
4122  71  2  4470  4489  
4124  15  1  4467  
4152  228  8  4420  4437  4452  4464  4470  4478  4485  4486  
4168  8  1  4485  
4169  114  5  4437  4449  4455  4464  4485  
4173  3  1  4467  
4176  46  2  4431  4435  
4177  10  1  4467  
4187  96  2  4452  4464  
4192  20  2  4435  4463  
4193  14  2  4431  4467  
4196  57  2  4437  4485  
4197  23  1  4455  
4198  59  7  4419  4421  4431  4435  4455  4467  4488  
4217  25  2  4453  4496  
4220  121  3  4458  4470  4489  
4223  11  2  4437  4485  
4226  46  3  4437  4488  4493  
4231  36  1  4455  
4240  11  1  4489  
4247  18  1  4455  
4248  38  1  4458  
4256  34  2  4421  4437  
4263  53  1  4486  
4275  27  2  4467  4489  
4276  2  1  4431  
4285  62  4  4453  4485  4486  4489  
4288  73  2  4411  4478  
4304  46  2  4464  4496  
4305  20  4  4419  4435  4463  4467  
4309  28  3  4419  4455  4486  
4315  101  4  4411  4453  4457  4485  
4319  168  2  4423  4485  
4320  78  2  4411  4470  
4323  7  1  4461  
4333  2  1  4467  
4334  24  1  4449  
4337  34  1  4437  
4341  3  1  4467  
4350  30  3  4431  4467  4488  
4355  4  1  4467  
4369  4  1  4449  
4373  4  1  4455  
4378  7  1  4421  
4380  79  2  4437  4463  
4383  11  3  4458  4463  4467  
4384  169  4  4411  4452  4457  4464  
4386  2  1  4435  
4418  17  5  4419  4431  4463  4467  4488  
4422  31  2  4419  4435  
4423  4  1  4457  
4426  10  1  4488  
4427  214  9  4411  4420  4437  4452  4453  4455  4485  4488  4489  
4430  3  2  4419  4431  
4434  8  1  4435  
4436  13  2  4419  4463  
4439  25  1  4470  
4440  361  11  4411  4423  4437  4452  4457  4464  4467  4470  4485  4488  4496  
4446  44  1  4411  
4448  23  1  4467  
4452  16  1  4485  
4453  53  3  4455  4470  4496  
4454  43  2  4437  4455  
4455  4  1  4453  
4459  23  1  4488  
4462  4  1  4463  
4470  115  5  4437  4439  4453  4462  4496  
4473  28  1  4437  
4474  27  1  4455  
4475  14  1  4488  
4477  10  1  4449  
4478  14  2  4437  4455  
4480  14  2  4420  4470  
4482  9  2  4478  4485  
4484  1  1  4486  
4485  139  4  4411  4437  4449  4486  
4486  172  3  4464  4485  4496  
4487  4  1  4488  
4489  43  3  4453  4457  4486  
4490  26  1  4411  
4491  1  1  4455  
4492  2  1  4455  
4506  11  1  4485  
4509  52  3  4453  4486  4489  
4523  5  1  4470  
4531  271  12  4411  4420  4423  4437  4452  4453  4455  4457  4464  4470  4485  4496  
4540  8  1  4452  
4551  54  3  4478  4486  4489  
4552  127  3  4470  4486  4489  
4555  33  2  4455  4486  
4557  84  1  4437  
4564  13  1  4485  
4565  18  1  4437  
4569  69  1  4485  
4599  12  1  4411  
4604  48  1  4453  
4606  41  2  4437  4464  
4607  29  2  4485  4489  
4608  122  2  4420  4478  
4610  35  1  4437  
4611  139  5  4411  4437  4449  4457  4485  
4612  101  3  4453  4464  4470  
4613  19  1  4457  
4614  217  6  4437  4452  4470  4478  4485  4486  
4619  68  4  4411  4437  4457  4485  
4620  152  6  4452  4457  4470  4485  4486  4496  
4621  2  1  4423  
4623  211  8  4411  4423  4437  4453  4457  4464  4470  4496  
4624  312  5  4411  4420  4437  4457  4486  
4625  80  3  4411  4437  4457  
4626  10  1  4485  
4631  32  1  4437  
4632  3  1  4437  
4638  15  2  4411  4485  
4648  21  1  4485  
4684  59  1  4485  
4685  75  2  4437  4457  
4702  21  1  4449  
4706  6  1  4452  
4710  22  1  4449  
4711  16  1  4411  
4715  61  1  4464  
4724  12  1  4449  
4728  18  1  4485  
4729  11  1  4489  
4733  16  1  4411  
4783  19  1  4411  
4800  40  1  4485  
4801  4  1  4449  
4814  48  2  4452  4464  
4817  37  1  4437  
4828  66  1  4470  
4831  63  2  4420  4486  
4836  17  1  4496  
4837  19  1  4453  
4844  19  1  4449  
4853  16  2  4486  4489  
4858  1  1  4411  
4859  9  2  4411  4437  
4860  28  1  4411  
4861  3  2  4411  4437  
4865  22  2  4452  4485  
4866  21  1  4486  
4868  30  1  4453  
4873  1  1  4449  
4874  4  1  4449  
4875  1  1  4449  
4876  1  1  4449  
4901  389  11  4423  4452  4453  4455  4464  4470  4478  4485  4486  4489  4496  
4905  6  1  4485  
4906  39  1  4486  
4908  243  3  4464  4470  4478  
4913  3  1  4485  
4919  137  2  4423  4452  
4923  10  1  4485  
4927  46  1  4496  
4936  3  1  4485  
4940  1  1  4485  
4946  8  1  4437  
4951  105  6  4423  4437  4452  4464  4470  4496  
4953  12  2  4437  4455  
4956  11  1  4437  
4970  11  3  4453  4489  4496  
4973  16  1  4457  
4977  66  3  4457  4470  4486  
4979  7  1  4420  
4982  22  2  4485  4486  
5012  139  2  4470  4478  
5030  1  1  4457  
5031  8  1  4457  
5045  49  1  4485  
5050  50  3  4452  4464  4470  
5051  230  6  4423  4452  4464  4470  4486  4496  
5053  10  1  4489  
5065  44  1  4453  
5079  14  1  4486  
5082  13  1  4485  
5109  15  1  4485  
5110  75  3  4423  4462  4470  
5112  42  1  4478  
5113  14  1  4462  
5129  191  7  4453  4455  4464  4470  4486  4489  4496  
5132  23  1  4452  
5133  222  7  4415  4420  4423  4455  4470  4478  4486  
5135  385  12  4423  4439  4452  4453  4455  4462  4464  4470  4478  4486  4489  4496  
5139  83  2  4439  4486  
5140  27  1  4415  
5143  29  2  4486  4496  
5144  79  1  4478  
5145  41  2  4452  4486  
5147  144  5  4420  4470  4485  4489  4496  
5149  84  2  4423  4478  
5150  75  3  4452  4470  4485  
5152  61  3  4420  4464  4496  
5153  20  2  4453  4455  
5155  98  2  4464  4470  
5156  12  1  4455  
5158  15  1  4496  
5182  92  4  4453  4464  4486  4489  
5183  16  1  4420  
5224  52  1  4453  
5239  33  1  4470  
5241  42  1  4496  
5294  81  4  4423  4464  4470  4486  
5296  10  1  4486  
5302  68  3  4455  4485  4486  
5313  25  1  4420  
5316  30  1  4464  
5325  80  3  4423  4453  4470  
5335  39  1  4453  
5363  54  2  4420  4455  
5372  18  1  4470  
5395  2  1  4453  
5404  3  1  4489  
5409  4  1  4496  
5423  13  1  4486  
5438  14  1  4496  
5439  10  2  4420  4486  
5459  2  1  4452  
5460  14  1  4462  
5477  53  4  4420  4453  4464  4486  
5479  18  1  4478  
5488  19  1  4478  
5495  75  2  4455  4470  
5497  35  1  4470  
5519  88  2  4423  4478  
5521  76  3  4420  4423  4485  
5528  52  1  4489  
5542  78  1  4485  
5546  190  4  4464  4470  4486  4496  
5555  5  1  4452  
5563  108  3  4423  4470  4478  
5574  17  1  4470  
5582  81  3  4452  4470  4496  
5583  35  2  4452  4478  
5602  8  1  4464  
5606  29  1  4470  
5617  21  1  4486  
5622  11  1  4485  
5639  70  3  4470  4485  4486  
5653  28  1  4489  
5655  58  3  4439  4453  4485  
5660  8  1  4464  
5673  28  1  4470  
5676  85  4  4423  4439  4462  4470  
5677  4  1  4496  
5681  4  1  4470  
5684  101  5  4420  4455  4470  4486  4489  
5691  12  2  4453  4486  
5693  7  1  4464  
5699  54  4  4464  4470  4485  4486  
5701  1  1  4464  
5702  1  1  4464  
5703  1  1  4464  
5706  33  1  4470  
5737  29  3  4423  4470  4486  
5740  35  1  4470  
5743  58  2  4453  4470  
5771  12  1  4485  
5772  177  5  4420  4453  4455  4470  4489  
5773  6  1  4470  
5785  15  1  4485  
5786  7  1  4478  
5789  160  3  4423  4462  4478  
5790  18  1  4478  
5792  91  7  4415  4420  4423  4462  4470  4478  4486  
5793  104  4  4423  4470  4478  4485  
5794  93  3  4423  4462  4478  
5798  135  3  4453  4470  4489  
5800  9  1  4470  
5801  50  1  4489  
5818  26  1  4423  
5831  29  2  4489  4496  
5864  10  1  4423  
5867  3  1  4470  
5874  100  2  4470  4489  
5885  1  1  4470  
5886  1  1  4470  
5903  1  1  4496  
5904  4  1  4496  
5921  77  3  4420  4455  4485  
5923  24  2  4453  4455  
5933  42  2  4470  4489  
5982  14  1  4485  
5989  11  1  4486  
6019  31  1  4486  
6025  49  1  4478  
6026  191  5  4423  4455  4470  4486  4489  
6032  44  1  4423  
6033  95  4  4420  4439  4478  4486  
6035  54  1  4420  
6049  65  3  4420  4423  4478  
6054  57  4  4420  4478  4486  4489  
6056  1  1  4485  
6057  18  1  4478  
6058  68  4  4415  4462  4470  4489  
6063  47  2  4420  4455  
6081  41  3  4423  4453  4470  
6093  18  1  4478  
6094  81  1  4453  
6120  4  1  4453  
6122  15  1  4453  
6139  7  1  4423  
6144  3  1  4420  
6147  161  3  4453  4455  4486  
6152  142  5  4415  4453  4470  4486  4489  
6153  31  1  4420  
6154  40  1  4470  
6155  98  4  4455  4470  4486  4489  
6156  37  1  4455  
6157  118  5  4420  4453  4455  4470  4486  
6171  70  5  4423  4455  4470  4478  4486  
6172  1  1  4423  
6175  123  4  4420  4439  4455  4486  
6177  5  1  4420  
6179  11  1  4470  
6180  93  2  4470  4486  
6186  15  1  4478  
6189  15  1  4470  
6215  24  1  4420  
6216  30  1  4470  
6233  12  1  4486  
6244  4  1  4478  
6294  47  2  4439  4486  
6300  101  2  4453  4489  
6305  23  1  4470  
6310  21  1  4489  
6335  89  2  4453  4455  
6348  39  3  4420  4455  4470  
6355  27  1  4455  
6376  15  1  4470  
6387  21  2  4420  4453  
6405  38  1  4486  
6411  25  2  4420  4486  
6415  52  3  4420  4455  4486  
6417  12  1  4470  
6420  15  2  4420  4486  
6425  18  1  4489  
6427  10  1  4470  
6433  2  1  4453  
6436  9  1  4420  
6440  7  1  4420  
6459  39  1  4420  
6493  27  2  4470  4489  
6509  16  2  4453  4455  
6534  3  1  4489  
6542  31  2  4470  4489  
6552  28  3  4453  4485  4486  
6554  19  1  4470  
6566  33  2  4453  4489  
6569  3  1  4470  
6578  39  2  4470  4489  
6585  3  1  4489  
6587  6  1  4489  
6588  1  1  4489  
6622  25  2  4455  4485  
6623  5  1  4420  
6624  12  2  4420  4486  
6625  2  1  4420  
6626  26  1  4486  
6627  36  1  4485  
6635  19  1  4455  
6657  30  3  4453  4455  4486  
6662  45  3  4420  4453  4486  
6671  13  1  4420  
6672  50  3  4420  4455  4486  
6674  8  1  4453  
6675  2  1  4420  
6684  4  2  4453  4455  
6698  35  1  4486  
6709  4  1  4486  
6730  23  1  4486  
6749  2  1  4453  
6750  2  1  4455  
6763  2  1  4455  
6766  1  1  4453  
6767  2  2  4453  4455  
6768  24  2  4453  4486  
6778  6  1  4420  
6782  11  1  4420  
6799  4  1  4486  
6803  12  2  4455  4486  
6813  3  1  4420  
6836  5  1  4486  
6850  11  2  4485  4486  
6864  15  1  4486  
6900  19  1  4420  
6909  16  1  4420  
6910  20  1  4420  
6913  9  1  4420  
6916  20  2  4420  4486  
6923  5  2  4420  4486  
6928  3  1  4486  
6944  16  2  4420  4486  
6950  1  1  4486  
6951  5  1  4486  
6952  1  1  4486  
6953  4  1  4486  
6954  1  1  4486  
6955  1  1  4486  
6966  13  1  4420  
7002  10  1  4420  
7005  5  1  4420  
7034  4  1  4420  
7070  2  1  4420  
7087  2  1  4420  
7091  2  1  4420  
7093  1  1  4420  
7094  1  1  4420  
