3  302  1  1826  
6  81  1  1811  
8  743  23  1800  1802  1808  1809  1810  1811  1814  1818  1821  1823  1827  1829  1831  1834  1835  1836  1841  1846  1848  1855  1891  1896  1898  
11  114  2  1811  1857  
17  187  2  1810  1811  
21  309  11  1800  1802  1808  1811  1814  1821  1831  1846  1891  1896  1898  
25  133  1  1809  
33  227  4  1802  1809  1814  1841  
39  89  3  1821  1841  1846  
41  44  2  1800  1802  
44  146  6  1802  1810  1811  1827  1848  1898  
55  38  1  1811  
56  94  1  1898  
57  9  1  1802  
63  44  2  1855  1898  
65  275  1  1843  
66  109  2  1802  1811  
67  164  1  1826  
69  69  1  1846  
70  31  1  1802  
81  122  2  1831  1857  
82  195  3  1802  1810  1889  
85  72  1  1802  
89  80  2  1802  1898  
97  68  2  1826  1855  
103  190  2  1814  1826  
104  95  1  1809  
116  213  5  1810  1828  1834  1836  1855  
119  29  1  1811  
121  132  1  1802  
122  80  2  1818  1898  
125  29  1  1802  
129  99  3  1802  1826  1828  
140  58  2  1801  1857  
146  61  1  1802  
155  9  1  1810  
158  93  2  1802  1834  
163  123  3  1817  1857  1898  
164  334  7  1802  1821  1827  1829  1835  1841  1898  
169  63  1  1811  
171  54  1  1802  
180  13  1  1814  
186  11  1  1896  
192  31  1  1802  
204  100  2  1809  1811  
214  25  1  1841  
224  41  1  1802  
231  4  1  1818  
236  15  1  1891  
242  86  3  1802  1811  1836  
246  56  2  1802  1896  
256  14  1  1810  
260  56  4  1802  1836  1841  1889  
263  76  2  1802  1846  
272  71  5  1802  1811  1818  1821  1846  
286  79  5  1800  1808  1811  1814  1828  
288  244  4  1809  1810  1828  1836  
290  142  3  1802  1811  1846  
292  230  4  1811  1821  1823  1836  
293  321  9  1802  1809  1810  1811  1818  1821  1836  1841  1898  
294  227  4  1800  1808  1811  1814  
297  77  1  1855  
301  199  3  1831  1835  1846  
329  8  2  1800  1802  
350  117  2  1802  1811  
355  37  1  1836  
372  42  1  1802  
380  20  1  1889  
384  145  11  1800  1801  1802  1808  1811  1814  1818  1823  1831  1835  1841  
399  7  1  1802  
401  79  1  1826  
408  157  2  1808  1809  
422  15  1  1841  
431  732  12  1800  1811  1814  1817  1818  1823  1826  1831  1834  1835  1843  1846  
440  10  1  1802  
455  6  1  1855  
494  142  12  1800  1801  1802  1808  1811  1814  1818  1823  1826  1831  1834  1891  
504  121  8  1800  1802  1808  1811  1814  1818  1834  1846  
536  22  2  1809  1898  
548  214  6  1802  1808  1821  1823  1846  1896  
577  55  1  1811  
578  150  3  1810  1811  1817  
587  46  1  1809  
591  32  1  1898  
594  98  2  1841  1889  
606  158  3  1802  1806  1811  
626  83  2  1811  1818  
629  47  1  1836  
631  24  2  1800  1814  
635  118  2  1823  1827  
637  100  1  1811  
639  8  1  1811  
643  81  2  1811  1831  
645  95  4  1802  1828  1896  1898  
646  123  1  1889  
649  105  2  1802  1814  
661  264  3  1802  1836  1889  
666  32  2  1802  1806  
676  232  1  1826  
680  93  1  1827  
695  77  1  1802  
700  34  2  1802  1836  
702  773  14  1802  1809  1811  1814  1816  1817  1826  1828  1834  1836  1843  1846  1855  1857  
705  146  1  1898  
719  224  7  1809  1811  1818  1831  1889  1896  1898  
722  12  1  1896  
723  113  3  1802  1809  1898  
724  317  6  1802  1811  1814  1821  1823  1898  
729  60  1  1889  
735  6  1  1891  
739  90  2  1802  1814  
746  272  6  1809  1831  1834  1835  1836  1857  
755  11  1  1857  
759  249  13  1800  1808  1811  1815  1818  1823  1828  1831  1835  1836  1857  1889  1891  
760  3  1  1800  
766  26  1  1841  
768  36  1  1889  
771  61  1  1855  
772  30  1  1811  
781  39  1  1889  
783  99  1  1827  
787  13  1  1898  
789  16  1  1836  
793  97  2  1857  1896  
798  38  2  1800  1811  
799  59  2  1800  1811  
801  5  1  1898  
807  122  1  1834  
825  24  1  1802  
826  5  1  1848  
829  119  4  1808  1818  1823  1841  
840  7  1  1811  
847  149  7  1808  1810  1814  1818  1823  1841  1846  
857  18  1  1811  
859  22  1  1810  
861  46  1  1802  
864  80  1  1814  
873  9  1  1843  
877  42  1  1811  
881  22  1  1802  
882  16  2  1802  1809  
892  72  2  1811  1818  
896  11  1  1841  
899  65  1  1802  
907  77  1  1811  
909  292  3  1809  1826  1857  
914  238  8  1808  1810  1811  1814  1831  1835  1841  1898  
917  297  8  1802  1809  1821  1826  1836  1841  1855  1898  
918  30  1  1802  
923  18  2  1802  1811  
926  138  4  1800  1827  1828  1829  
929  44  2  1808  1811  
951  39  1  1841  
954  12  1  1898  
955  86  2  1811  1826  
960  41  1  1836  
968  44  3  1808  1811  1889  
972  196  3  1802  1826  1834  
977  156  3  1809  1829  1836  
987  95  1  1817  
988  74  1  1800  
998  8  1  1835  
1009  305  11  1802  1808  1809  1814  1818  1826  1835  1836  1841  1857  1898  
1022  60  4  1821  1841  1896  1898  
1029  20  2  1836  1898  
1030  37  1  1836  
1032  62  1  1898  
1037  57  2  1855  1857  
1038  399  3  1828  1834  1855  
1040  115  5  1808  1810  1811  1821  1841  
1041  135  2  1802  1835  
1046  48  1  1802  
1047  14  1  1898  
1054  472  17  1802  1806  1809  1810  1814  1821  1823  1827  1829  1835  1836  1841  1843  1846  1855  1857  1898  
1064  39  2  1802  1811  
1065  13  1  1802  
1066  599  22  1802  1806  1808  1809  1811  1817  1818  1821  1826  1827  1828  1829  1831  1834  1836  1841  1846  1848  1855  1889  1891  1898  
1067  158  3  1802  1808  1846  
1084  79  3  1802  1828  1889  
1085  43  2  1818  1846  
1100  107  2  1802  1889  
1102  66  2  1841  1889  
1103  22  2  1823  1891  
1110  218  6  1809  1810  1811  1835  1836  1898  
1111  79  4  1802  1811  1848  1898  
1115  65  1  1800  
1120  77  2  1808  1811  
1127  11  1  1802  
1129  33  3  1800  1814  1831  
1135  103  3  1810  1811  1818  
1140  35  2  1802  1818  
1145  8  1  1823  
1150  51  1  1802  
1162  61  4  1809  1810  1855  1857  
1174  124  1  1898  
1178  20  5  1810  1811  1827  1831  1848  
1179  31  2  1802  1810  
1180  65  1  1810  
1183  34  1  1821  
1189  76  2  1809  1889  
1197  290  2  1802  1857  
1211  181  7  1800  1802  1811  1814  1818  1831  1836  
1218  6  1  1846  
1227  62  1  1836  
1228  8  1  1855  
1231  5  1  1802  
1239  2  1  1821  
1240  117  6  1800  1808  1811  1814  1818  1898  
1242  121  11  1802  1808  1811  1814  1818  1823  1829  1831  1846  1891  1896  
1243  30  2  1821  1841  
1247  91  3  1802  1808  1811  
1256  33  1  1831  
1261  462  6  1802  1818  1826  1834  1835  1843  
1264  33  1  1811  
1265  14  3  1810  1811  1821  
1267  63  2  1802  1898  
1268  52  2  1836  1857  
1271  37  1  1802  
1273  61  3  1800  1811  1818  
1277  32  1  1836  
1282  199  12  1809  1810  1811  1814  1818  1823  1827  1829  1831  1836  1841  1898  
1303  41  1  1836  
1308  52  2  1811  1818  
1312  183  13  1802  1808  1810  1811  1814  1818  1823  1827  1829  1831  1846  1848  1896  
1325  41  2  1835  1898  
1347  26  1  1836  
1354  156  4  1802  1811  1814  1821  
1355  72  1  1802  
1357  91  6  1800  1808  1823  1846  1848  1896  
1361  44  3  1823  1831  1836  
1363  26  3  1800  1811  1814  
1368  117  6  1800  1814  1818  1823  1831  1835  
1370  64  8  1800  1814  1828  1841  1848  1891  1896  1898  
1372  157  5  1811  1814  1831  1836  1841  
1375  10  1  1818  
1376  210  7  1800  1802  1811  1814  1818  1836  1843  
1377  28  1  1802  
1379  12  1  1802  
1380  48  1  1802  
1386  41  1  1898  
1387  2  1  1898  
1400  99  4  1809  1836  1841  1898  
1401  139  3  1802  1834  1898  
1416  68  2  1811  1814  
1417  81  3  1800  1814  1818  
1421  244  2  1817  1841  
1425  28  2  1802  1811  
1427  587  21  1800  1802  1808  1809  1810  1811  1814  1818  1821  1823  1826  1828  1829  1831  1834  1836  1841  1843  1848  1857  1898  
1428  42  1  1834  
1430  81  3  1802  1818  1835  
1431  20  1  1802  
1433  79  3  1811  1814  1818  
1441  27  3  1800  1814  1836  
1447  24  2  1802  1836  
1458  87  4  1802  1810  1831  1889  
1460  102  5  1811  1814  1818  1823  1889  
1468  114  6  1808  1811  1814  1821  1823  1898  
1481  355  16  1802  1808  1809  1810  1814  1818  1821  1823  1827  1829  1831  1835  1836  1841  1846  1896  
1485  68  1  1826  
1487  73  2  1831  1836  
1488  162  15  1800  1801  1802  1808  1810  1811  1814  1818  1823  1827  1828  1831  1835  1848  1891  
1494  80  3  1823  1829  1831  
1495  50  4  1800  1811  1818  1836  
1496  39  1  1811  
1511  36  1  1857  
1515  48  3  1802  1841  1846  
1529  9  1  1889  
1532  66  2  1800  1811  
1541  18  2  1802  1841  
1545  2  1  1802  
1548  3  1  1821  
1558  25  2  1810  1811  
1563  6  1  1898  
1567  70  1  1811  
1570  93  4  1800  1814  1829  1836  
1571  112  1  1841  
1576  34  1  1821  
1580  9  1  1802  
1586  96  8  1802  1814  1818  1823  1831  1846  1889  1898  
1588  10  1  1810  
1589  14  1  1810  
1597  19  1  1855  
1598  45  1  1857  
1600  18  1  1802  
1601  42  1  1811  
1602  55  1  1814  
1616  76  1  1828  
1617  68  2  1841  1898  
1618  35  2  1823  1857  
1621  23  1  1802  
1623  89  4  1809  1818  1821  1898  
1624  16  1  1818  
1626  5  1  1811  
1632  4  1  1827  
1633  27  2  1809  1898  
1636  67  2  1810  1811  
1639  141  8  1801  1802  1809  1811  1821  1831  1836  1841  
1644  8  2  1801  1811  
1648  57  3  1836  1841  1898  
1656  31  4  1818  1831  1891  1896  
1659  44  1  1857  
1660  38  1  1826  
1663  48  1  1811  
1671  129  4  1814  1821  1836  1846  
1674  43  2  1818  1843  
1677  105  1  1843  
1680  90  4  1802  1836  1889  1898  
1682  11  1  1811  
1683  49  3  1800  1802  1808  
1695  16  1  1802  
1696  28  1  1896  
1697  57  6  1800  1814  1818  1835  1836  1896  
1705  47  2  1800  1818  
1706  16  2  1889  1898  
1710  12  2  1802  1808  
1723  22  1  1829  
1724  3  1  1898  
1738  44  1  1857  
1741  36  2  1802  1821  
1744  36  1  1836  
1745  5  3  1800  1808  1814  
1749  51  1  1802  
1759  9  1  1808  
1768  20  3  1821  1836  1898  
1769  112  12  1809  1818  1821  1823  1827  1829  1831  1841  1848  1891  1896  1898  
1772  204  3  1828  1836  1889  
1775  22  3  1821  1827  1846  
1778  7  1  1896  
1781  15  2  1809  1841  
1792  2  1  1802  
1796  14  2  1802  1846  
1798  29  1  1800  
1803  1  1  1808  
1804  1  1  1808  
1805  1  1  1808  
1806  5  1  1808  
1807  31  6  1808  1811  1814  1818  1823  1831  
1809  13  1  1811  
1810  9  1  1811  
1811  18  2  1810  1821  
1812  31  2  1814  1834  
1813  2  1  1814  
1817  181  3  1818  1857  1898  
1820  6  1  1821  
1821  34  3  1841  1846  1898  
1824  47  2  1802  1809  
1826  29  2  1846  1898  
1829  56  4  1831  1836  1841  1898  
1830  17  2  1829  1831  
1835  66  2  1802  1836  
1841  88  5  1810  1821  1835  1846  1898  
1843  39  2  1835  1846  
1844  1  1  1846  
1850  63  3  1809  1836  1855  
1853  3  1  1855  
1890  3  1  1891  
1895  4  1  1896  
1898  121  5  1810  1821  1829  1835  1841  
1899  21  2  1810  1821  
1901  50  1  1802  
1905  17  1  1809  
1907  7  1  1836  
1908  121  7  1802  1809  1821  1829  1835  1841  1898  
1911  1  1  1835  
1916  10  1  1841  
1917  28  1  1836  
1920  6  1  1841  
1925  55  2  1809  1836  
1930  22  2  1841  1898  
1944  39  2  1810  1857  
1945  16  1  1810  
1946  20  1  1821  
1950  122  2  1841  1843  
1955  3  1  1836  
1956  44  1  1834  
1957  8  1  1821  
1960  129  5  1802  1809  1821  1836  1898  
1961  14  1  1834  
1962  146  3  1817  1826  1855  
1971  145  1  1826  
1981  41  1  1836  
1983  18  1  1841  
1991  32  2  1821  1841  
1994  29  2  1802  1809  
2015  12  1  1898  
2028  14  1  1802  
2032  1  1  1829  
2033  1  1  1829  
2034  3  2  1829  1841  
2044  34  1  1836  
2048  143  1  1834  
2049  49  1  1809  
2050  66  1  1809  
2051  12  1  1802  
2052  36  1  1802  
2056  241  3  1834  1855  1857  
2060  14  2  1836  1841  
2068  25  1  1821  
2071  6  1  1836  
2072  31  1  1809  
2073  247  3  1834  1836  1889  
2080  58  1  1806  
2081  1  1  1821  
2087  31  1  1836  
2089  48  1  1809  
2095  5  1  1841  
2097  17  1  1841  
2098  6  1  1841  
2099  4  1  1841  
2101  14  1  1821  
2102  120  1  1834  
2103  1  1  1821  
2104  1  1  1821  
2105  2  1  1821  
2106  9  1  1821  
2109  164  2  1802  1834  
2110  48  1  1809  
2133  19  1  1836  
2134  111  2  1828  1834  
2137  252  2  1834  1857  
2138  215  6  1802  1809  1834  1836  1889  1898  
2148  6  1  1809  
2153  7  1  1836  
2166  12  1  1809  
2173  77  2  1836  1889  
2177  189  3  1809  1826  1855  
2178  2  1  1809  
2179  124  2  1809  1889  
2180  7  1  1809  
2182  1  1  1809  
2183  49  1  1809  
2184  26  1  1809  
2185  4  1  1898  
2186  45  1  1898  
2187  1  1  1898  
2188  71  2  1802  1898  
2216  141  3  1834  1836  1857  
2219  6  1  1802  
2236  35  2  1802  1836  
2240  50  1  1826  
2252  42  1  1826  
2268  3  1  1802  
2272  103  2  1802  1836  
2273  142  1  1836  
2283  324  5  1826  1828  1834  1855  1857  
2303  46  1  1857  
2304  69  1  1836  
2307  68  1  1836  
2335  93  3  1802  1834  1857  
2339  34  1  1802  
2342  70  1  1802  
2343  26  1  1802  
2346  12  1  1802  
2347  1  1  1802  
2348  77  2  1802  1889  
2349  2  1  1802  
2350  82  3  1802  1806  1889  
2351  180  2  1802  1857  
2352  2  1  1802  
2353  2  1  1802  
2354  2  1  1802  
2355  50  1  1802  
2356  893  6  1802  1826  1834  1855  1857  1889  
2357  32  1  1802  
2358  5  1  1802  
2367  146  2  1843  1889  
2383  45  1  1843  
2387  7  1  1836  
2391  64  2  1836  1843  
2404  53  1  1836  
2405  46  1  1826  
2432  18  2  1836  1889  
2436  269  3  1834  1843  1857  
2438  113  1  1857  
2439  104  2  1834  1889  
2443  307  3  1826  1834  1855  
2444  12  1  1834  
2445  164  1  1834  
2456  13  1  1836  
2458  103  2  1836  1857  
2459  1  1  1836  
2460  7  1  1836  
2461  40  2  1826  1836  
2469  156  1  1857  
2471  618  6  1806  1826  1828  1843  1855  1857  
2474  44  1  1806  
2476  149  1  1834  
2483  168  2  1834  1857  
2486  61  1  1857  
2493  13  1  1834  
2494  200  2  1834  1857  
2540  40  1  1889  
2550  22  1  1889  
2562  173  3  1826  1828  1834  
2585  18  1  1857  
2595  39  2  1817  1843  
2596  50  1  1828  
2604  124  2  1834  1857  
2620  139  1  1855  
2627  6  1  1889  
2632  282  2  1828  1857  
2660  8  1  1889  
2661  18  1  1889  
2662  4  1  1889  
2691  123  2  1834  1857  
2715  238  3  1828  1855  1857  
2716  55  1  1826  
2720  357  3  1817  1834  1843  
2729  44  1  1834  
2731  28  1  1826  
2732  4  1  1857  
2735  55  1  1857  
2756  123  1  1834  
2761  44  1  1843  
2772  175  1  1857  
2774  189  1  1806  
2777  50  1  1857  
2779  45  1  1857  
2802  48  2  1834  1857  
2803  32  1  1857  
2804  4  1  1855  
2826  8  1  1857  
2846  8  1  1857  
2875  49  1  1826  
2877  88  1  1857  
2881  26  1  1834  
2907  24  1  1834  
2919  56  2  1834  1857  
2927  8  1  1834  
2954  19  1  1826  
3001  79  1  1834  
3045  18  1  1828  
3061  9  1  1857  
3064  273  1  1834  
3076  63  1  1806  
3087  41  1  1806  
3088  19  1  1857  
3089  42  1  1826  
3090  180  1  1857  
3098  60  1  1843  
3102  156  1  1834  
3104  2  1  1857  
3110  122  1  1834  
3137  88  1  1857  
3140  20  1  1806  
3146  314  2  1843  1855  
3147  27  1  1828  
3148  98  1  1828  
3150  319  2  1817  1843  
3151  148  3  1828  1834  1855  
3152  68  1  1855  
3153  241  5  1806  1826  1834  1843  1855  
3154  166  1  1817  
3155  69  1  1828  
3158  101  1  1828  
3159  54  2  1828  1855  
3173  42  1  1843  
3174  102  1  1834  
3178  20  1  1834  
3191  114  1  1843  
3209  71  1  1843  
3220  5  1  1857  
3221  6  1  1857  
3245  40  1  1834  
3251  147  1  1834  
3270  26  1  1806  
3278  52  1  1843  
3289  205  3  1828  1834  1843  
3290  144  1  1834  
3299  64  1  1834  
3303  32  1  1834  
3307  82  1  1826  
3315  362  3  1817  1826  1843  
3332  87  1  1834  
3337  20  1  1826  
3379  7  1  1834  
3391  93  1  1834  
3395  85  1  1843  
3396  11  1  1834  
3442  99  1  1843  
3443  232  2  1826  1855  
3468  20  1  1855  
3536  43  1  1828  
3549  29  2  1834  1855  
3583  85  1  1834  
3601  145  2  1828  1843  
3622  28  1  1834  
3648  147  1  1843  
3649  15  1  1855  
3652  104  1  1826  
3653  68  1  1817  
3656  89  2  1806  1828  
3657  257  1  1817  
3671  4  1  1834  
3672  27  1  1834  
3674  131  2  1834  1855  
3679  111  1  1843  
3682  115  2  1817  1834  
3683  33  1  1834  
3685  86  1  1828  
3686  77  1  1855  
3704  155  1  1828  
3722  50  1  1834  
3725  41  1  1828  
3736  64  2  1834  1843  
3739  5  1  1834  
3740  37  1  1834  
3746  6  1  1834  
3780  11  1  1834  
3788  8  1  1806  
3800  65  1  1834  
3813  17  1  1828  
3855  52  1  1843  
3879  278  1  1843  
3906  40  1  1843  
3917  4  1  1834  
3918  1  1  1834  
3919  80  2  1834  1843  
3920  6  1  1834  
3921  50  2  1843  1855  
3994  202  2  1817  1826  
4058  15  1  1828  
4073  81  1  1826  
4082  45  1  1855  
4116  6  1  1806  
4117  1  1  1806  
4158  2  1  1828  
4159  1  1  1828  
4187  96  1  1817  
4197  23  1  1855  
4198  59  1  1855  
4220  121  1  1826  
4226  46  1  1843  
4248  38  1  1817  
4256  34  2  1843  1855  
4259  7  1  1855  
4275  27  1  1826  
4288  73  1  1826  
4304  46  1  1817  
4315  101  1  1843  
4319  168  1  1826  
4379  5  1  1855  
4383  11  1  1855  
4384  169  3  1817  1843  1855  
4385  1  1  1855  
4386  2  1  1855  
4427  214  2  1826  1843  
4434  8  1  1817  
4440  361  2  1817  1843  
4453  53  2  1826  1843  
4460  7  1  1826  
4485  139  1  1826  
4486  172  1  1826  
4531  271  3  1817  1826  1843  
4555  33  1  1826  
4564  13  1  1843  
4608  122  1  1826  
4611  139  1  1843  
4612  101  2  1817  1826  
4614  217  2  1826  1843  
4615  49  1  1843  
4620  152  1  1817  
4623  211  1  1817  
4624  312  2  1817  1843  
4625  80  1  1843  
4631  32  2  1817  1843  
4672  44  1  1826  
4790  37  1  1826  
4811  9  1  1843  
4817  37  1  1843  
4828  66  1  1826  
4868  30  1  1843  
4874  4  1  1843  
4901  389  2  1817  1826  
4906  39  1  1826  
4908  243  3  1817  1826  1843  
4951  105  1  1817  
4977  66  1  1826  
5045  49  1  1843  
5050  50  1  1817  
5051  230  2  1817  1826  
5076  1  1  1843  
5082  13  1  1826  
5110  75  1  1826  
5129  191  1  1826  
5133  222  1  1826  
5135  385  2  1817  1826  
5138  16  1  1817  
5144  79  1  1826  
5149  84  2  1817  1826  
5150  75  1  1826  
5152  61  1  1826  
5155  98  1  1817  
5157  41  1  1826  
5191  50  1  1826  
5295  20  1  1826  
5316  30  1  1817  
5325  80  1  1826  
5477  53  1  1826  
5502  10  1  1817  
5519  88  1  1826  
5521  76  1  1826  
5546  190  2  1817  1826  
5559  44  1  1817  
5563  108  1  1826  
5602  8  1  1817  
5621  23  1  1826  
5627  3  1  1817  
5657  3  1  1817  
5664  5  1  1826  
5693  7  1  1817  
5705  2  1  1817  
5743  58  1  1826  
5772  177  1  1826  
5789  160  1  1826  
5794  93  1  1826  
5801  50  1  1826  
5893  33  1  1826  
5921  77  1  1826  
5923  24  1  1826  
5937  11  1  1826  
6061  5  1  1826  
6063  47  1  1826  
6092  1  1  1826  
6093  18  1  1826  
6094  81  1  1826  
6147  161  1  1826  
6156  37  1  1826  
6157  118  1  1826  
6161  4  1  1826  
6171  70  1  1826  
6175  123  1  1826  
6180  93  1  1826  
6294  47  1  1826  
6324  6  1  1826  
6348  39  1  1826  
6393  9  1  1826  
6405  38  1  1826  
6415  52  1  1826  
6427  10  1  1826  
6436  9  1  1826  
6459  39  1  1826  
6532  11  1  1826  
6622  25  1  1826  
6657  30  1  1826  
6662  45  1  1826  
6672  50  1  1826  
6680  13  1  1826  
6696  20  1  1826  
6698  35  1  1826  
6725  9  1  1826  
6765  11  1  1826  
6784  5  1  1826  
6797  30  1  1826  
6798  21  1  1826  
6802  10  1  1826  
6910  20  1  1826  
6947  2  1  1826  
7002  10  1  1826  
7020  7  1  1826  
7051  1  1  1826  
