3  302  7  1030  1048  1055  1058  1062  1067  1068  
4  24  2  1090  1093  
5  182  1  1003  
6  81  1  1014  
8  743  24  1003  1008  1014  1022  1029  1032  1033  1041  1048  1054  1056  1058  1062  1064  1065  1067  1068  1085  1086  1090  1091  1093  1096  1099  
9  65  1  1062  
11  114  2  1028  1064  
13  15  1  1086  
14  45  1  1090  
17  187  4  1058  1064  1067  1090  
18  76  1  1090  
20  74  1  1028  
21  309  9  1011  1022  1028  1030  1058  1064  1065  1086  1093  
22  90  1  1036  
24  102  1  1003  
25  133  3  1062  1086  1090  
26  150  1  1036  
30  24  1  1048  
32  65  2  1032  1093  
33  227  10  1022  1028  1030  1032  1036  1066  1086  1090  1093  1096  
39  89  2  1028  1032  
41  44  2  1022  1086  
44  146  2  1022  1086  
46  15  1  1028  
52  64  1  1028  
55  38  1  1086  
56  94  3  1030  1036  1055  
63  44  2  1036  1093  
65  275  2  1059  1061  
67  164  4  1028  1036  1058  1093  
69  69  4  1022  1028  1086  1090  
70  31  1  1086  
72  25  2  1085  1093  
73  41  1  1092  
76  18  1  1059  
81  122  2  1036  1086  
82  195  5  1003  1028  1036  1093  1099  
84  29  1  1092  
85  72  3  1029  1033  1036  
89  80  2  1028  1086  
98  30  3  1011  1014  1092  
103  190  3  1054  1064  1099  
104  95  2  1003  1091  
107  89  1  1086  
114  8  1  1086  
116  213  2  1061  1066  
119  29  1  1067  
120  25  2  1058  1086  
121  132  3  1011  1059  1061  
122  80  4  1064  1066  1093  1099  
125  29  2  1011  1054  
131  72  5  1030  1086  1090  1092  1093  
140  58  2  1041  1085  
143  74  5  1028  1030  1033  1044  1045  
146  61  1  1028  
149  44  4  1025  1028  1058  1066  
153  32  2  1032  1036  
156  8  1  1008  
158  93  1  1059  
162  70  10  1030  1044  1055  1056  1058  1086  1090  1092  1093  1096  
163  123  1  1066  
164  334  14  1014  1022  1028  1029  1032  1041  1054  1067  1068  1086  1090  1093  1096  1099  
167  39  7  1028  1036  1058  1062  1067  1086  1090  
168  19  1  1086  
169  63  1  1085  
171  54  2  1011  1066  
173  79  8  1003  1032  1033  1036  1054  1058  1067  1086  
176  37  1  1054  
180  13  2  1064  1065  
182  21  1  1086  
186  11  1  1022  
188  17  1  1086  
190  21  2  1028  1086  
192  31  1  1022  
193  12  2  1054  1065  
198  10  3  1028  1086  1090  
204  100  7  1014  1029  1045  1058  1086  1093  1099  
210  4  1  1054  
214  25  3  1054  1055  1092  
218  50  1  1093  
227  5  2  1054  1055  
228  8  1  1086  
236  15  1  1096  
241  25  2  1086  1090  
242  86  2  1028  1066  
246  56  1  1022  
249  22  1  1028  
251  31  1  1036  
255  30  2  1028  1054  
263  76  3  1028  1054  1086  
272  71  4  1036  1064  1065  1093  
278  10  1  1028  
286  79  6  1028  1036  1044  1056  1064  1065  
288  244  5  1045  1059  1066  1067  1099  
290  142  6  1032  1036  1058  1059  1067  1093  
292  230  13  1014  1022  1028  1030  1033  1036  1044  1064  1066  1067  1091  1093  1096  
293  321  14  1008  1025  1028  1030  1033  1054  1055  1062  1064  1066  1067  1086  1093  1099  
294  227  15  1028  1030  1032  1033  1045  1048  1055  1058  1064  1065  1068  1086  1090  1093  1096  
295  54  1  1054  
297  77  5  1028  1032  1058  1066  1086  
299  140  6  1028  1030  1033  1067  1090  1093  
301  199  6  1014  1055  1064  1067  1086  1099  
302  7  1  1086  
303  27  2  1028  1090  
318  31  1  1096  
321  80  1  1086  
323  47  5  1028  1044  1055  1062  1086  
328  86  2  1059  1066  
329  8  1  1065  
330  21  2  1033  1058  
337  18  1  1086  
350  117  3  1059  1086  1096  
355  37  3  1032  1067  1093  
361  45  1  1066  
364  11  1  1028  
380  20  1  1066  
384  145  4  1022  1045  1064  1099  
389  21  1  1054  
401  79  1  1065  
408  157  2  1014  1086  
415  8  1  1092  
429  4  1  1003  
431  732  8  1014  1022  1054  1059  1061  1067  1093  1099  
438  12  2  1054  1086  
440  10  1  1086  
458  14  2  1086  1093  
494  142  4  1054  1064  1065  1066  
501  22  1  1086  
502  6  1  1014  
504  121  7  1022  1028  1048  1064  1086  1090  1093  
520  5  1  1022  
527  4  2  1032  1086  
530  34  1  1085  
536  22  1  1093  
548  214  6  1011  1014  1022  1065  1086  1093  
549  9  1  1055  
572  31  4  1045  1067  1086  1093  
574  1  1  1056  
578  150  6  1059  1064  1086  1090  1093  1096  
579  66  5  1036  1062  1066  1086  1093  
584  4  1  1086  
587  46  2  1028  1054  
588  27  1  1030  
589  16  1  1086  
591  32  3  1028  1086  1093  
593  40  1  1086  
594  98  4  1048  1058  1086  1092  
602  6  2  1086  1090  
603  14  1  1093  
604  2  1  1086  
606  158  7  1028  1030  1033  1044  1066  1067  1093  
610  19  2  1022  1093  
626  83  6  1033  1048  1055  1062  1065  1096  
628  5  1  1096  
629  47  1  1086  
631  24  2  1086  1099  
635  118  3  1028  1054  1066  
636  6  1  1030  
637  100  5  1003  1030  1033  1045  1090  
643  81  3  1008  1030  1066  
644  28  1  1032  
645  95  6  1022  1028  1086  1090  1092  1093  
646  123  6  1028  1036  1067  1090  1092  1093  
647  51  7  1003  1025  1033  1044  1045  1056  1058  
649  105  8  1003  1011  1028  1032  1045  1055  1093  1099  
651  19  1  1093  
654  23  1  1093  
661  264  7  1032  1056  1059  1064  1066  1067  1086  
666  32  2  1086  1099  
669  34  4  1036  1044  1086  1092  
672  8  1  1054  
680  93  2  1065  1067  
686  66  1  1086  
695  77  4  1028  1044  1086  1093  
698  50  3  1028  1086  1091  
700  34  1  1056  
702  773  11  1011  1025  1030  1059  1061  1064  1066  1067  1085  1086  1091  
705  146  12  1022  1028  1032  1036  1041  1048  1066  1067  1086  1090  1093  1096  
719  224  9  1025  1054  1062  1064  1065  1066  1086  1093  1099  
722  12  1  1062  
723  113  7  1028  1036  1044  1058  1059  1066  1086  
724  317  10  1028  1054  1056  1058  1061  1065  1067  1086  1093  1099  
725  41  2  1028  1093  
729  60  2  1028  1067  
739  90  7  1008  1014  1030  1048  1064  1067  1093  
743  34  4  1044  1086  1091  1099  
746  272  7  1008  1041  1059  1066  1067  1086  1093  
749  29  1  1093  
753  16  2  1028  1086  
755  11  1  1041  
756  15  1  1036  
757  2  1  1086  
758  165  1  1066  
759  249  7  1029  1054  1056  1065  1067  1068  1099  
763  12  1  1022  
768  36  2  1029  1099  
771  61  1  1056  
772  30  3  1029  1048  1066  
774  45  3  1030  1062  1086  
783  99  1  1032  
793  97  4  1003  1048  1058  1086  
797  11  4  1090  1091  1092  1096  
799  59  3  1067  1068  1093  
800  29  2  1064  1066  
807  122  2  1054  1066  
812  7  1  1048  
822  26  2  1028  1030  
826  5  1  1093  
829  119  8  1008  1014  1032  1054  1056  1062  1065  1099  
836  27  3  1028  1036  1062  
837  9  1  1028  
839  7  1  1036  
841  4  1  1086  
847  149  12  1014  1022  1041  1054  1056  1058  1062  1064  1065  1067  1086  1093  
850  6  2  1036  1045  
857  18  2  1014  1086  
861  46  6  1028  1032  1054  1055  1058  1091  
864  80  4  1032  1054  1093  1099  
866  30  3  1064  1067  1093  
869  110  7  1030  1044  1066  1086  1091  1092  1093  
871  29  2  1058  1099  
875  34  2  1036  1086  
877  42  3  1028  1036  1090  
880  12  1  1086  
881  22  2  1030  1062  
883  3  1  1086  
891  11  2  1048  1058  
892  72  8  1028  1036  1055  1061  1067  1091  1093  1099  
895  36  1  1066  
899  65  7  1025  1030  1058  1065  1091  1092  1093  
902  16  3  1028  1064  1093  
903  47  10  1028  1030  1048  1055  1056  1058  1086  1090  1091  1092  
906  6  1  1093  
907  77  6  1044  1054  1066  1086  1091  1092  
909  292  5  1011  1059  1066  1085  1086  
914  238  11  1008  1014  1022  1030  1054  1064  1065  1066  1067  1068  1090  
915  45  2  1062  1093  
917  297  4  1011  1066  1085  1086  
918  30  3  1028  1055  1086  
920  60  2  1014  1056  
926  138  4  1045  1048  1058  1067  
929  44  3  1030  1064  1065  
933  23  4  1044  1048  1056  1086  
941  14  4  1028  1036  1058  1067  
942  9  1  1067  
947  7  2  1028  1086  
948  135  13  1003  1014  1025  1028  1033  1036  1048  1056  1062  1086  1090  1093  1096  
950  19  2  1056  1086  
952  6  1  1028  
953  33  3  1045  1064  1086  
954  12  1  1090  
955  86  2  1048  1067  
959  49  1  1099  
960  41  2  1011  1041  
961  21  1  1086  
964  24  3  1058  1067  1093  
968  44  4  1028  1056  1093  1099  
969  46  3  1028  1064  1086  
970  4  1  1028  
972  196  3  1003  1059  1093  
977  156  6  1030  1055  1064  1085  1090  1093  
978  29  1  1067  
980  7  1  1086  
981  5  1  1036  
983  3  1  1030  
988  74  5  1022  1032  1044  1059  1065  
990  5  1  1093  
998  8  2  1054  1055  
1001  8  1  1055  
1002  2  1  1086  
1006  10  1  1014  
1008  88  1  1093  
1009  305  3  1014  1066  1086  
1010  8  1  1014  
1013  15  1  1014  
1022  60  2  1093  1096  
1025  39  5  1044  1048  1062  1092  1093  
1027  1  1  1028  
1030  37  2  1044  1056  
1032  62  4  1033  1065  1066  1099  
1033  13  1  1044  
1034  62  3  1036  1058  1067  
1035  1  1  1036  
1037  57  1  1093  
1038  399  8  1044  1058  1059  1061  1065  1085  1086  1090  
1040  115  5  1008  1044  1055  1064  1099  
1041  135  3  1014  1032  1044  
1045  2  1  1093  
1046  48  4  1008  1066  1067  1086  
1047  14  1  1086  
1048  7  3  1030  1090  1096  
1049  2  2  1030  1086  
1053  8  1  1055  
1054  472  10  1008  1014  1022  1041  1055  1064  1066  1085  1086  1091  
1057  1  1  1058  
1059  2  1  1058  
1060  1  1  1058  
1061  2  1  1065  
1062  24  2  1067  1093  
1066  599  10  1008  1044  1054  1059  1061  1064  1065  1085  1086  1099  
1067  158  7  1054  1062  1064  1086  1090  1092  1093  
1068  5  1  1086  
1069  29  1  1086  
1070  2  2  1086  1090  
1071  1  1  1086  
1072  1  1  1086  
1073  1  1  1086  
1074  1  1  1086  
1075  1  1  1086  
1076  1  1  1086  
1077  1  1  1086  
1078  1  1  1086  
1079  10  1  1086  
1080  1  1  1086  
1081  1  1  1086  
1082  7  1  1086  
1083  9  1  1086  
1084  79  3  1066  1067  1086  
1085  43  4  1054  1067  1086  1099  
1087  3  2  1090  1091  
1088  2  1  1090  
1089  1  1  1090  
1093  31  1  1092  
1094  1  1  1096  
1095  5  1  1096  
1100  107  2  1066  1067  
1101  35  1  1093  
1102  66  3  1022  1054  1086  
1103  22  2  1065  1099  
1104  61  1  1099  
1107  26  1  1093  
1110  218  9  1014  1022  1032  1041  1064  1066  1085  1086  1093  
1111  79  2  1054  1093  
1115  65  1  1086  
1120  77  3  1041  1064  1093  
1129  33  2  1064  1067  
1132  14  1  1054  
1133  16  2  1067  1093  
1134  20  2  1032  1093  
1135  103  6  1014  1064  1066  1067  1068  1099  
1136  6  1  1093  
1141  11  1  1099  
1146  77  3  1008  1066  1067  
1147  21  1  1062  
1150  51  2  1064  1099  
1156  45  2  1066  1093  
1158  8  1  1065  
1162  61  1  1014  
1173  69  3  1032  1067  1093  
1174  124  4  1056  1066  1067  1085  
1177  8  1  1056  
1178  20  1  1054  
1180  65  1  1093  
1182  16  1  1067  
1183  34  1  1093  
1184  7  1  1093  
1185  33  2  1065  1067  
1189  76  3  1066  1086  1093  
1197  290  6  1011  1032  1056  1059  1066  1067  
1211  181  7  1014  1032  1054  1056  1064  1065  1066  
1223  6  1  1093  
1225  2  1  1022  
1226  1  1  1093  
1227  62  4  1008  1032  1054  1093  
1228  8  1  1093  
1229  1  1  1093  
1230  3  1  1093  
1231  5  1  1093  
1232  3  1  1093  
1233  2  1  1093  
1234  4  1  1093  
1235  2  1  1093  
1236  2  1  1093  
1237  1  1  1093  
1238  3  1  1093  
1240  117  7  1014  1029  1054  1064  1065  1067  1099  
1242  121  5  1014  1022  1029  1064  1099  
1243  30  1  1022  
1247  91  4  1032  1064  1066  1067  
1255  40  3  1011  1059  1086  
1256  33  1  1086  
1261  462  9  1014  1022  1032  1054  1065  1066  1067  1091  1099  
1264  33  2  1064  1068  
1267  63  3  1032  1044  1067  
1268  52  1  1064  
1269  17  1  1011  
1271  37  1  1056  
1273  61  2  1032  1064  
1277  32  1  1086  
1281  9  1  1067  
1282  199  4  1022  1064  1068  1086  
1290  3  1  1099  
1301  13  1  1032  
1303  41  1  1022  
1308  52  2  1064  1067  
1312  183  8  1014  1022  1029  1041  1054  1059  1064  1099  
1325  41  3  1014  1086  1099  
1346  48  2  1065  1086  
1349  8  1  1086  
1354  156  4  1054  1064  1066  1067  
1355  72  2  1067  1099  
1357  91  3  1022  1064  1066  
1361  44  2  1014  1065  
1363  26  2  1054  1064  
1364  52  1  1067  
1368  117  4  1029  1065  1068  1099  
1370  64  4  1014  1044  1064  1067  
1372  157  6  1014  1054  1064  1067  1068  1099  
1373  1  1  1067  
1374  1  1  1067  
1375  10  2  1064  1067  
1376  210  8  1008  1014  1054  1064  1066  1067  1086  1099  
1377  28  1  1067  
1378  6  1  1067  
1379  12  1  1067  
1380  48  4  1008  1054  1067  1099  
1381  38  2  1014  1067  
1400  99  5  1008  1022  1054  1066  1099  
1401  139  2  1014  1054  
1404  35  2  1014  1099  
1416  68  2  1054  1064  
1417  81  4  1014  1029  1065  1099  
1421  244  4  1014  1022  1061  1085  
1425  28  1  1008  
1427  587  14  1008  1011  1014  1022  1041  1044  1054  1056  1059  1064  1065  1066  1086  1099  
1428  42  1  1059  
1431  20  1  1056  
1433  79  3  1008  1064  1065  
1443  46  1  1008  
1457  13  1  1099  
1458  87  4  1008  1022  1056  1066  
1460  102  4  1008  1054  1064  1065  
1466  30  1  1086  
1468  114  4  1014  1029  1064  1068  
1470  29  1  1099  
1478  10  2  1068  1099  
1481  355  11  1008  1014  1022  1029  1041  1044  1054  1065  1068  1086  1099  
1488  162  7  1014  1029  1041  1054  1064  1068  1099  
1494  80  1  1022  
1503  6  2  1065  1068  
1510  3  1  1014  
1511  36  1  1086  
1515  48  1  1086  
1517  5  1  1099  
1533  6  1  1029  
1539  5  1  1086  
1541  18  1  1029  
1547  2  1  1099  
1561  50  1  1091  
1567  70  2  1064  1086  
1570  93  1  1054  
1571  112  1  1086  
1576  34  1  1086  
1580  9  1  1054  
1586  96  3  1064  1066  1085  
1597  19  1  1029  
1598  45  1  1066  
1602  55  1  1054  
1604  1  1  1099  
1605  9  1  1099  
1606  3  1  1099  
1607  1  1  1099  
1608  1  1  1099  
1609  9  1  1099  
1617  68  1  1008  
1618  35  1  1014  
1621  23  1  1085  
1623  89  2  1014  1086  
1624  16  1  1041  
1634  97  4  1008  1054  1064  1065  
1636  67  2  1054  1064  
1639  141  6  1014  1022  1041  1054  1064  1086  
1644  8  1  1064  
1648  57  1  1014  
1649  1  1  1014  
1650  1  1  1014  
1658  26  1  1066  
1659  44  2  1059  1066  
1664  20  3  1022  1054  1086  
1666  19  1  1064  
1671  129  3  1008  1022  1064  
1674  43  1  1008  
1678  10  1  1054  
1680  90  2  1008  1066  
1682  11  1  1064  
1694  73  1  1086  
1695  16  2  1054  1065  
1696  28  1  1041  
1697  57  1  1041  
1710  12  1  1022  
1730  33  1  1066  
1731  3  1  1022  
1738  44  1  1008  
1744  36  2  1008  1086  
1751  6  1  1065  
1759  9  2  1041  1064  
1769  112  1  1054  
1772  204  2  1008  1056  
1773  2  1  1022  
1775  22  1  1022  
1778  7  1  1022  
1781  15  1  1086  
1789  5  1  1086  
1794  4  2  1059  1065  
1795  15  1  1065  
1796  14  2  1065  1086  
1807  31  2  1054  1064  
1817  181  2  1061  1066  
1821  34  1  1022  
1829  56  1  1066  
1838  1  1  1054  
1839  3  1  1054  
1840  1  1  1054  
1841  88  5  1008  1022  1041  1054  1086  
1843  39  1  1061  
1850  63  1  1066  
1880  6  1  1044  
1888  14  2  1008  1086  
1898  121  2  1022  1066  
1899  21  1  1086  
1901  50  2  1022  1066  
1908  121  3  1008  1041  1086  
1917  28  1  1022  
1925  55  2  1008  1086  
1933  45  1  1066  
1936  11  1  1022  
1938  4  1  1086  
1939  47  1  1086  
1943  7  1  1056  
1945  16  1  1086  
1946  20  1  1066  
1948  113  1  1008  
1950  122  2  1044  1066  
1951  1  1  1022  
1960  129  2  1008  1086  
1968  2  1  1086  
1971  145  1  1066  
1981  41  1  1044  
1983  18  1  1044  
1994  29  1  1022  
1996  65  1  1056  
2008  61  1  1022  
2009  1  1  1022  
2010  3  1  1022  
2011  1  1  1022  
2012  1  1  1022  
2013  1  1  1022  
2028  14  2  1008  1056  
2029  31  1  1066  
2030  17  1  1044  
2045  28  1  1066  
2048  143  4  1008  1059  1066  1086  
2050  66  1  1086  
2052  36  2  1008  1086  
2056  241  2  1066  1085  
2059  108  1  1086  
2060  14  2  1008  1086  
2061  3  1  1044  
2073  247  1  1011  
2074  49  1  1066  
2075  95  1  1066  
2080  58  1  1086  
2087  31  1  1066  
2102  120  3  1011  1059  1066  
2109  164  1  1066  
2134  111  1  1059  
2137  252  4  1011  1044  1059  1066  
2138  215  3  1008  1066  1086  
2164  1  1  1086  
2165  57  1  1066  
2174  7  1  1008  
2175  8  1  1008  
2176  17  1  1008  
2179  124  2  1066  1086  
2183  49  3  1059  1085  1086  
2190  72  1  1066  
2208  2  1  1011  
2216  141  2  1044  1066  
2271  75  1  1056  
2283  324  2  1066  1085  
2285  21  1  1066  
2294  38  1  1066  
2299  30  1  1086  
2301  100  1  1085  
2303  46  1  1086  
2307  68  2  1066  1086  
2315  4  1  1086  
2316  1  1  1086  
2317  1  1  1086  
2318  1  1  1086  
2319  1  1  1086  
2320  5  1  1086  
2322  1  1  1086  
2323  2  1  1086  
2324  1  1  1086  
2325  1  1  1086  
2326  1  1  1086  
2327  2  1  1086  
2328  1  1  1086  
2329  47  1  1086  
2330  1  1  1086  
2331  1  1  1086  
2332  1  1  1086  
2333  1  1  1086  
2335  93  1  1011  
2348  77  1  1056  
2350  82  1  1066  
2351  180  1  1059  
2356  893  6  1011  1056  1059  1066  1085  1091  
2367  146  2  1061  1066  
2383  45  1  1066  
2391  64  1  1066  
2404  53  1  1066  
2436  269  3  1044  1066  1085  
2438  113  1  1066  
2440  49  1  1061  
2443  307  4  1011  1059  1066  1085  
2445  164  3  1044  1059  1066  
2451  126  1  1061  
2458  103  1  1066  
2460  7  1  1056  
2469  156  2  1061  1066  
2471  618  4  1011  1061  1066  1085  
2476  149  1  1066  
2479  64  1  1085  
2483  168  3  1011  1059  1066  
2487  75  1  1059  
2493  13  1  1066  
2494  200  3  1011  1059  1066  
2507  3  1  1056  
2517  28  1  1056  
2519  39  1  1056  
2521  79  1  1011  
2562  173  1  1066  
2563  15  1  1066  
2595  39  1  1066  
2604  124  2  1059  1066  
2620  139  1  1059  
2632  282  1  1059  
2685  62  1  1059  
2691  123  2  1059  1066  
2700  19  1  1085  
2712  70  1  1044  
2715  238  2  1059  1066  
2716  55  1  1066  
2720  357  1  1061  
2735  55  1  1091  
2746  43  1  1066  
2756  123  1  1066  
2770  52  1  1066  
2772  175  1  1059  
2774  189  1  1066  
2777  50  1  1066  
2778  216  3  1044  1059  1066  
2779  45  1  1066  
2780  38  1  1059  
2783  7  1  1066  
2802  48  1  1066  
2820  20  1  1059  
2827  37  2  1011  1059  
2877  88  2  1059  1066  
2881  26  1  1066  
2899  79  1  1085  
2983  95  2  1059  1066  
3000  14  1  1066  
3001  79  2  1044  1059  
3012  58  1  1066  
3029  18  1  1091  
3064  273  3  1044  1066  1085  
3076  63  1  1044  
3082  12  1  1059  
3089  42  2  1059  1066  
3095  12  1  1066  
3096  15  1  1061  
3110  122  2  1059  1085  
3112  89  1  1061  
3137  88  1  1066  
3146  314  2  1061  1085  
3147  27  1  1085  
3148  98  2  1044  1085  
3150  319  1  1085  
3151  148  1  1085  
3152  68  1  1085  
3154  166  2  1059  1091  
3158  101  1  1085  
3159  54  2  1059  1085  
3160  56  1  1085  
3163  17  1  1066  
3166  23  1  1066  
3167  21  1  1066  
3173  42  1  1061  
3174  102  2  1059  1066  
3177  24  1  1011  
3181  16  1  1059  
3196  11  1  1066  
3210  28  1  1011  
3215  13  1  1066  
3245  40  1  1066  
3251  147  1  1085  
3265  15  1  1066  
3277  12  1  1066  
3279  1  1  1066  
3280  12  1  1066  
3289  205  3  1011  1059  1061  
3295  1  1  1059  
3296  1  1  1059  
3297  22  1  1059  
3307  82  1  1061  
3308  63  1  1059  
3315  362  1  1061  
3332  87  1  1059  
3338  144  2  1061  1085  
3353  75  2  1044  1059  
3362  95  2  1044  1091  
3391  93  1  1044  
3402  3  1  1011  
3403  10  1  1011  
3442  99  1  1061  
3443  232  1  1085  
3499  6  1  1059  
3583  85  1  1059  
3599  33  1  1044  
3648  147  1  1061  
3657  257  1  1061  
3666  23  1  1059  
3674  131  1  1085  
3679  111  1  1061  
3683  33  1  1059  
3685  86  1  1061  
3714  16  1  1044  
3721  25  1  1059  
3722  50  1  1059  
3734  26  1  1059  
3742  76  1  1059  
3749  84  1  1085  
3812  7  1  1059  
3848  11  1  1059  
3852  23  1  1059  
3874  1  1  1059  
3875  1  1  1059  
3876  1  1  1059  
3877  3  1  1059  
3878  7  1  1059  
3879  278  2  1061  1091  
3893  8  1  1085  
3929  39  1  1085  
3986  24  1  1085  
3990  70  1  1085  
3994  202  1  1091  
4108  3  1  1085  
4152  228  1  1061  
4196  57  1  1061  
4427  214  1  1091  
4440  361  1  1061  
4569  69  1  1061  
4611  139  1  1061  
4684  59  1  1061  
4685  75  1  1061  
4817  37  1  1061  
4866  21  1  1061  
4901  389  1  1091  
4908  243  1  1061  
4919  137  1  1061  
4986  28  1  1061  
5008  2  1  1091  
5112  42  1  1091  
5122  32  1  1061  
5129  191  1  1061  
5133  222  1  1091  
5224  52  1  1091  
5228  10  1  1091  
5299  1  1  1061  
5300  6  1  1061  
5301  1  1  1061  
5302  68  1  1061  
5303  6  1  1061  
5772  177  1  1091  
5798  135  1  1091  
6026  191  1  1091  
6094  81  1  1091  
6147  161  1  1091  
6149  27  1  1091  
6152  142  1  1091  
6180  93  1  1091  
6578  39  1  1091  
6627  36  1  1091  
6690  13  1  1091  
