3  302  17  1403  1404  1410  1411  1412  1417  1427  1433  1434  1435  1440  1445  1449  1461  1471  1483  1492  
6  81  3  1404  1455  1491  
8  743  26  1400  1403  1404  1410  1411  1412  1413  1417  1421  1425  1427  1428  1433  1434  1435  1442  1443  1458  1460  1466  1481  1483  1486  1492  1494  1495  
9  65  1  1449  
13  15  1  1455  
17  187  4  1445  1460  1471  1477  
20  74  2  1417  1467  
21  309  9  1417  1421  1425  1426  1427  1443  1460  1481  1495  
25  133  2  1477  1481  
26  150  2  1426  1427  
33  227  8  1403  1417  1427  1433  1443  1460  1481  1494  
39  89  2  1426  1477  
43  59  3  1421  1442  1467  
44  146  4  1441  1449  1460  1476  
46  15  1  1428  
53  24  1  1427  
56  94  2  1469  1477  
57  9  1  1400  
65  275  2  1427  1466  
66  109  4  1427  1449  1460  1467  
67  164  6  1417  1427  1449  1471  1494  1495  
69  69  1  1458  
72  25  2  1428  1440  
81  122  3  1404  1445  1460  
82  195  4  1427  1449  1460  1477  
84  29  1  1485  
85  72  2  1445  1470  
100  9  1  1469  
103  190  3  1400  1417  1495  
107  89  3  1440  1442  1471  
114  8  1  1445  
116  213  1  1427  
122  80  6  1403  1417  1427  1434  1435  1486  
129  99  3  1427  1441  1495  
131  72  1  1471  
136  94  3  1445  1449  1467  
138  18  1  1445  
140  58  1  1443  
149  44  1  1434  
153  32  1  1460  
158  93  1  1460  
162  70  5  1403  1411  1427  1434  1492  
163  123  2  1427  1447  
164  334  24  1403  1404  1410  1413  1416  1421  1425  1428  1434  1440  1442  1443  1455  1458  1460  1461  1467  1469  1476  1477  1486  1491  1492  1494  
167  39  4  1410  1416  1467  1476  
168  19  2  1466  1467  
171  54  2  1421  1495  
173  79  2  1404  1445  
176  37  1  1449  
188  17  1  1476  
193  12  1  1481  
204  100  3  1400  1481  1483  
214  25  2  1445  1449  
217  6  1  1483  
219  23  1  1440  
241  25  1  1485  
242  86  2  1417  1449  
249  22  1  1449  
256  14  1  1460  
263  76  2  1460  1481  
264  39  2  1471  1476  
272  71  2  1467  1495  
286  79  2  1413  1495  
288  244  8  1403  1416  1417  1434  1449  1460  1461  1469  
290  142  8  1404  1417  1443  1460  1461  1467  1477  1495  
292  230  5  1417  1449  1460  1476  1492  
293  321  17  1400  1404  1413  1417  1425  1427  1455  1458  1460  1461  1466  1467  1471  1476  1481  1491  1495  
294  227  7  1434  1449  1455  1469  1476  1477  1492  
295  54  4  1417  1427  1467  1471  
297  77  1  1467  
299  140  9  1403  1417  1433  1434  1449  1460  1467  1476  1495  
301  199  7  1416  1443  1449  1455  1461  1467  1495  
307  25  1  1427  
317  46  1  1449  
321  80  1  1404  
328  86  1  1441  
350  117  1  1449  
372  42  1  1467  
380  20  1  1400  
381  5  1  1400  
384  145  6  1404  1413  1443  1449  1460  1495  
399  7  1  1467  
401  79  1  1427  
403  6  1  1467  
408  157  6  1403  1410  1421  1481  1494  1495  
431  732  21  1403  1410  1412  1413  1416  1417  1425  1427  1433  1434  1440  1443  1445  1449  1455  1460  1467  1470  1473  1477  1495  
494  142  3  1425  1447  1494  
502  6  1  1443  
504  121  1  1421  
532  5  1  1473  
536  22  1  1425  
548  214  6  1400  1426  1427  1433  1441  1460  
577  55  3  1449  1455  1467  
578  150  3  1416  1441  1460  
579  66  2  1443  1494  
580  11  1  1403  
581  25  1  1449  
587  46  1  1413  
588  27  3  1403  1460  1467  
591  32  1  1425  
594  98  2  1466  1481  
606  158  4  1404  1417  1449  1476  
607  13  1  1445  
626  83  6  1403  1412  1413  1417  1473  1476  
629  47  1  1486  
631  24  1  1495  
635  118  4  1400  1455  1460  1476  
637  100  3  1426  1445  1469  
639  8  2  1449  1460  
643  81  2  1469  1476  
645  95  5  1445  1449  1460  1467  1471  
646  123  17  1400  1404  1411  1416  1417  1421  1434  1440  1441  1449  1455  1461  1467  1473  1476  1481  1494  
649  105  4  1404  1441  1460  1467  
651  19  7  1404  1433  1460  1469  1476  1477  1495  
661  264  11  1404  1413  1416  1434  1443  1449  1467  1470  1471  1476  1485  
666  32  1  1445  
695  77  2  1413  1455  
698  50  1  1445  
702  773  7  1417  1428  1447  1460  1481  1494  1495  
705  146  5  1443  1455  1466  1471  1477  
711  2  1  1460  
716  8  1  1441  
719  224  7  1404  1413  1427  1449  1460  1483  1495  
723  113  2  1460  1461  
724  317  9  1400  1404  1421  1425  1427  1441  1442  1460  1466  
725  41  1  1471  
728  18  4  1435  1441  1445  1449  
729  60  5  1403  1427  1461  1469  1476  
730  6  1  1428  
739  90  6  1421  1449  1455  1467  1476  1477  
743  34  1  1471  
744  3  1  1410  
746  272  13  1400  1404  1413  1421  1425  1427  1442  1443  1447  1460  1471  1476  1481  
755  11  1  1443  
758  165  1  1427  
759  249  24  1400  1410  1411  1412  1413  1416  1417  1434  1435  1440  1442  1443  1447  1449  1460  1469  1470  1471  1473  1477  1486  1491  1492  1495  
766  26  2  1404  1494  
771  61  1  1400  
783  99  6  1411  1417  1427  1435  1441  1470  
785  91  2  1400  1470  
787  13  1  1425  
789  16  1  1481  
793  97  4  1404  1427  1440  1449  
797  11  1  1425  
798  38  4  1433  1445  1449  1476  
799  59  4  1403  1411  1417  1485  
807  122  1  1427  
810  7  1  1445  
812  7  2  1434  1440  
821  6  1  1445  
825  24  1  1466  
829  119  5  1404  1421  1425  1427  1483  
840  7  1  1455  
841  4  1  1445  
843  17  1  1404  
847  149  19  1404  1417  1427  1428  1433  1435  1441  1442  1449  1455  1460  1461  1467  1469  1471  1483  1491  1494  1495  
852  21  1  1441  
859  22  1  1413  
861  46  3  1427  1460  1494  
864  80  10  1400  1417  1433  1441  1455  1461  1467  1470  1494  1495  
866  30  2  1417  1495  
869  110  5  1400  1427  1442  1460  1470  
871  29  1  1413  
872  8  2  1449  1455  
875  34  1  1441  
877  42  1  1486  
881  22  1  1441  
889  5  1  1466  
892  72  6  1404  1417  1433  1435  1449  1476  
899  65  2  1441  1460  
902  16  2  1467  1476  
907  77  3  1411  1427  1449  
909  292  3  1427  1447  1481  
914  238  21  1412  1413  1416  1417  1421  1425  1427  1433  1434  1435  1442  1443  1449  1455  1458  1460  1461  1476  1481  1494  1495  
915  45  1  1427  
917  297  9  1400  1421  1425  1442  1447  1466  1481  1486  1494  
918  30  2  1471  1476  
920  60  2  1404  1473  
925  5  1  1449  
926  138  17  1403  1413  1417  1425  1433  1434  1449  1458  1460  1461  1467  1469  1471  1473  1476  1483  1486  
943  41  2  1427  1466  
948  135  11  1403  1410  1412  1416  1417  1433  1434  1435  1449  1455  1461  
950  19  2  1427  1494  
951  39  3  1434  1476  1495  
953  33  3  1460  1469  1476  
954  12  1  1425  
955  86  6  1427  1447  1460  1466  1486  1495  
956  6  1  1491  
957  6  1  1460  
959  49  1  1460  
960  41  1  1466  
964  24  2  1416  1455  
968  44  1  1427  
969  46  1  1466  
972  196  12  1410  1417  1427  1433  1441  1445  1449  1460  1461  1467  1471  1495  
977  156  5  1400  1413  1443  1458  1494  
978  29  1  1476  
983  3  1  1413  
988  74  4  1404  1416  1426  1495  
1006  10  1  1421  
1008  88  5  1400  1427  1441  1449  1469  
1009  305  7  1400  1421  1427  1442  1458  1481  1486  
1010  8  1  1421  
1022  60  3  1421  1426  1458  
1029  20  1  1441  
1030  37  2  1441  1460  
1032  62  5  1404  1467  1477  1483  1494  
1033  13  3  1404  1441  1445  
1034  62  11  1416  1417  1434  1435  1440  1445  1449  1455  1460  1491  1495  
1038  399  5  1427  1433  1461  1492  1495  
1040  115  4  1413  1433  1455  1460  
1041  135  9  1400  1403  1413  1427  1441  1443  1460  1466  1481  
1046  48  4  1404  1466  1471  1476  
1047  14  1  1494  
1053  8  2  1458  1495  
1054  472  19  1400  1416  1421  1425  1427  1428  1433  1442  1443  1447  1458  1460  1466  1471  1476  1481  1486  1494  1495  
1064  39  3  1427  1445  1449  
1066  599  9  1400  1425  1426  1427  1443  1447  1460  1466  1495  
1067  158  10  1417  1440  1455  1460  1467  1473  1476  1481  1485  1491  
1083  9  1  1466  
1084  79  3  1417  1441  1460  
1085  43  2  1404  1460  
1093  31  1  1469  
1100  107  1  1466  
1101  35  3  1455  1467  1476  
1102  66  10  1404  1410  1425  1433  1455  1460  1471  1477  1481  1495  
1103  22  1  1427  
1104  61  1  1491  
1110  218  7  1413  1425  1427  1442  1460  1466  1481  
1111  79  2  1400  1460  
1115  65  4  1400  1413  1427  1494  
1120  77  8  1403  1417  1443  1447  1460  1461  1476  1481  
1129  33  3  1441  1461  1494  
1133  16  3  1417  1455  1461  
1135  103  11  1400  1404  1417  1427  1433  1467  1473  1476  1483  1491  1495  
1140  35  2  1427  1491  
1141  11  1  1433  
1142  5  1  1467  
1146  77  2  1455  1460  
1147  21  2  1404  1461  
1150  51  5  1443  1470  1471  1473  1483  
1156  45  1  1447  
1162  61  4  1400  1413  1443  1481  
1173  69  6  1411  1417  1440  1455  1491  1495  
1174  124  16  1403  1404  1410  1417  1427  1433  1440  1449  1455  1461  1469  1471  1481  1483  1491  1492  
1178  20  2  1413  1460  
1182  16  2  1449  1455  
1183  34  1  1427  
1185  33  3  1410  1411  1421  
1189  76  2  1441  1460  
1191  5  1  1404  
1197  290  12  1434  1440  1447  1461  1466  1467  1469  1470  1473  1476  1477  1481  
1207  6  1  1443  
1211  181  18  1400  1410  1416  1417  1427  1434  1443  1445  1449  1460  1467  1469  1470  1476  1477  1481  1491  1495  
1227  62  4  1400  1433  1483  1491  
1231  5  2  1460  1467  
1234  4  1  1441  
1240  117  14  1412  1413  1417  1425  1433  1443  1460  1470  1471  1481  1483  1492  1494  1495  
1242  121  13  1410  1413  1433  1434  1443  1449  1455  1458  1460  1476  1481  1491  1495  
1243  30  1  1426  
1246  20  1  1469  
1247  91  10  1404  1417  1447  1455  1460  1467  1476  1477  1492  1495  
1248  18  1  1427  
1255  40  2  1417  1447  
1256  33  2  1421  1495  
1261  462  6  1400  1413  1427  1449  1455  1460  
1264  33  2  1445  1471  
1267  63  4  1417  1425  1449  1494  
1268  52  4  1443  1483  1486  1495  
1271  37  3  1427  1441  1467  
1272  35  1  1467  
1273  61  7  1404  1413  1433  1443  1460  1469  1495  
1279  2  1  1404  
1282  199  15  1413  1417  1425  1428  1433  1443  1455  1458  1471  1476  1477  1481  1486  1491  1494  
1303  41  2  1400  1441  
1304  12  2  1404  1461  
1307  8  2  1445  1449  
1308  52  10  1427  1434  1440  1467  1469  1473  1476  1481  1491  1495  
1312  183  10  1400  1413  1427  1433  1443  1458  1460  1486  1492  1495  
1323  9  1  1417  
1325  41  3  1404  1483  1485  
1326  20  3  1404  1417  1433  
1331  7  2  1467  1491  
1335  3  1  1491  
1346  48  2  1427  1445  
1347  26  1  1470  
1350  24  3  1417  1467  1471  
1353  7  2  1476  1481  
1354  156  4  1433  1460  1476  1495  
1355  72  5  1411  1434  1456  1476  1485  
1357  91  1  1481  
1361  44  3  1413  1460  1495  
1363  26  5  1425  1455  1460  1494  1495  
1364  52  7  1404  1416  1417  1433  1449  1455  1469  
1368  117  7  1404  1413  1427  1483  1491  1492  1495  
1370  64  11  1417  1433  1440  1449  1458  1467  1470  1473  1481  1494  1495  
1372  157  18  1404  1413  1416  1417  1428  1433  1455  1460  1461  1467  1469  1471  1473  1476  1491  1492  1494  1495  
1376  210  10  1400  1433  1447  1460  1467  1476  1483  1491  1494  1495  
1377  28  7  1410  1417  1428  1434  1449  1455  1467  
1379  12  5  1425  1449  1455  1471  1485  
1380  48  3  1417  1445  1485  
1381  38  1  1441  
1383  3  1  1440  
1384  6  1  1412  
1386  41  3  1403  1410  1434  
1389  16  5  1403  1410  1417  1434  1440  
1400  99  4  1458  1460  1481  1494  
1401  139  3  1400  1413  1466  
1402  1  1  1403  
1407  1  1  1410  
1409  11  1  1443  
1413  2  1  1417  
1414  2  2  1417  1477  
1415  1  1  1417  
1416  68  3  1417  1427  1495  
1417  81  6  1413  1433  1441  1483  1491  1495  
1421  244  3  1427  1442  1481  
1425  28  3  1427  1449  1467  
1427  587  19  1400  1413  1425  1433  1442  1443  1447  1455  1458  1460  1466  1471  1476  1481  1486  1491  1492  1494  1495  
1428  42  2  1427  1470  
1430  81  3  1413  1427  1443  
1431  20  3  1404  1473  1481  
1432  6  2  1434  1440  
1433  79  7  1434  1435  1440  1461  1471  1481  1495  
1436  1  1  1440  
1437  1  1  1440  
1438  3  1  1440  
1441  27  2  1433  1495  
1446  4  1  1445  
1447  24  3  1460  1476  1494  
1448  2  2  1445  1456  
1450  1  1  1416  
1451  1  1  1416  
1453  1  1  1455  
1454  1  1  1455  
1457  13  1  1400  
1458  87  7  1421  1427  1473  1477  1481  1492  1494  
1459  1  1  1461  
1460  102  5  1425  1441  1461  1491  1495  
1461  5  1  1460  
1463  13  4  1470  1473  1476  1485  
1464  1  1  1467  
1465  1  1  1467  
1466  30  1  1467  
1468  114  9  1413  1427  1433  1443  1460  1469  1483  1492  1495  
1470  29  2  1428  1471  
1472  3  1  1473  
1474  4  1  1476  
1475  1  1  1476  
1477  4  1  1476  
1478  10  1  1404  
1481  355  17  1400  1404  1413  1421  1427  1442  1443  1458  1460  1466  1477  1483  1485  1486  1492  1494  1495  
1483  12  1  1433  
1484  1  1  1470  
1486  15  1  1483  
1487  73  6  1404  1427  1458  1466  1494  1495  
1488  162  10  1404  1413  1427  1428  1433  1443  1460  1491  1492  1495  
1490  1  1  1491  
1494  80  3  1400  1458  1495  
1495  50  2  1427  1460  
1496  39  2  1433  1442  
1497  2  1  1404  
1498  2  1  1404  
1499  1  1  1404  
1500  12  1  1421  
1503  6  1  1483  
1511  36  2  1466  1494  
1515  48  1  1400  
1517  5  1  1460  
1518  19  1  1426  
1534  1  1  1441  
1561  50  2  1443  1495  
1563  6  2  1443  1483  
1566  4  1  1495  
1567  70  1  1433  
1570  93  5  1400  1433  1441  1460  1495  
1571  112  2  1427  1494  
1574  47  4  1421  1442  1443  1470  
1586  96  2  1460  1495  
1588  10  2  1470  1495  
1598  45  2  1427  1442  
1601  42  1  1427  
1602  55  2  1400  1460  
1616  76  3  1400  1427  1466  
1617  68  1  1442  
1618  35  1  1427  
1623  89  5  1413  1425  1428  1481  1495  
1629  47  1  1433  
1631  2  1  1441  
1634  97  1  1413  
1636  67  2  1427  1460  
1639  141  8  1400  1427  1428  1433  1441  1460  1494  1495  
1648  57  2  1421  1494  
1656  31  1  1400  
1659  44  2  1427  1447  
1666  19  2  1427  1486  
1671  129  8  1400  1427  1441  1443  1460  1481  1494  1495  
1676  41  1  1427  
1677  105  1  1470  
1680  90  2  1400  1494  
1682  11  1  1460  
1689  3  1  1421  
1690  3  1  1421  
1694  73  1  1466  
1695  16  3  1460  1481  1495  
1696  28  2  1421  1443  
1697  57  2  1460  1495  
1710  12  1  1495  
1723  22  2  1458  1486  
1738  44  2  1413  1427  
1741  36  1  1486  
1747  1  1  1413  
1748  1  1  1413  
1749  51  2  1413  1427  
1759  9  1  1443  
1768  20  2  1421  1442  
1769  112  10  1400  1421  1425  1428  1443  1458  1460  1481  1486  1495  
1772  204  3  1400  1427  1447  
1775  22  1  1421  
1781  15  1  1421  
1785  7  1  1426  
1786  13  1  1426  
1796  14  2  1481  1494  
1799  3  1  1495  
1807  31  2  1428  1495  
1810  9  1  1443  
1811  18  1  1460  
1817  181  3  1427  1447  1470  
1821  34  3  1442  1481  1494  
1824  47  2  1460  1495  
1829  56  3  1427  1494  1495  
1830  17  1  1460  
1832  1  1  1495  
1833  1  1  1495  
1834  36  2  1427  1495  
1835  66  2  1400  1495  
1836  16  1  1495  
1837  3  1  1495  
1841  88  6  1421  1425  1460  1481  1486  1494  
1873  22  1  1426  
1890  3  1  1441  
1892  1  1  1428  
1893  1  1  1428  
1894  1  1  1428  
1897  4  1  1460  
1898  121  7  1421  1442  1443  1458  1460  1486  1494  
1899  21  2  1441  1460  
1901  50  1  1427  
1905  17  1  1481  
1908  121  8  1400  1421  1425  1458  1466  1470  1481  1494  
1917  28  2  1400  1481  
1925  55  3  1441  1443  1481  
1930  22  2  1425  1442  
1933  45  2  1427  1470  
1948  113  4  1425  1442  1443  1447  
1950  122  4  1427  1470  1481  1494  
1952  3  1  1443  
1960  129  6  1400  1425  1442  1470  1481  1494  
1971  145  2  1427  1481  
1981  41  3  1427  1481  1494  
1984  26  1  1427  
1991  32  2  1400  1494  
1994  29  1  1481  
1996  65  4  1441  1458  1466  1494  
2010  3  1  1426  
2028  14  1  1481  
2029  31  1  1441  
2040  1  1  1486  
2041  1  1  1486  
2042  15  1  1486  
2044  34  1  1441  
2045  28  1  1447  
2048  143  2  1427  1441  
2049  49  1  1481  
2050  66  2  1470  1481  
2052  36  2  1425  1481  
2056  241  1  1427  
2059  108  3  1427  1442  1481  
2060  14  1  1494  
2066  38  2  1442  1481  
2068  25  1  1421  
2069  22  1  1427  
2072  31  2  1425  1442  
2073  247  7  1400  1427  1441  1442  1466  1470  1481  
2075  95  1  1427  
2080  58  1  1427  
2087  31  1  1400  
2089  48  1  1481  
2095  5  1  1421  
2096  1  1  1421  
2098  6  1  1494  
2102  120  1  1427  
2109  164  1  1447  
2111  67  1  1427  
2133  19  2  1425  1494  
2134  111  2  1427  1447  
2135  3  1  1442  
2137  252  3  1427  1447  1494  
2138  215  6  1400  1425  1427  1441  1481  1494  
2166  12  2  1400  1425  
2167  2  1  1494  
2168  3  1  1494  
2173  77  2  1400  1447  
2179  124  1  1470  
2183  49  3  1400  1441  1481  
2188  71  1  1427  
2204  62  2  1427  1447  
2213  4  1  1481  
2216  141  2  1447  1470  
2231  11  1  1481  
2236  35  2  1441  1466  
2262  4  1  1481  
2271  75  3  1400  1427  1466  
2272  103  2  1400  1470  
2273  142  2  1427  1466  
2279  7  1  1481  
2280  8  1  1481  
2281  3  1  1481  
2283  324  3  1427  1447  1470  
2299  30  1  1427  
2329  47  1  1427  
2334  37  1  1427  
2335  93  1  1427  
2339  34  1  1427  
2340  105  2  1427  1470  
2343  26  1  1427  
2348  77  1  1470  
2351  180  3  1427  1447  1470  
2356  893  4  1426  1427  1447  1470  
2357  32  1  1427  
2376  60  1  1427  
2382  32  1  1400  
2384  49  1  1426  
2398  29  1  1426  
2404  53  1  1427  
2405  46  1  1427  
2406  24  1  1441  
2408  108  1  1447  
2431  39  1  1470  
2432  18  2  1400  1441  
2436  269  2  1427  1447  
2438  113  1  1427  
2439  104  1  1427  
2451  126  1  1426  
2456  13  2  1400  1441  
2458  103  2  1427  1447  
2461  40  1  1427  
2469  156  1  1447  
2471  618  2  1427  1447  
2476  149  2  1427  1447  
2480  45  1  1427  
2483  168  1  1447  
2486  61  1  1447  
2490  103  1  1427  
2492  1  1  1441  
2493  13  1  1441  
2494  200  2  1427  1447  
2499  21  1  1427  
2506  33  1  1400  
2507  3  1  1400  
2520  25  1  1427  
2540  40  1  1470  
2544  1  1  1466  
2545  1  1  1466  
2546  46  1  1466  
2562  173  2  1427  1447  
2585  18  1  1427  
2596  50  1  1470  
2597  7  1  1427  
2604  124  2  1427  1447  
2632  282  3  1426  1447  1470  
2633  87  1  1427  
2657  29  2  1427  1447  
2661  18  1  1427  
2679  19  1  1470  
2685  62  1  1427  
2691  123  1  1447  
2699  13  1  1470  
2715  238  2  1427  1447  
2720  357  1  1427  
2729  44  1  1427  
2730  1  1  1470  
2731  28  1  1470  
2751  28  1  1427  
2756  123  1  1427  
2772  175  1  1426  
2773  39  1  1427  
2777  50  1  1447  
2779  45  1  1447  
2800  52  1  1427  
2801  44  1  1447  
2802  48  1  1447  
2833  5  1  1427  
2881  26  1  1427  
2905  41  1  1427  
2917  10  1  1426  
2923  22  1  1447  
2981  19  1  1427  
2985  8  1  1427  
2999  69  2  1426  1427  
3000  14  1  1447  
3001  79  1  1427  
3011  36  1  1447  
3048  15  1  1447  
3049  13  1  1447  
3058  35  1  1447  
3061  9  1  1447  
3064  273  2  1427  1447  
3088  19  1  1447  
3090  180  1  1447  
3100  33  1  1427  
3102  156  1  1427  
3110  122  1  1427  
3137  88  1  1447  
3142  21  1  1427  
3144  271  1  1427  
3150  319  1  1427  
3151  148  1  1427  
3153  241  1  1427  
3156  92  1  1427  
3158  101  1  1426  
3159  54  1  1426  
3163  17  1  1427  
3191  114  1  1447  
3206  48  1  1427  
3245  40  1  1427  
3252  42  1  1427  
3290  144  1  1427  
3304  91  1  1427  
3306  48  1  1427  
3314  212  1  1427  
3315  362  1  1426  
3338  144  2  1426  1427  
3353  75  1  1427  
3375  3  1  1427  
3387  14  1  1427  
3395  85  1  1427  
3400  3  1  1427  
3423  10  1  1427  
3428  22  1  1427  
3442  99  1  1427  
3443  232  1  1427  
3459  45  1  1426  
3479  20  1  1427  
3525  3  1  1426  
3583  85  1  1427  
3588  16  1  1427  
3592  89  1  1427  
3601  145  1  1427  
3615  7  1  1427  
3616  2  1  1427  
3681  29  1  1427  
3704  155  2  1426  1427  
3722  50  1  1427  
3748  16  1  1426  
3749  84  1  1427  
3855  52  1  1426  
3878  7  1  1426  
4037  20  1  1427  
4083  100  1  1427  
4152  228  1  1426  
4176  46  1  1427  
4247  18  1  1426  
4264  4  1  1426  
4289  4  1  1426  
4319  168  1  1427  
4360  2  1  1426  
4440  361  1  1427  
4470  115  1  1427  
4485  139  2  1426  1427  
4486  172  1  1427  
4531  271  1  1427  
4604  48  1  1427  
4611  139  1  1426  
4614  217  1  1427  
4623  211  1  1427  
4624  312  2  1426  1427  
4728  18  1  1426  
4790  37  1  1427  
4831  63  1  1427  
4844  19  1  1426  
4849  10  1  1426  
4866  21  1  1426  
4879  3  1  1426  
4901  389  1  1427  
4908  243  2  1426  1427  
4909  26  1  1427  
4916  3  1  1426  
4917  1  1  1426  
4919  137  1  1427  
4951  105  1  1427  
4977  66  1  1427  
5046  21  1  1427  
5051  230  1  1427  
5065  44  1  1427  
5129  191  1  1427  
5147  144  1  1427  
5149  84  1  1427  
5150  75  1  1427  
5186  24  1  1427  
5325  80  1  1427  
5466  12  1  1427  
5521  76  1  1427  
5546  190  1  1427  
5574  17  1  1427  
5582  81  1  1427  
5684  101  1  1427  
5711  33  1  1427  
5784  7  1  1427  
5789  160  1  1427  
5794  93  1  1427  
5937  11  1  1427  
6031  3  1  1427  
6054  57  1  1427  
6063  47  1  1427  
