3  302  1  4732  
17  187  1  4735  
21  309  2  4735  4746  
55  38  1  4780  
65  275  3  4705  4732  4755  
67  164  1  4730  
82  195  2  4719  4791  
103  190  2  4710  4730  
116  213  2  4742  4791  
125  29  1  4730  
136  94  1  4705  
158  93  1  4705  
164  334  1  4742  
290  142  1  4705  
292  230  1  4705  
293  321  1  4742  
301  199  1  4742  
321  80  2  4742  4746  
350  117  1  4705  
375  7  1  4710  
401  79  2  4730  4784  
422  15  1  4784  
431  732  8  4702  4705  4706  4710  4717  4730  4742  4780  
494  142  2  4710  4712  
548  214  1  4746  
578  150  1  4705  
661  264  4  4732  4734  4746  4791  
676  232  5  4705  4710  4730  4746  4784  
677  8  1  4715  
695  77  2  4730  4791  
699  68  2  4705  4791  
702  773  2  4732  4791  
724  317  5  4705  4732  4735  4742  4791  
758  165  2  4715  4755  
807  122  1  4710  
822  26  1  4742  
917  297  3  4705  4742  4791  
924  12  1  4717  
959  49  4  4702  4719  4720  4734  
969  46  1  4742  
972  196  1  4705  
988  74  1  4746  
1009  305  2  4706  4730  
1022  60  1  4791  
1032  62  1  4742  
1037  57  1  4742  
1038  399  4  4705  4715  4742  4791  
1041  135  1  4702  
1054  472  1  4706  
1066  599  9  4702  4705  4715  4717  4720  4730  4735  4784  4791  
1110  218  1  4705  
1146  77  1  4730  
1211  181  1  4705  
1212  6  1  4705  
1227  62  1  4717  
1243  30  1  4746  
1261  462  8  4705  4715  4730  4732  4742  4746  4784  4791  
1268  52  1  4732  
1301  13  1  4784  
1376  210  1  4705  
1401  139  3  4705  4715  4730  
1403  4  1  4730  
1421  244  6  4715  4719  4732  4735  4742  4746  
1427  587  6  4702  4705  4717  4723  4746  4784  
1481  355  2  4705  4742  
1485  68  2  4780  4784  
1487  73  1  4746  
1511  36  1  4742  
1538  55  1  4715  
1567  70  1  4742  
1583  5  1  4742  
1586  96  1  4746  
1605  9  1  4715  
1629  47  1  4730  
1636  67  1  4735  
1671  129  1  4711  
1677  105  1  4717  
1705  47  1  4791  
1741  36  1  4730  
1772  204  1  4717  
1786  13  1  4746  
1817  181  3  4732  4735  4746  
1826  29  1  4705  
1834  36  1  4702  
1843  39  1  4791  
1850  63  1  4746  
1851  27  1  4715  
1873  22  1  4746  
1939  47  2  4735  4791  
1970  23  1  4702  
1971  145  1  4705  
2044  34  1  4742  
2059  108  1  4730  
2066  38  1  4780  
2080  58  1  4706  
2090  32  1  4792  
2111  67  1  4732  
2127  3  1  4777  
2132  3  1  4777  
2173  77  1  4702  
2177  189  5  4716  4717  4730  4735  4777  
2190  72  1  4746  
2193  66  3  4746  4758  4791  
2215  34  1  4791  
2240  50  1  4742  
2252  42  1  4780  
2273  142  1  4722  
2283  324  2  4706  4732  
2303  46  1  4722  
2329  47  2  4742  4777  
2337  11  1  4730  
2342  70  1  4715  
2351  180  1  4746  
2356  893  10  4705  4706  4710  4730  4742  4746  4767  4780  4784  4791  
2367  146  2  4715  4717  
2376  60  1  4705  
2391  64  2  4715  4730  
2398  29  1  4787  
2407  8  1  4717  
2443  307  3  4705  4706  4780  
2451  126  1  4715  
2458  103  2  4705  4723  
2466  13  1  4717  
2471  618  12  4702  4705  4710  4717  4719  4730  4732  4735  4742  4746  4771  4791  
2476  149  1  4777  
2477  18  2  4710  4742  
2482  74  1  4742  
2485  80  1  4702  
2514  16  1  4705  
2532  23  1  4722  
2537  29  1  4746  
2550  22  1  4732  
2562  173  1  4732  
2613  44  1  4705  
2632  282  3  4702  4705  4719  
2641  28  1  4787  
2666  57  1  4787  
2691  123  1  4712  
2720  357  7  4710  4712  4717  4734  4742  4787  4791  
2746  43  1  4722  
2774  189  1  4754  
2778  216  3  4732  4735  4742  
2827  37  1  4702  
2829  12  1  4742  
2831  81  1  4720  
2875  49  1  4780  
2918  68  7  4705  4730  4732  4742  4746  4787  4791  
2954  19  2  4705  4715  
3014  10  1  4706  
3064  273  8  4705  4719  4732  4735  4742  4746  4767  4791  
3076  63  2  4719  4722  
3084  43  1  4702  
3089  42  1  4780  
3090  180  5  4705  4706  4710  4742  4784  
3098  60  3  4730  4742  4788  
3102  156  1  4715  
3110  122  2  4742  4791  
3112  89  3  4732  4746  4777  
3122  30  2  4742  4746  
3127  2  1  4777  
3144  271  10  4705  4710  4717  4719  4723  4732  4746  4767  4771  4777  
3146  314  7  4705  4715  4717  4735  4742  4746  4791  
3149  131  5  4705  4715  4742  4777  4791  
3150  319  9  4718  4722  4732  4742  4746  4758  4777  4791  4792  
3153  241  2  4710  4742  
3154  166  4  4705  4706  4735  4746  
3156  92  5  4715  4717  4730  4766  4792  
3157  22  1  4706  
3158  101  1  4730  
3162  3  1  4715  
3163  17  1  4715  
3173  42  2  4705  4742  
3188  3  1  4777  
3191  114  1  4702  
3209  71  2  4717  4777  
3214  64  1  4705  
3253  45  1  4705  
3264  156  2  4712  4742  
3270  26  1  4784  
3278  52  1  4791  
3289  205  3  4734  4742  4787  
3304  91  1  4791  
3307  82  1  4732  
3314  212  4  4710  4730  4735  4742  
3315  362  7  4705  4710  4715  4717  4730  4742  4784  
3328  3  1  4705  
3330  39  2  4742  4746  
3337  20  1  4705  
3338  144  5  4705  4717  4732  4735  4742  
3362  95  4  4705  4710  4712  4742  
3395  85  2  4735  4746  
3421  8  1  4705  
3442  99  4  4702  4705  4730  4746  
3443  232  6  4705  4717  4730  4735  4780  4791  
3446  27  1  4710  
3447  46  1  4791  
3449  113  1  4715  
3459  45  2  4735  4791  
3483  35  2  4742  4746  
3492  8  1  4705  
3498  82  2  4702  4715  
3503  5  1  4719  
3510  15  1  4784  
3514  13  1  4710  
3548  42  1  4702  
3551  15  1  4705  
3583  85  1  4730  
3585  15  1  4715  
3587  23  2  4735  4791  
3592  89  2  4705  4730  
3596  90  2  4732  4755  
3601  145  9  4702  4711  4716  4718  4735  4746  4767  4787  4788  
3617  57  1  4730  
3631  21  1  4705  
3648  147  1  4705  
3652  104  2  4705  4732  
3653  68  1  4777  
3657  257  2  4705  4715  
3658  89  3  4705  4706  4784  
3679  111  7  4705  4717  4719  4730  4732  4735  4746  
3682  115  1  4723  
3685  86  1  4702  
3686  77  2  4719  4791  
3704  155  1  4730  
3734  26  1  4715  
3740  37  1  4715  
3742  76  3  4715  4730  4791  
3780  11  1  4705  
3801  53  5  4722  4734  4754  4765  4777  
3808  112  2  4715  4732  
3810  42  1  4710  
3871  9  1  4702  
3879  278  10  4702  4705  4715  4719  4722  4730  4732  4735  4742  4746  
3919  80  6  4705  4734  4735  4742  4787  4791  
3921  50  2  4732  4746  
3926  6  1  4705  
3929  39  3  4705  4742  4791  
3984  4  1  4705  
3990  70  1  4706  
3994  202  2  4732  4780  
4001  36  4  4719  4720  4723  4742  
4008  22  2  4705  4718  
4021  18  1  4730  
4028  16  1  4722  
4034  7  1  4712  
4035  153  2  4711  4715  
4038  31  4  4712  4715  4718  4791  
4039  50  2  4705  4791  
4070  3  2  4732  4746  
4083  100  6  4730  4732  4742  4746  4767  4791  
4086  3  1  4791  
4102  40  1  4715  
4113  27  1  4754  
4122  71  1  4715  
4124  15  1  4746  
4152  228  3  4705  4735  4742  
4168  8  1  4742  
4169  114  10  4717  4719  4720  4734  4735  4755  4758  4766  4791  4792  
4179  9  1  4717  
4196  57  4  4710  4719  4787  4791  
4220  121  1  4705  
4223  11  1  4730  
4226  46  5  4717  4718  4746  4758  4777  
4248  38  5  4715  4732  4742  4758  4767  
4266  14  1  4715  
4271  2  1  4702  
4285  62  2  4712  4734  
4288  73  2  4705  4791  
4309  28  1  4777  
4315  101  7  4702  4705  4706  4711  4715  4721  4730  
4319  168  3  4730  4734  4742  
4320  78  7  4705  4710  4734  4735  4742  4746  4791  
4337  34  1  4746  
4367  28  1  4706  
4380  79  3  4732  4742  4777  
4383  11  2  4771  4791  
4384  169  5  4715  4732  4735  4746  4791  
4419  12  2  4732  4746  
4427  214  9  4705  4722  4730  4734  4735  4742  4780  4788  4791  
4437  60  1  4730  
4439  25  1  4742  
4440  361  5  4715  4742  4787  4791  4792  
4446  44  1  4755  
4452  16  1  4702  
4454  43  3  4705  4730  4735  
4470  115  1  4792  
4473  28  1  4705  
4474  27  2  4716  4732  
4477  10  1  4702  
4479  7  1  4705  
4485  139  14  4702  4705  4711  4719  4723  4730  4732  4735  4742  4746  4754  4771  4777  4791  
4486  172  2  4715  4742  
4490  26  2  4732  4735  
4496  18  1  4710  
4514  26  1  4784  
4530  3  1  4746  
4531  271  9  4706  4715  4718  4721  4730  4735  4742  4771  4792  
4545  3  1  4710  
4546  14  1  4735  
4551  54  1  4705  
4557  84  6  4715  4732  4735  4742  4746  4791  
4567  9  1  4715  
4571  54  2  4735  4746  
4583  51  1  4710  
4596  24  4  4722  4766  4791  4792  
4599  12  1  4791  
4608  122  2  4702  4784  
4611  139  7  4702  4711  4715  4719  4730  4734  4791  
4614  217  3  4702  4705  4742  
4616  41  2  4711  4730  
4619  68  2  4742  4791  
4620  152  3  4710  4730  4780  
4622  31  2  4715  4730  
4623  211  2  4705  4730  
4624  312  14  4702  4705  4706  4711  4715  4717  4730  4734  4735  4742  4746  4755  4787  4791  
4625  80  5  4730  4742  4746  4787  4791  
4626  10  1  4791  
4631  32  1  4706  
4636  15  1  4780  
4663  24  1  4705  
4665  1  1  4717  
4669  19  3  4705  4719  4791  
4672  44  2  4791  4792  
4680  33  1  4730  
4681  8  1  4732  
4684  59  2  4715  4719  
4685  75  2  4717  4730  
4691  12  1  4710  
4697  1  1  4705  
4698  1  1  4705  
4699  4  1  4705  
4700  2  1  4705  
4701  2  1  4705  
4702  21  2  4705  4723  
4703  10  3  4705  4742  4777  
4704  1  1  4705  
4710  22  1  4730  
4711  16  1  4732  
4723  9  1  4717  
4727  24  1  4787  
4728  18  2  4734  4735  
4729  11  2  4734  4787  
4730  32  4  4715  4734  4735  4746  
4733  16  3  4732  4735  4791  
4736  1  1  4735  
4737  2  2  4735  4742  
4738  1  1  4735  
4739  6  1  4742  
4740  3  1  4742  
4741  7  2  4715  4742  
4743  3  1  4746  
4744  1  1  4746  
4745  10  1  4746  
4759  1  1  4758  
4763  15  1  4791  
4772  1  1  4777  
4773  1  1  4777  
4774  1  1  4777  
4775  1  1  4777  
4776  1  1  4777  
4781  2  1  4791  
4782  4  1  4791  
4789  2  1  4791  
4790  37  2  4702  4791  
4794  12  1  4715  
4803  1  1  4710  
4811  9  1  4715  
4817  37  2  4730  4742  
4822  4  1  4780  
4828  66  1  4730  
4831  63  3  4706  4717  4730  
4832  26  2  4706  4730  
4840  44  1  4715  
4847  2  1  4787  
4881  2  1  4715  
4893  2  1  4702  
4901  389  8  4705  4706  4710  4715  4742  4780  4784  4792  
4906  39  1  4706  
4908  243  6  4705  4710  4715  4730  4742  4784  
4909  26  1  4710  
4919  137  3  4710  4742  4784  
4927  46  1  4742  
4951  105  2  4705  4784  
4953  12  1  4730  
4971  28  1  4730  
4973  16  2  4715  4742  
4977  66  2  4710  4742  
4986  28  1  4730  
4987  1  1  4730  
4988  4  1  4730  
4989  3  1  4730  
4990  1  1  4730  
4991  1  1  4730  
5002  21  1  4742  
5005  8  2  4702  4715  
5012  139  3  4706  4710  4792  
5045  49  1  4715  
5046  21  1  4705  
5051  230  4  4705  4710  4715  4730  
5056  3  1  4715  
5082  13  2  4715  4730  
5099  9  1  4717  
5109  15  1  4705  
5110  75  3  4705  4710  4784  
5112  42  1  4705  
5122  32  1  4715  
5129  191  4  4705  4710  4712  4730  
5135  385  4  4705  4706  4784  4792  
5139  83  3  4706  4742  4792  
5140  27  1  4784  
5144  79  1  4710  
5145  41  1  4710  
5147  144  1  4705  
5149  84  2  4710  4730  
5150  75  2  4705  4730  
5151  67  3  4710  4730  4742  
5152  61  2  4715  4780  
5155  98  1  4706  
5157  41  1  4710  
5160  12  1  4715  
5169  41  1  4715  
5170  1  1  4717  
5171  1  1  4717  
5172  1  1  4717  
5182  92  1  4730  
5191  50  1  4710  
5192  27  2  4706  4780  
5197  7  1  4715  
5217  1  1  4715  
5218  19  2  4712  4715  
5219  2  1  4715  
5221  2  1  4715  
5223  2  1  4742  
5268  7  1  4742  
5317  17  1  4742  
5479  18  2  4742  4784  
5495  75  2  4706  4792  
5502  10  1  4742  
5513  4  1  4742  
5519  88  1  4705  
5528  52  2  4706  4742  
5529  1  1  4742  
5530  1  1  4742  
5546  190  2  4705  4730  
5563  108  3  4705  4710  4784  
5574  17  1  4710  
5575  11  1  4706  
5582  81  1  4710  
5583  35  1  4784  
5590  17  2  4705  4730  
5621  23  1  4710  
5639  70  1  4730  
5676  85  2  4706  4792  
5684  101  1  4792  
5690  17  1  4730  
5699  54  1  4784  
5710  29  1  4730  
5714  11  1  4730  
5737  29  1  4710  
5771  12  1  4710  
5772  177  1  4780  
5784  7  1  4712  
5787  9  1  4784  
5789  160  4  4705  4710  4730  4784  
5793  104  1  4712  
5794  93  3  4705  4710  4784  
5798  135  2  4705  4706  
5831  29  1  4705  
5856  6  1  4705  
5874  100  2  4706  4730  
5893  33  1  4730  
5921  77  1  4730  
5958  4  2  4705  4730  
5959  1  1  4730  
6002  15  1  4706  
6012  5  1  4705  
6019  31  1  4780  
6021  28  2  4705  4706  
6025  49  1  4705  
6026  191  2  4705  4780  
6033  95  1  4705  
6034  2  1  4784  
6035  54  1  4706  
6041  2  1  4706  
6058  68  2  4706  4792  
6093  18  1  4705  
6143  14  1  4780  
6147  161  1  4780  
6152  142  1  4706  
6153  31  1  4780  
6154  40  1  4792  
6155  98  1  4706  
6157  118  1  4706  
6171  70  1  4705  
6175  123  2  4706  4780  
6180  93  2  4705  4706  
6185  18  2  4705  4792  
6186  15  1  4784  
6194  5  1  4784  
6206  1  1  4784  
6207  1  1  4784  
6270  1  1  4705  
6271  1  1  4705  
6300  101  1  4706  
6337  2  1  4780  
6339  2  1  4780  
6406  7  1  4706  
6411  25  1  4780  
6415  52  1  4792  
6417  12  1  4780  
6459  39  1  4780  
6501  1  1  4706  
6502  3  1  4706  
6503  1  1  4706  
6552  28  1  4780  
6622  25  1  4780  
6696  20  1  4780  
6768  24  1  4780  
6797  30  1  4780  
6909  16  1  4780  
6910  20  1  4780  
6911  3  1  4780  
6914  8  1  4780  
6916  20  1  4780  
6966  13  1  4780  
7063  1  1  4780  
7064  1  1  4780  
7065  1  1  4780  
