27  5  1  6484  
67  164  1  6484  
82  195  2  6408  6484  
97  68  1  6408  
103  190  4  6401  6417  6420  6429  
129  99  1  6452  
147  28  2  6420  6496  
188  17  1  6452  
224  41  1  6429  
251  31  1  6484  
317  46  2  6453  6499  
318  31  1  6460  
350  117  2  6437  6484  
372  42  1  6429  
401  79  2  6437  6452  
408  157  1  6453  
410  6  1  6408  
431  732  7  6408  6413  6420  6429  6460  6484  6494  
528  30  1  6420  
676  232  9  6401  6411  6415  6419  6437  6452  6459  6460  6496  
698  50  1  6405  
702  773  7  6408  6420  6429  6453  6460  6484  6496  
779  4  1  6420  
834  12  4  6426  6437  6449  6484  
909  292  1  6415  
917  297  1  6401  
920  60  1  6448  
929  44  1  6420  
930  6  1  6420  
972  196  2  6484  6499  
1008  88  1  6460  
1009  305  7  6405  6408  6411  6415  6419  6429  6484  
1037  57  1  6405  
1054  472  1  6429  
1064  39  1  6411  
1066  599  2  6401  6452  
1248  18  1  6484  
1261  462  6  6401  6405  6411  6415  6420  6453  
1272  35  1  6484  
1421  244  4  6408  6429  6459  6484  
1427  587  1  6484  
1494  80  1  6411  
1532  66  1  6499  
1538  55  2  6405  6494  
1571  112  1  6408  
1616  76  1  6411  
1636  67  1  6484  
1720  6  1  6411  
1732  13  2  6429  6437  
1839  3  1  6499  
1845  63  1  6450  
1851  27  1  6453  
1898  121  1  6484  
2075  95  3  6401  6437  6484  
2090  32  2  6484  6493  
2097  17  1  6484  
2138  215  2  6420  6429  
2177  189  2  6411  6413  
2252  42  2  6417  6429  
2283  324  3  6420  6437  6484  
2351  180  2  6420  6453  
2356  893  14  6401  6405  6408  6411  6413  6415  6420  6429  6437  6452  6453  6460  6484  6499  
2367  146  1  6453  
2384  49  1  6484  
2405  46  1  6408  
2443  307  12  6401  6405  6408  6415  6420  6429  6437  6448  6452  6460  6484  6499  
2458  103  1  6408  
2515  3  1  6438  
2601  5  1  6437  
2691  123  1  6413  
2729  44  1  6408  
2731  28  1  6415  
2773  39  2  6460  6484  
2778  216  2  6405  6484  
2823  62  1  6453  
2827  37  1  6413  
2875  49  2  6413  6415  
3017  51  1  6419  
3029  18  1  6415  
3039  5  1  6452  
3040  18  1  6496  
3049  13  1  6408  
3060  25  1  6452  
3077  3  1  6420  
3090  180  8  6401  6405  6408  6429  6437  6453  6460  6484  
3144  271  2  6408  6429  
3153  241  4  6417  6420  6429  6460  
3154  166  3  6420  6452  6484  
3159  54  1  6484  
3191  114  1  6484  
3264  156  4  6408  6420  6429  6448  
3277  12  1  6484  
3304  91  1  6415  
3308  63  1  6405  
3315  362  5  6401  6405  6452  6484  6499  
3354  6  1  6484  
3362  95  7  6405  6412  6437  6438  6450  6460  6499  
3443  232  5  6405  6415  6437  6484  6499  
3544  33  1  6484  
3592  89  1  6437  
3648  147  3  6408  6420  6429  
3652  104  1  6453  
3658  89  3  6401  6408  6420  
3722  50  1  6484  
3749  84  1  6453  
3800  65  1  6484  
3879  278  6  6405  6408  6411  6420  6460  6499  
3958  9  1  6417  
3990  70  1  6401  
3994  202  2  6453  6459  
4035  153  3  6401  6408  6429  
4069  8  1  6484  
4073  81  1  6405  
4078  9  1  6447  
4122  71  1  6484  
4152  228  3  6401  6408  6415  
4220  121  3  6401  6437  6484  
4225  62  1  6408  
4240  11  1  6484  
4263  53  1  6401  
4281  20  1  6413  
4285  62  1  6429  
4288  73  1  6415  
4319  168  3  6401  6411  6429  
4323  7  1  6484  
4334  24  1  6484  
4367  28  4  6405  6411  6419  6429  
4384  169  2  6401  6408  
4398  6  1  6429  
4427  214  5  6413  6415  6420  6429  6453  
4446  44  1  6429  
4464  19  2  6408  6429  
4470  115  3  6401  6429  6452  
4485  139  1  6484  
4509  52  1  6408  
4522  10  1  6408  
4531  271  1  6484  
4552  127  4  6411  6415  6429  6453  
4555  33  1  6419  
4560  4  1  6411  
4583  51  1  6405  
4608  122  7  6401  6405  6413  6420  6429  6437  6499  
4612  101  1  6429  
4614  217  1  6401  
4620  152  1  6429  
4624  312  4  6401  6405  6429  6484  
4631  32  1  6429  
4634  22  1  6405  
4636  15  1  6484  
4646  8  1  6429  
4715  61  3  6401  6408  6437  
4814  48  1  6408  
4831  63  2  6417  6459  
4832  26  1  6484  
4837  19  2  6401  6408  
4866  21  1  6411  
4879  3  1  6484  
4901  389  15  6401  6405  6408  6411  6415  6417  6420  6429  6437  6448  6452  6453  6460  6484  6499  
4906  39  1  6453  
4908  243  7  6401  6405  6419  6429  6437  6460  6484  
4919  137  3  6401  6429  6484  
4925  8  1  6415  
4927  46  1  6411  
5012  139  4  6401  6405  6411  6450  
5051  230  1  6417  
5079  14  1  6415  
5105  13  1  6415  
5110  75  2  6429  6448  
5112  42  1  6405  
5113  14  1  6415  
5129  191  3  6408  6429  6453  
5133  222  7  6401  6413  6420  6437  6453  6494  6496  
5135  385  16  6401  6405  6408  6415  6419  6420  6429  6437  6448  6452  6453  6459  6460  6484  6494  6499  
5137  33  1  6411  
5139  83  7  6401  6408  6420  6429  6437  6449  6499  
5140  27  2  6447  6450  
5144  79  5  6408  6426  6429  6438  6447  
5147  144  2  6429  6447  
5149  84  2  6437  6484  
5150  75  1  6401  
5152  61  1  6420  
5153  20  2  6417  6459  
5154  22  1  6484  
5155  98  4  6408  6411  6429  6437  
5156  12  1  6484  
5218  19  1  6413  
5224  52  3  6411  6453  6459  
5257  14  1  6405  
5285  4  1  6484  
5294  81  2  6413  6453  
5302  68  3  6437  6453  6484  
5313  25  1  6453  
5325  80  3  6411  6419  6420  
5335  39  2  6420  6453  
5337  7  1  6405  
5382  26  1  6484  
5401  24  4  6408  6429  6449  6499  
5412  1  1  6460  
5445  3  1  6484  
5460  14  1  6429  
5480  31  2  6429  6484  
5488  19  1  6484  
5495  75  5  6408  6420  6429  6453  6499  
5497  35  1  6429  
5519  88  4  6408  6419  6429  6452  
5521  76  2  6429  6484  
5528  52  8  6401  6405  6408  6429  6452  6460  6484  6499  
5546  190  3  6401  6405  6494  
5554  19  1  6405  
5559  44  3  6405  6408  6429  
5583  35  1  6452  
5621  23  1  6417  
5653  28  1  6411  
5655  58  5  6411  6429  6452  6494  6499  
5676  85  8  6408  6411  6415  6420  6429  6448  6449  6494  
5684  101  5  6401  6411  6420  6429  6453  
5699  54  1  6452  
5706  33  1  6437  
5711  33  1  6429  
5712  8  1  6484  
5734  10  1  6408  
5737  29  1  6429  
5740  35  2  6429  6447  
5741  43  3  6408  6411  6429  
5743  58  2  6405  6448  
5771  12  1  6429  
5772  177  5  6411  6413  6415  6419  6453  
5789  160  14  6401  6408  6411  6419  6429  6437  6438  6448  6449  6452  6453  6459  6460  6484  
5792  91  4  6408  6413  6429  6493  
5793  104  11  6401  6408  6411  6412  6419  6420  6429  6438  6448  6449  6450  
5798  135  7  6405  6408  6420  6429  6453  6460  6484  
5801  50  1  6405  
5807  9  1  6484  
5815  4  1  6484  
5824  7  1  6484  
5864  10  1  6408  
5872  11  1  6453  
5874  100  11  6401  6405  6408  6429  6437  6438  6452  6460  6484  6494  6499  
5908  10  2  6426  6484  
5915  22  1  6405  
5921  77  2  6438  6499  
5923  24  2  6411  6429  
5928  3  1  6484  
5933  42  5  6429  6437  6452  6460  6499  
5936  11  3  6429  6452  6459  
5945  6  1  6429  
5948  6  1  6429  
5997  5  1  6401  
6002  15  1  6453  
6010  19  1  6437  
6019  31  2  6437  6484  
6021  28  2  6420  6448  
6025  49  1  6408  
6026  191  11  6401  6405  6408  6411  6413  6415  6420  6429  6438  6484  6499  
6033  95  8  6401  6405  6429  6437  6452  6484  6494  6499  
6035  54  2  6452  6460  
6037  29  2  6420  6429  
6042  16  1  6413  
6049  65  4  6405  6408  6420  6499  
6054  57  3  6405  6411  6420  
6058  68  9  6405  6411  6415  6419  6438  6447  6448  6450  6452  
6063  47  2  6411  6417  
6081  41  1  6420  
6094  81  2  6429  6452  
6113  10  1  6429  
6122  15  2  6411  6429  
6145  36  2  6453  6499  
6146  21  1  6429  
6147  161  4  6411  6413  6415  6453  
6149  27  1  6453  
6152  142  8  6405  6408  6415  6420  6460  6484  6494  6499  
6153  31  2  6405  6413  
6154  40  1  6405  
6155  98  5  6420  6429  6453  6460  6484  
6156  37  1  6453  
6157  118  6  6405  6411  6420  6452  6484  6499  
6162  16  1  6429  
6166  4  1  6429  
6171  70  5  6429  6452  6459  6484  6499  
6175  123  9  6405  6413  6415  6429  6437  6460  6484  6494  6499  
6179  11  1  6405  
6180  93  5  6405  6413  6420  6429  6453  
6185  18  1  6420  
6197  12  1  6449  
6204  18  1  6411  
6215  24  1  6429  
6216  30  2  6426  6438  
6218  3  1  6401  
6231  10  1  6420  
6233  12  1  6401  
6266  14  2  6411  6419  
6294  47  4  6405  6411  6420  6459  
6298  7  1  6420  
6300  101  7  6411  6420  6429  6453  6460  6484  6493  
6302  22  4  6411  6413  6426  6437  
6305  23  2  6405  6484  
6306  15  1  6415  
6308  21  2  6484  6499  
6310  21  1  6401  
6321  3  1  6484  
6322  11  1  6420  
6332  4  1  6496  
6333  4  1  6429  
6334  19  1  6453  
6335  89  4  6411  6417  6450  6453  
6348  39  3  6417  6420  6429  
6349  13  1  6411  
6364  15  1  6412  
6368  3  1  6413  
6376  15  2  6408  6429  
6379  2  1  6429  
6381  12  1  6429  
6387  21  2  6408  6429  
6389  15  2  6405  6411  
6391  4  1  6484  
6393  9  1  6415  
6396  8  1  6408  
6399  2  1  6401  
6405  38  2  6408  6411  
6406  7  1  6408  
6407  3  1  6408  
6411  25  2  6412  6447  
6413  2  1  6460  
6414  24  3  6438  6452  6453  
6415  52  1  6453  
6417  12  1  6429  
6420  15  2  6429  6460  
6425  18  1  6453  
6428  2  1  6429  
6430  6  1  6420  
6436  9  1  6437  
6451  3  1  6452  
6454  3  1  6460  
6455  1  1  6460  
6456  1  1  6460  
6457  1  1  6460  
6458  1  1  6460  
6459  39  2  6417  6460  
6472  1  1  6474  
6473  1  1  6474  
6475  1  1  6484  
6476  1  1  6484  
6477  1  1  6484  
6480  1  1  6484  
6481  1  1  6484  
6482  2  1  6484  
6483  1  1  6484  
6495  3  1  6405  
6497  1  1  6498  
6514  2  1  6496  
6527  1  1  6405  
6528  1  1  6405  
6529  1  1  6405  
6530  1  1  6405  
6531  1  1  6405  
6543  3  1  6420  
6560  8  1  6415  
6566  33  1  6411  
6578  39  1  6411  
6602  1  1  6415  
6603  10  1  6453  
6616  14  1  6419  
6622  25  2  6411  6419  
6626  26  2  6415  6453  
6627  36  1  6411  
6630  13  1  6415  
6639  19  1  6453  
6657  30  1  6415  
6662  45  1  6413  
6672  50  1  6459  
6680  13  1  6411  
6692  11  1  6417  
6696  20  1  6413  
6698  35  1  6415  
6728  1  1  6411  
6729  2  1  6411  
6739  2  1  6417  
6796  27  1  6415  
6797  30  1  6415  
6798  21  1  6415  
6800  6  1  6415  
6900  19  1  6415  
6908  7  1  6413  
6909  16  1  6413  
6910  20  1  6413  
6916  20  1  6415  
6944  16  1  6415  
7010  9  1  6415  
7020  7  1  6415  
7032  1  1  6415  
7049  11  1  6413  
7086  1  1  6413  
7087  2  1  6413  
