12  50  1  6774  
65  275  2  6712  6746  
66  109  1  6724  
93  24  1  6719  
103  190  3  6707  6724  6725  
104  95  2  6760  6765  
107  89  2  6724  6746  
164  334  2  6724  6727  
188  17  1  6712  
293  321  4  6724  6741  6746  6760  
317  46  1  6712  
350  117  2  6712  6724  
372  42  2  6712  6790  
408  157  2  6727  6765  
431  732  5  6710  6725  6741  6743  6763  
590  17  1  6765  
606  158  1  6724  
635  118  1  6724  
637  100  1  6724  
676  232  6  6701  6715  6719  6731  6746  6776  
680  93  3  6712  6719  6724  
686  66  1  6701  
698  50  1  6724  
699  68  2  6727  6765  
702  773  12  6701  6707  6712  6724  6727  6760  6763  6765  6774  6780  6782  6790  
725  41  1  6795  
739  90  1  6765  
758  165  2  6724  6746  
783  99  1  6790  
785  91  1  6719  
889  5  1  6790  
909  292  2  6725  6743  
969  46  2  6701  6790  
1009  305  6  6725  6731  6741  6746  6776  6780  
1038  399  2  6741  6790  
1046  48  1  6746  
1054  472  11  6707  6712  6724  6727  6743  6760  6765  6774  6780  6782  6790  
1064  39  1  6724  
1066  599  3  6719  6724  6746  
1100  107  1  6780  
1115  65  1  6743  
1179  31  1  6746  
1253  7  1  6712  
1261  462  13  6707  6712  6719  6724  6727  6746  6760  6763  6765  6774  6780  6782  6790  
1272  35  1  6790  
1355  72  1  6760  
1357  91  1  6790  
1376  210  2  6746  6790  
1418  5  1  6760  
1421  244  4  6712  6724  6760  6765  
1442  8  1  6765  
1481  355  1  6782  
1485  68  4  6707  6710  6719  6725  
1486  15  1  6746  
1515  48  1  6746  
1529  9  1  6774  
1538  55  1  6712  
1561  50  2  6765  6774  
1571  112  2  6712  6760  
1589  14  1  6763  
1616  76  2  6724  6790  
1653  11  2  6741  6774  
1663  48  1  6724  
1826  29  1  6746  
1845  63  1  6763  
1851  27  2  6712  6719  
1940  3  1  6790  
1950  122  1  6746  
2014  5  1  6719  
2018  3  1  6790  
2045  28  1  6790  
2075  95  1  6725  
2090  32  1  6746  
2177  189  6  6725  6746  6760  6763  6765  6774  
2215  34  1  6746  
2283  324  6  6712  6724  6741  6760  6765  6790  
2301  100  1  6746  
2303  46  2  6701  6763  
2320  5  1  6790  
2321  7  1  6719  
2342  70  1  6719  
2351  180  6  6701  6707  6712  6719  6724  6727  
2356  893  21  6701  6707  6710  6712  6715  6719  6724  6725  6727  6731  6741  6743  6746  6760  6762  6763  6765  6774  6780  6782  6790  
2367  146  3  6724  6774  6782  
2405  46  1  6724  
2443  307  12  6701  6725  6727  6743  6760  6763  6765  6774  6780  6782  6790  6795  
2445  164  2  6724  6760  
2472  38  1  6776  
2477  18  1  6765  
2546  46  1  6712  
2613  44  1  6774  
2664  6  1  6724  
2729  44  1  6701  
2731  28  3  6710  6725  6741  
2767  7  1  6790  
2802  48  2  6741  6790  
2823  62  3  6707  6719  6724  
2827  37  2  6725  6780  
2831  81  1  6760  
2875  49  2  6710  6725  
2954  19  2  6725  6765  
2964  28  3  6724  6746  6760  
2999  69  1  6724  
3017  51  1  6763  
3060  25  1  6724  
3089  42  1  6724  
3090  180  2  6707  6795  
3112  89  1  6741  
3144  271  2  6727  6741  
3155  69  1  6760  
3156  92  1  6724  
3157  22  2  6760  6780  
3191  114  1  6782  
3192  3  1  6719  
3230  2  1  6790  
3238  6  1  6746  
3253  45  1  6724  
3264  156  4  6712  6724  6743  6776  
3315  362  2  6724  6746  
3362  95  1  6724  
3395  85  1  6760  
3443  232  3  6707  6725  6795  
3444  2  1  6724  
3466  94  1  6746  
3592  89  2  6707  6724  
3596  90  1  6741  
3607  20  1  6724  
3610  32  1  6760  
3648  147  1  6763  
3652  104  3  6707  6724  6774  
3658  89  1  6790  
3713  4  1  6719  
3749  84  1  6765  
3755  16  1  6774  
3810  42  1  6701  
3879  278  3  6701  6712  6727  
3914  55  2  6701  6780  
3919  80  1  6724  
3966  7  1  6790  
3990  70  1  6746  
3994  202  11  6707  6712  6719  6724  6725  6727  6760  6765  6780  6782  6790  
4000  14  1  6765  
4004  9  1  6765  
4035  153  4  6724  6741  6765  6790  
4036  12  1  6724  
4039  50  1  6741  
4069  8  1  6765  
4071  19  1  6780  
4102  40  1  6746  
4122  71  1  6746  
4152  228  10  6712  6719  6724  6725  6727  6741  6746  6760  6774  6782  
4175  19  2  6760  6782  
4180  24  1  6763  
4217  25  3  6774  6776  6790  
4279  3  1  6780  
4281  20  2  6762  6780  
4282  2  1  6780  
4285  62  3  6707  6724  6795  
4288  73  3  6724  6746  6763  
4319  168  1  6795  
4372  4  1  6782  
4376  2  1  6724  
4384  169  4  6724  6725  6763  6790  
4423  4  1  6746  
4427  214  9  6701  6725  6741  6760  6763  6765  6774  6782  6790  
4446  44  1  6719  
4453  53  4  6741  6765  6780  6782  
4455  4  2  6763  6765  
4464  19  3  6719  6724  6727  
4470  115  1  6724  
4476  4  1  6762  
4480  14  1  6725  
4481  10  1  6790  
4489  43  1  6724  
4496  18  1  6774  
4507  8  3  6760  6765  6790  
4509  52  2  6774  6790  
4524  4  1  6701  
4531  271  2  6725  6746  
4546  14  1  6741  
4552  127  5  6725  6727  6743  6765  6790  
4555  33  1  6719  
4569  69  2  6724  6763  
4583  51  1  6725  
4607  29  1  6774  
4608  122  2  6725  6746  
4614  217  1  6746  
4623  211  3  6707  6712  6743  
4624  312  2  6724  6727  
4634  22  1  6724  
4636  15  1  6760  
4663  24  2  6765  6790  
4680  33  2  6743  6790  
4691  12  1  6746  
4710  22  2  6724  6746  
4747  30  2  6701  6724  
4790  37  1  6724  
4814  48  1  6724  
4831  63  2  6719  6763  
4832  26  1  6724  
4853  16  1  6724  
4860  28  1  6724  
4868  30  1  6746  
4870  12  1  6790  
4901  389  16  6707  6712  6724  6725  6741  6743  6746  6760  6763  6765  6774  6776  6780  6782  6790  6795  
4906  39  5  6719  6724  6727  6763  6790  
4927  46  1  6727  
4934  2  1  6782  
4957  5  1  6780  
4970  11  1  6765  
5012  139  1  6746  
5051  230  1  6725  
5053  10  1  6760  
5110  75  3  6746  6760  6790  
5112  42  8  6727  6743  6760  6765  6774  6776  6782  6790  
5129  191  1  6774  
5133  222  6  6712  6724  6725  6741  6776  6782  
5135  385  13  6701  6707  6712  6724  6727  6731  6746  6760  6763  6765  6780  6782  6790  
5137  33  2  6765  6776  
5139  83  4  6707  6724  6762  6782  
5143  29  1  6724  
5147  144  7  6712  6724  6741  6743  6762  6763  6776  
5149  84  1  6724  
5151  67  1  6710  
5152  61  1  6741  
5153  20  3  6707  6724  6746  
5155  98  4  6724  6727  6741  6743  
5183  16  1  6710  
5212  10  1  6719  
5218  19  1  6725  
5224  52  12  6707  6712  6719  6724  6727  6731  6746  6760  6765  6774  6782  6790  
5230  7  1  6763  
5235  10  1  6782  
5247  13  1  6790  
5257  14  1  6746  
5270  5  1  6743  
5294  81  5  6712  6741  6746  6774  6790  
5295  20  1  6719  
5302  68  2  6719  6725  
5306  3  1  6790  
5308  3  1  6790  
5309  10  1  6741  
5322  2  1  6790  
5325  80  2  6741  6746  
5335  39  3  6707  6712  6746  
5359  32  1  6780  
5362  3  1  6719  
5363  54  3  6701  6741  6790  
5439  10  1  6746  
5444  7  1  6707  
5471  3  1  6743  
5477  53  2  6724  6743  
5480  31  2  6724  6746  
5495  75  2  6731  6760  
5497  35  1  6724  
5504  2  1  6727  
5521  76  2  6746  6782  
5523  9  2  6707  6743  
5546  190  5  6701  6712  6725  6763  6776  
5557  23  1  6724  
5559  44  1  6746  
5575  11  1  6765  
5595  3  1  6760  
5617  21  2  6746  6776  
5622  11  1  6724  
5639  70  4  6707  6712  6741  6790  
5641  7  1  6760  
5653  28  1  6760  
5655  58  5  6715  6719  6724  6743  6762  
5674  10  1  6790  
5684  101  4  6715  6741  6774  6790  
5691  12  1  6780  
5699  54  2  6712  6743  
5711  33  1  6746  
5723  2  1  6780  
5725  21  1  6731  
5734  10  1  6707  
5737  29  1  6724  
5740  35  1  6724  
5741  43  2  6727  6741  
5743  58  4  6701  6724  6746  6747  
5748  4  1  6712  
5772  177  16  6701  6707  6710  6712  6719  6724  6725  6741  6743  6746  6760  6765  6774  6780  6782  6790  
5773  6  1  6760  
5792  91  2  6725  6741  
5798  135  11  6715  6719  6724  6727  6746  6760  6763  6765  6774  6782  6790  
5826  11  1  6747  
5872  11  1  6712  
5921  77  3  6710  6743  6765  
5923  24  1  6725  
5929  6  2  6727  6790  
6015  6  1  6724  
6026  191  10  6707  6712  6719  6724  6727  6743  6763  6776  6780  6782  
6033  95  6  6707  6719  6725  6741  6765  6790  
6035  54  1  6707  
6037  29  1  6701  
6042  16  1  6747  
6049  65  2  6712  6719  
6054  57  4  6724  6725  6731  6741  
6058  68  2  6724  6762  
6063  47  6  6701  6725  6731  6746  6781  6795  
6081  41  5  6707  6712  6746  6774  6790  
6094  81  14  6707  6712  6719  6724  6725  6727  6743  6760  6765  6774  6780  6782  6790  6795  
6106  13  1  6707  
6120  4  1  6765  
6122  15  1  6727  
6143  14  1  6741  
6144  3  1  6719  
6145  36  1  6782  
6147  161  18  6701  6707  6712  6719  6724  6725  6727  6741  6743  6746  6760  6763  6765  6774  6776  6780  6782  6790  
6149  27  7  6707  6712  6719  6724  6760  6765  6774  
6150  5  1  6746  
6152  142  6  6743  6760  6765  6774  6780  6790  
6153  31  1  6710  
6154  40  1  6724  
6155  98  8  6701  6707  6712  6724  6727  6743  6774  6782  
6156  37  4  6712  6719  6724  6746  
6157  118  5  6707  6724  6725  6741  6746  
6171  70  5  6714  6727  6774  6780  6782  
6175  123  6  6725  6741  6743  6760  6763  6782  
6180  93  6  6707  6712  6724  6741  6743  6790  
6204  18  1  6724  
6215  24  3  6724  6741  6774  
6216  30  1  6724  
6250  9  1  6724  
6259  4  1  6719  
6294  47  1  6743  
6300  101  10  6707  6712  6724  6727  6760  6765  6774  6780  6782  6790  
6302  22  2  6724  6763  
6307  9  1  6741  
6310  21  1  6710  
6317  4  1  6774  
6335  89  6  6701  6707  6712  6724  6727  6741  
6336  12  2  6712  6724  
6355  27  3  6741  6774  6790  
6376  15  2  6710  6741  
6381  12  2  6707  6724  
6387  21  1  6724  
6389  15  1  6724  
6405  38  3  6712  6719  6727  
6411  25  7  6710  6719  6724  6727  6741  6762  6782  
6412  4  1  6724  
6414  24  1  6724  
6415  52  3  6724  6743  6765  
6417  12  1  6747  
6425  18  1  6743  
6427  10  1  6746  
6453  10  2  6724  6782  
6459  39  1  6746  
6509  16  3  6725  6727  6790  
6532  11  2  6707  6727  
6542  31  1  6763  
6546  3  1  6701  
6552  28  2  6741  6760  
6553  9  2  6707  6712  
6558  7  1  6724  
6566  33  3  6724  6765  6790  
6574  2  1  6746  
6578  39  5  6712  6724  6731  6776  6780  
6587  6  1  6719  
6594  1  1  6741  
6609  6  1  6760  
6615  6  1  6725  
6622  25  1  6701  
6626  26  3  6724  6727  6760  
6627  36  4  6746  6765  6776  6781  
6635  19  5  6701  6743  6760  6765  6774  
6638  4  1  6725  
6639  19  2  6719  6724  
6656  3  1  6724  
6657  30  2  6743  6774  
6662  45  6  6710  6724  6725  6741  6746  6765  
6667  6  2  6712  6746  
6672  50  4  6719  6724  6725  6790  
6674  8  2  6712  6724  
6680  13  1  6719  
6690  13  6  6707  6719  6724  6760  6765  6774  
6692  11  3  6780  6782  6790  
6693  19  4  6774  6780  6782  6790  
6695  3  1  6701  
6696  20  3  6701  6710  6741  
6697  1  1  6701  
6698  35  2  6701  6763  
6699  11  1  6701  
6700  1  1  6701  
6702  2  1  6743  
6703  3  2  6707  6719  
6709  4  1  6719  
6711  7  1  6743  
6713  1  1  6712  
6716  1  1  6719  
6717  1  1  6719  
6718  1  1  6719  
6720  1  1  6719  
6721  1  1  6719  
6723  12  1  6724  
6726  6  3  6746  6790  6795  
6730  23  3  6731  6774  6776  
6737  4  1  6780  
6741  4  1  6790  
6745  2  1  6746  
6758  2  1  6760  
6759  1  1  6760  
6761  7  1  6743  
6763  2  1  6765  
6765  11  1  6763  
6768  24  2  6743  6782  
6770  1  1  6774  
6771  1  1  6774  
6773  1  1  6774  
6776  4  1  6790  
6778  6  1  6780  
6779  1  1  6780  
6783  1  1  6782  
6784  5  1  6782  
6785  6  1  6782  
6786  1  1  6790  
6787  1  1  6790  
6788  1  1  6790  
6789  1  1  6790  
6796  27  1  6763  
6797  30  1  6763  
6843  1  1  6743  
6844  1  1  6743  
6845  1  1  6743  
6853  4  1  6725  
6864  15  1  6763  
6886  7  1  6763  
6900  19  2  6725  6763  
6909  16  2  6710  6725  
6910  20  2  6725  6741  
6913  9  1  6741  
6914  8  1  6710  
6916  20  2  6710  6725  
6918  1  1  6763  
6919  1  1  6763  
6920  1  1  6763  
6966  13  2  6710  6741  
7005  5  1  6725  
7049  11  1  6725  
7091  2  1  6741  
7092  1  1  6741  
