3  302  25  1312  1323  1325  1326  1330  1337  1348  1349  1352  1355  1356  1359  1360  1365  1366  1368  1370  1371  1377  1381  1386  1387  1392  1393  1397  
4  24  2  1309  1355  
8  743  35  1300  1302  1304  1309  1312  1319  1321  1323  1325  1326  1328  1330  1337  1348  1349  1352  1355  1359  1363  1365  1366  1367  1368  1370  1371  1372  1376  1377  1381  1386  1387  1392  1393  1397  1399  
9  65  1  1348  
11  114  1  1376  
14  45  1  1392  
17  187  2  1381  1392  
18  76  1  1359  
20  74  1  1360  
21  309  8  1301  1303  1323  1326  1357  1363  1377  1381  
25  133  1  1312  
32  65  8  1300  1302  1323  1330  1349  1352  1359  1365  
33  227  7  1300  1301  1352  1370  1386  1392  1397  
39  89  4  1348  1349  1359  1377  
42  8  3  1325  1387  1392  
43  59  1  1309  
44  146  3  1304  1337  1393  
52  64  1  1316  
56  94  4  1301  1348  1359  1365  
65  275  2  1321  1378  
66  109  5  1337  1349  1377  1392  1397  
73  41  3  1348  1392  1393  
81  122  2  1316  1393  
82  195  2  1300  1365  
84  29  1  1309  
85  72  1  1352  
93  24  1  1378  
95  16  1  1360  
96  5  1  1321  
103  190  2  1309  1352  
104  95  1  1372  
105  29  1  1300  
107  89  4  1300  1337  1371  1392  
116  213  2  1303  1337  
121  132  2  1309  1348  
122  80  5  1301  1312  1359  1366  1376  
129  99  1  1373  
131  72  1  1300  
132  37  1  1387  
136  94  4  1300  1323  1359  1386  
138  18  2  1365  1366  
140  58  1  1337  
143  74  4  1301  1355  1370  1399  
146  61  3  1300  1348  1393  
149  44  1  1368  
150  7  1  1323  
153  32  4  1302  1309  1319  1365  
158  93  2  1365  1373  
162  70  6  1300  1348  1359  1365  1368  1381  
164  334  19  1300  1312  1323  1328  1330  1348  1349  1352  1355  1359  1363  1370  1371  1376  1381  1386  1393  1397  1399  
167  39  7  1300  1312  1348  1349  1352  1359  1399  
168  19  1  1393  
169  63  1  1363  
171  54  3  1309  1348  1359  
173  79  4  1301  1348  1357  1365  
183  5  1  1377  
188  17  2  1355  1399  
204  100  5  1363  1368  1372  1376  1393  
205  8  2  1302  1337  
214  25  1  1377  
215  5  1  1377  
216  6  1  1365  
218  50  1  1357  
236  15  1  1366  
242  86  2  1363  1368  
246  56  1  1357  
263  76  1  1348  
264  39  4  1348  1355  1376  1381  
272  71  4  1352  1363  1365  1393  
275  3  1  1377  
277  5  2  1326  1328  
286  79  8  1312  1323  1330  1348  1352  1359  1360  1393  
288  244  12  1300  1302  1312  1348  1352  1357  1359  1371  1372  1381  1386  1397  
290  142  8  1300  1302  1348  1352  1359  1365  1386  1392  
292  230  9  1300  1312  1348  1359  1368  1381  1393  1397  1399  
293  321  17  1300  1302  1303  1309  1312  1337  1348  1349  1359  1363  1365  1368  1371  1372  1376  1377  1393  
294  227  12  1300  1302  1309  1323  1330  1337  1348  1352  1355  1370  1372  1399  
295  54  2  1363  1377  
297  77  1  1300  
299  140  9  1300  1312  1359  1363  1371  1376  1386  1397  1399  
301  199  6  1300  1348  1355  1360  1363  1393  
306  14  1  1300  
316  41  1  1300  
317  46  1  1392  
321  80  2  1366  1386  
322  30  3  1300  1312  1348  
328  86  1  1337  
330  21  2  1302  1303  
337  18  1  1312  
343  14  1  1302  
350  117  5  1312  1330  1352  1366  1368  
355  37  2  1363  1397  
372  42  2  1302  1386  
376  6  1  1392  
384  145  8  1300  1309  1355  1363  1370  1372  1376  1377  
401  79  1  1373  
408  157  2  1330  1348  
431  732  15  1300  1301  1302  1304  1363  1365  1368  1371  1372  1373  1376  1377  1387  1393  1399  
437  17  1  1337  
493  24  1  1304  
494  142  1  1363  
504  121  3  1326  1357  1377  
535  18  2  1309  1323  
536  22  3  1309  1323  1372  
548  214  6  1355  1357  1359  1365  1377  1393  
549  9  3  1300  1352  1359  
572  31  3  1309  1348  1352  
577  55  1  1309  
578  150  3  1359  1367  1393  
579  66  2  1321  1337  
583  31  2  1337  1365  
587  46  1  1300  
590  17  2  1309  1365  
591  32  1  1377  
593  40  1  1337  
594  98  5  1300  1302  1303  1337  1387  
606  158  2  1376  1378  
607  13  2  1370  1392  
626  83  7  1300  1302  1304  1359  1370  1393  1397  
629  47  1  1300  
631  24  1  1368  
635  118  1  1377  
637  100  4  1300  1357  1359  1392  
643  81  5  1300  1337  1355  1381  1393  
644  28  1  1300  
645  95  10  1319  1326  1355  1360  1367  1370  1376  1381  1393  1399  
646  123  12  1312  1355  1359  1365  1367  1370  1371  1376  1377  1386  1393  1397  
649  105  5  1300  1312  1323  1376  1393  
651  19  2  1312  1376  
661  264  6  1304  1325  1326  1337  1357  1366  
666  32  1  1377  
669  34  2  1319  1386  
672  8  1  1348  
676  232  1  1373  
680  93  3  1300  1309  1359  
686  66  1  1309  
695  77  2  1301  1309  
697  8  1  1365  
698  50  2  1337  1359  
699  68  2  1348  1399  
700  34  1  1372  
702  773  8  1301  1303  1312  1321  1357  1372  1376  1393  
705  146  8  1300  1302  1312  1316  1337  1349  1357  1359  
716  8  1  1393  
719  224  7  1304  1337  1348  1349  1366  1392  1393  
723  113  2  1337  1372  
724  317  8  1300  1312  1337  1352  1357  1359  1377  1386  
725  41  3  1312  1352  1386  
729  60  3  1300  1304  1381  
737  6  2  1304  1321  
739  90  10  1300  1309  1337  1352  1359  1376  1377  1381  1386  1393  
743  34  1  1393  
746  272  10  1300  1303  1312  1321  1328  1355  1359  1363  1372  1376  
749  29  2  1337  1377  
753  16  2  1386  1393  
759  249  19  1301  1312  1321  1325  1328  1355  1363  1365  1368  1371  1372  1376  1377  1386  1387  1392  1393  1397  1399  
763  12  1  1300  
766  26  2  1312  1326  
774  45  1  1352  
780  2  1  1365  
781  39  1  1355  
782  16  1  1348  
783  99  3  1301  1304  1321  
785  91  1  1337  
787  13  1  1372  
789  16  1  1376  
793  97  2  1357  1377  
798  38  4  1312  1368  1393  1399  
799  59  11  1323  1330  1337  1349  1352  1355  1365  1371  1386  1392  1397  
800  29  2  1300  1370  
807  122  1  1337  
829  119  11  1326  1337  1349  1355  1360  1366  1367  1368  1371  1376  1392  
845  10  1  1371  
846  6  2  1323  1365  
847  149  15  1300  1309  1312  1323  1325  1363  1365  1367  1371  1376  1377  1381  1386  1393  1399  
852  21  2  1323  1393  
857  18  2  1371  1393  
861  46  2  1300  1337  
864  80  10  1300  1309  1312  1323  1363  1365  1370  1372  1376  1393  
866  30  2  1309  1397  
869  110  2  1300  1302  
871  29  3  1303  1337  1363  
875  34  3  1337  1366  1367  
885  4  1  1337  
891  11  1  1397  
892  72  5  1312  1325  1376  1381  1393  
899  65  7  1309  1316  1323  1363  1365  1376  1393  
902  16  1  1377  
903  47  1  1337  
907  77  4  1337  1348  1363  1365  
909  292  4  1301  1321  1337  1372  
914  238  18  1300  1301  1304  1309  1312  1321  1328  1348  1355  1359  1363  1370  1372  1376  1381  1386  1393  1399  
917  297  9  1300  1301  1303  1319  1328  1337  1355  1356  1357  
918  30  3  1326  1359  1370  
920  60  2  1312  1381  
925  5  1  1377  
926  138  13  1300  1302  1316  1325  1328  1337  1349  1352  1368  1376  1386  1393  1397  
929  44  6  1309  1323  1326  1348  1367  1393  
941  14  1  1365  
942  9  1  1372  
948  135  23  1300  1302  1304  1312  1323  1325  1330  1337  1348  1352  1355  1359  1365  1366  1367  1368  1371  1376  1377  1386  1387  1392  1399  
950  19  1  1372  
951  39  4  1300  1363  1386  1399  
953  33  2  1363  1365  
955  86  3  1321  1393  1399  
957  6  1  1363  
959  49  1  1393  
961  21  1  1349  
962  9  1  1349  
964  24  4  1309  1312  1359  1367  
967  3  1  1349  
968  44  1  1325  
969  46  2  1301  1304  
972  196  13  1312  1321  1323  1352  1355  1359  1360  1363  1365  1370  1373  1376  1393  
977  156  6  1301  1302  1303  1309  1328  1372  
978  29  1  1349  
979  16  1  1359  
988  74  5  1302  1304  1309  1357  1359  
994  4  1  1386  
998  8  1  1348  
1008  88  2  1312  1321  
1009  305  3  1303  1372  1393  
1025  39  1  1300  
1026  1  1  1316  
1029  20  1  1372  
1030  37  1  1372  
1032  62  5  1301  1363  1370  1376  1387  
1033  13  1  1359  
1034  62  6  1304  1312  1360  1370  1377  1393  
1037  57  1  1300  
1038  399  4  1348  1359  1365  1371  
1040  115  12  1300  1301  1302  1312  1323  1348  1352  1359  1371  1372  1376  1381  
1041  135  10  1300  1301  1302  1312  1319  1321  1325  1348  1349  1393  
1046  48  1  1359  
1047  14  1  1301  
1053  8  1  1365  
1054  472  11  1301  1312  1321  1328  1348  1357  1363  1366  1368  1372  1376  
1062  24  3  1300  1309  1359  
1064  39  2  1392  1393  
1066  599  7  1301  1303  1321  1337  1357  1363  1372  
1067  158  16  1300  1312  1337  1355  1359  1360  1363  1365  1368  1370  1372  1376  1377  1378  1381  1393  
1079  10  1  1348  
1084  79  2  1376  1377  
1088  2  1  1337  
1090  4  1  1376  
1093  31  1  1397  
1100  107  4  1300  1301  1303  1337  
1101  35  10  1300  1309  1312  1359  1363  1368  1370  1376  1377  1393  
1102  66  5  1312  1363  1370  1372  1393  
1107  26  1  1370  
1110  218  7  1300  1301  1302  1304  1309  1372  1393  
1111  79  5  1300  1319  1355  1376  1393  
1115  65  1  1372  
1120  77  5  1300  1309  1323  1372  1397  
1129  33  2  1321  1393  
1132  14  4  1323  1325  1366  1371  
1133  16  2  1312  1348  
1134  20  5  1300  1302  1304  1309  1348  
1135  103  14  1309  1312  1323  1337  1355  1360  1363  1365  1370  1372  1376  1393  1397  1399  
1136  6  1  1323  
1140  35  2  1365  1393  
1141  11  1  1376  
1145  8  1  1365  
1146  77  7  1312  1325  1337  1352  1363  1365  1393  
1147  21  3  1309  1312  1365  
1150  51  3  1312  1381  1392  
1156  45  1  1300  
1158  8  1  1393  
1159  2  1  1328  
1162  61  2  1376  1393  
1173  69  19  1300  1302  1304  1309  1312  1319  1321  1323  1325  1330  1348  1352  1355  1359  1365  1366  1367  1371  1376  
1174  124  19  1309  1312  1325  1330  1337  1348  1352  1355  1356  1365  1366  1370  1371  1376  1386  1387  1392  1397  1399  
1176  10  2  1348  1370  
1180  65  2  1300  1304  
1182  16  3  1323  1377  1397  
1183  34  2  1377  1386  
1185  33  6  1348  1365  1366  1367  1387  1392  
1189  76  4  1323  1348  1365  1393  
1191  5  2  1326  1366  
1197  290  7  1300  1301  1303  1337  1367  1371  1378  
1198  20  3  1359  1365  1393  
1200  4  2  1300  1309  
1211  181  12  1302  1304  1312  1323  1330  1337  1349  1352  1363  1368  1372  1376  
1214  12  2  1302  1377  
1218  6  1  1323  
1227  62  5  1304  1309  1312  1326  1337  
1240  117  10  1312  1363  1368  1370  1371  1372  1376  1386  1393  1399  
1242  121  10  1304  1312  1337  1360  1363  1368  1370  1376  1377  1393  
1243  30  1  1357  
1246  20  1  1373  
1247  91  11  1312  1323  1352  1355  1359  1363  1376  1377  1392  1393  1397  
1248  18  1  1377  
1260  4  1  1319  
1261  462  4  1303  1348  1357  1386  
1264  33  5  1365  1371  1376  1393  1397  
1265  14  1  1337  
1267  63  14  1300  1302  1304  1309  1323  1337  1348  1352  1355  1359  1368  1372  1392  1397  
1268  52  3  1337  1363  1393  
1269  17  1  1337  
1271  37  1  1301  
1273  61  9  1300  1304  1309  1312  1328  1363  1370  1376  1397  
1277  32  1  1304  
1281  9  4  1321  1348  1356  1376  
1282  199  9  1303  1312  1328  1337  1355  1363  1372  1381  1393  
1303  41  1  1304  
1305  2  1  1309  
1306  1  1  1309  
1307  8  1  1309  
1308  52  8  1301  1309  1312  1348  1360  1363  1365  1366  
1312  183  7  1328  1355  1363  1370  1376  1393  1399  
1317  1  1  1312  
1318  2  2  1319  1323  
1323  9  2  1365  1397  
1325  41  3  1312  1367  1393  
1326  20  5  1312  1328  1330  1368  1376  
1327  3  1  1330  
1328  2  2  1326  1330  
1329  1  1  1330  
1330  3  2  1326  1328  
1331  7  3  1312  1323  1371  
1336  1  1  1337  
1338  1  1  1348  
1339  1  1  1348  
1340  1  1  1348  
1341  5  1  1348  
1342  1  1  1348  
1343  1  1  1348  
1344  1  1  1348  
1345  1  1  1348  
1346  48  3  1312  1348  1377  
1347  26  2  1348  1365  
1350  24  3  1312  1352  1359  
1351  11  3  1325  1352  1377  
1352  20  2  1355  1359  
1354  156  9  1312  1355  1359  1363  1365  1368  1372  1376  1381  
1355  72  4  1370  1371  1381  1393  
1357  91  3  1303  1312  1368  
1361  44  3  1365  1372  1393  
1362  1  1  1365  
1363  26  3  1365  1376  1393  
1364  52  8  1312  1365  1368  1371  1376  1377  1387  1393  
1368  117  6  1312  1326  1355  1370  1381  1399  
1370  64  6  1312  1363  1368  1371  1393  1399  
1372  157  7  1312  1368  1370  1376  1386  1397  1399  
1375  10  2  1363  1393  
1376  210  7  1301  1312  1363  1368  1372  1381  1393  
1379  12  1  1377  
1380  48  1  1377  
1381  38  4  1321  1355  1376  1393  
1382  2  1  1386  
1383  3  1  1386  
1384  6  2  1386  1392  
1385  4  1  1386  
1386  41  3  1370  1377  1399  
1389  16  4  1325  1377  1392  1397  
1391  1  1  1392  
1394  1  1  1325  
1395  1  1  1325  
1396  1  1  1325  
1400  99  6  1303  1363  1368  1372  1376  1393  
1401  139  1  1393  
1404  35  6  1312  1326  1368  1370  1393  1399  
1409  11  1  1312  
1416  68  2  1372  1393  
1417  81  7  1312  1363  1368  1370  1372  1376  1393  
1421  244  2  1357  1372  
1425  28  3  1363  1372  1377  
1426  4  1  1377  
1427  587  16  1301  1303  1312  1325  1337  1355  1357  1363  1368  1370  1372  1376  1377  1381  1389  1393  
1428  42  1  1377  
1429  1  1  1377  
1430  81  3  1363  1370  1377  
1431  20  4  1312  1363  1377  1393  
1433  79  7  1312  1363  1368  1370  1372  1376  1393  
1441  27  1  1376  
1443  46  1  1337  
1447  24  3  1363  1389  1393  
1457  13  1  1312  
1458  87  4  1312  1321  1363  1372  
1460  102  3  1363  1372  1399  
1463  13  1  1312  
1466  30  2  1301  1370  
1468  114  8  1312  1326  1355  1363  1368  1370  1376  1393  
1472  3  1  1370  
1474  4  1  1312  
1478  10  2  1326  1399  
1481  355  12  1301  1303  1312  1326  1328  1337  1355  1363  1370  1372  1393  1399  
1483  12  2  1312  1376  
1486  15  2  1376  1399  
1487  73  2  1326  1393  
1488  162  10  1312  1326  1355  1363  1368  1370  1376  1381  1393  1399  
1492  4  2  1312  1368  
1493  1  1  1312  
1494  80  4  1312  1328  1372  1393  
1495  50  6  1312  1363  1368  1372  1376  1393  
1496  39  2  1312  1368  
1500  12  2  1355  1393  
1504  3  1  1355  
1511  36  1  1357  
1512  2  1  1370  
1513  1  1  1370  
1514  1  1  1370  
1515  48  1  1370  
1526  1  1  1399  
1527  1  1  1399  
1536  1  1  1355  
1537  1  1  1355  
1551  2  1  1326  
1552  1  1  1326  
1554  9  1  1301  
1556  1  1  1381  
1557  6  1  1381  
1558  25  1  1337  
1561  50  2  1301  1372  
1562  3  1  1393  
1570  93  2  1363  1376  
1571  112  2  1301  1357  
1574  47  1  1303  
1586  96  1  1363  
1588  10  1  1376  
1589  14  1  1337  
1600  18  3  1301  1368  1372  
1601  42  2  1363  1393  
1602  55  1  1337  
1609  9  2  1303  1376  
1616  76  1  1337  
1621  23  1  1376  
1623  89  2  1372  1393  
1626  5  1  1393  
1629  47  2  1373  1376  
1632  4  1  1368  
1633  27  1  1376  
1634  97  2  1357  1376  
1636  67  1  1301  
1639  141  3  1372  1376  1393  
1648  57  2  1301  1372  
1658  26  1  1363  
1659  44  2  1301  1337  
1664  20  1  1373  
1671  129  4  1303  1363  1372  1393  
1674  43  1  1357  
1677  105  1  1301  
1678  10  1  1363  
1680  90  3  1303  1372  1393  
1681  7  1  1393  
1682  11  1  1393  
1683  49  3  1328  1378  1393  
1694  73  2  1301  1372  
1723  22  1  1328  
1738  44  1  1363  
1749  51  1  1378  
1768  20  1  1372  
1769  112  2  1303  1363  
1772  204  3  1301  1303  1373  
1786  13  1  1357  
1799  3  1  1363  
1807  31  1  1363  
1812  31  1  1301  
1817  181  1  1301  
1821  34  1  1363  
1824  47  2  1363  1372  
1829  56  2  1363  1372  
1835  66  2  1303  1363  
1836  16  1  1372  
1841  88  2  1363  1372  
1842  1  1  1363  
1843  39  2  1363  1372  
1873  22  1  1357  
1898  121  2  1328  1372  
1908  121  3  1303  1328  1372  
1917  28  1  1303  
1925  55  1  1301  
1933  45  3  1301  1357  1372  
1939  47  1  1337  
1948  113  1  1372  
1950  122  1  1372  
1960  129  2  1303  1372  
1962  146  3  1303  1337  1357  
1981  41  1  1372  
1983  18  1  1328  
1984  26  1  1301  
2008  61  1  1303  
2015  12  1  1372  
2029  31  1  1301  
2035  15  1  1328  
2038  1  1  1328  
2039  1  1  1328  
2044  34  1  1372  
2048  143  2  1301  1321  
2049  49  1  1303  
2050  66  1  1372  
2052  36  1  1372  
2055  75  1  1301  
2056  241  1  1301  
2059  108  1  1372  
2060  14  1  1372  
2072  31  1  1372  
2073  247  1  1303  
2080  58  1  1357  
2087  31  1  1372  
2089  48  2  1321  1372  
2098  6  1  1372  
2099  4  1  1372  
2109  164  1  1301  
2117  4  1  1372  
2134  111  1  1372  
2137  252  1  1337  
2138  215  1  1372  
2166  12  1  1372  
2173  77  1  1337  
2177  189  1  1373  
2179  124  4  1301  1321  1337  1372  
2183  49  1  1303  
2190  72  1  1301  
2215  34  1  1372  
2216  141  3  1303  1337  1372  
2217  3  1  1372  
2218  2  1  1372  
2271  75  3  1301  1303  1321  
2272  103  1  1303  
2273  142  2  1301  1303  
2275  35  1  1301  
2283  324  2  1337  1357  
2301  100  1  1337  
2304  69  1  1301  
2307  68  2  1301  1321  
2329  47  1  1337  
2335  93  1  1337  
2339  34  2  1301  1303  
2340  105  1  1321  
2343  26  2  1301  1321  
2348  77  1  1303  
2355  50  1  1357  
2356  893  5  1301  1303  1321  1373  1378  
2367  146  1  1301  
2394  14  1  1303  
2405  46  1  1301  
2408  108  1  1337  
2431  39  1  1321  
2436  269  3  1301  1321  1337  
2438  113  1  1337  
2439  104  2  1301  1337  
2443  307  1  1378  
2456  13  1  1303  
2458  103  1  1301  
2469  156  2  1301  1321  
2471  618  4  1301  1321  1337  1357  
2476  149  1  1301  
2482  74  1  1301  
2483  168  1  1337  
2485  80  1  1321  
2487  75  1  1321  
2490  103  2  1321  1357  
2494  200  1  1337  
2540  40  1  1303  
2546  46  1  1301  
2562  173  1  1337  
2564  18  1  1303  
2597  7  1  1303  
2600  21  1  1303  
2601  5  1  1303  
2602  14  1  1303  
2604  124  1  1337  
2620  139  1  1337  
2632  282  2  1301  1337  
2633  87  2  1321  1337  
2638  2  1  1337  
2641  28  1  1301  
2661  18  1  1301  
2668  33  1  1301  
2697  26  2  1301  1321  
2712  70  1  1321  
2716  55  1  1301  
2731  28  1  1373  
2735  55  2  1357  1373  
2761  44  1  1357  
2766  52  1  1301  
2767  7  1  1357  
2770  52  1  1337  
2772  175  1  1321  
2778  216  1  1337  
2786  7  1  1378  
2787  14  1  1301  
2801  44  1  1373  
2802  48  1  1357  
2803  32  2  1321  1337  
2806  42  2  1301  1321  
2812  25  1  1301  
2813  34  1  1378  
2828  4  1  1321  
2834  37  1  1321  
2837  37  1  1301  
2845  10  1  1337  
2846  8  1  1301  
2877  88  1  1337  
2881  26  1  1357  
2889  1  1  1301  
2899  79  1  1337  
2905  41  1  1337  
2919  56  1  1337  
2933  1  1  1321  
2934  1  1  1321  
3064  273  1  1337  
3098  60  1  1357  
3146  314  1  1357  
3149  131  1  1357  
3150  319  1  1357  
3153  241  1  1378  
3154  166  1  1378  
3155  69  1  1357  
3159  54  1  1357  
3173  42  1  1357  
3181  16  1  1357  
3191  114  1  1357  
3214  64  1  1337  
3226  81  1  1337  
3251  147  1  1337  
3252  42  1  1337  
3253  45  1  1337  
3289  205  1  1357  
3290  144  1  1337  
3299  64  1  1357  
3308  63  1  1337  
3309  11  1  1337  
3315  362  2  1357  1373  
3316  44  1  1357  
3319  13  1  1337  
3332  87  1  1337  
3333  36  1  1337  
3338  144  1  1337  
3353  75  1  1337  
3362  95  1  1357  
3363  8  1  1357  
3391  93  1  1337  
3395  85  2  1337  1357  
3442  99  1  1337  
3459  45  1  1357  
3489  15  1  1337  
3498  82  1  1357  
3555  1  1  1337  
3556  5  1  1337  
3557  7  1  1337  
3587  23  1  1357  
3610  32  1  1378  
3657  257  1  1357  
3680  17  1  1357  
3789  5  1  1378  
3848  11  1  1357  
3855  52  1  1357  
3879  278  1  1357  
3906  40  1  1357  
4004  9  1  1357  
4035  153  1  1378  
4039  50  1  1378  
4152  228  2  1357  1378  
4192  20  1  1378  
4217  25  1  1357  
4240  11  1  1357  
4288  73  1  1378  
4315  101  1  1357  
4334  24  1  1357  
4427  214  2  1357  1378  
4440  361  1  1357  
4486  172  1  1373  
4531  271  1  1357  
4552  127  1  1378  
4553  3  1  1357  
4583  51  1  1373  
4611  139  1  1357  
4614  217  1  1357  
4615  49  1  1357  
4622  31  1  1357  
4623  211  1  1357  
4624  312  1  1378  
4626  10  1  1357  
4684  59  1  1357  
4685  75  1  1357  
4694  9  1  1378  
4724  12  1  1357  
4853  16  1  1357  
4866  21  1  1357  
4870  12  1  1357  
4901  389  1  1378  
4908  243  1  1357  
4926  8  1  1357  
4965  8  1  1357  
4971  28  1  1357  
4981  15  1  1357  
5065  44  1  1357  
5100  4  1  1357  
5101  1  1  1357  
5102  1  1  1357  
5109  15  1  1373  
5129  191  1  1378  
5133  222  1  1378  
5135  385  1  1378  
5152  61  1  1373  
5183  16  1  1373  
5302  68  1  1378  
5363  54  1  1378  
5542  78  1  1373  
5546  190  1  1373  
5655  58  1  1378  
5710  29  1  1373  
5735  9  1  1378  
5743  58  1  1373  
5772  177  1  1378  
5798  135  1  1378  
5831  29  1  1378  
5884  12  1  1373  
5902  2  1  1373  
5908  10  1  1378  
6026  191  1  1378  
6042  16  1  1378  
6063  47  1  1378  
6145  36  1  1378  
6147  161  1  1378  
6155  98  1  1378  
6157  118  1  1378  
6175  123  1  1378  
6552  28  1  1378  
6604  2  1  1378  
6622  25  1  1378  
6692  11  1  1378  
6698  35  1  1378  
6782  11  1  1378  
6798  21  1  1378  
6864  15  1  1378  
