3  302  1  3649  
8  743  12  3629  3631  3637  3639  3652  3655  3656  3665  3668  3674  3681  3694  
11  114  1  3665  
12  50  1  3649  
21  309  1  3652  
24  102  1  3656  
26  150  3  3629  3637  3694  
33  227  1  3674  
34  20  1  3601  
44  146  2  3649  3668  
50  39  2  3629  3694  
65  275  8  3605  3631  3639  3649  3652  3663  3665  3674  
66  109  1  3649  
67  164  1  3649  
81  122  1  3665  
82  195  2  3649  3687  
84  29  1  3600  
93  24  1  3680  
103  190  1  3649  
107  89  1  3649  
116  213  3  3601  3631  3655  
121  132  2  3601  3649  
129  99  1  3649  
136  94  1  3649  
158  93  1  3649  
164  334  2  3601  3649  
173  79  1  3649  
224  41  1  3649  
251  31  1  3674  
263  76  1  3649  
272  71  1  3649  
273  35  2  3601  3631  
288  244  3  3601  3629  3653  
290  142  1  3601  
293  321  3  3601  3652  3681  
297  77  1  3649  
299  140  1  3649  
301  199  1  3652  
307  25  1  3649  
317  46  1  3649  
345  14  1  3601  
350  117  1  3601  
372  42  1  3649  
384  145  1  3649  
401  79  1  3674  
408  157  2  3649  3665  
422  15  1  3649  
431  732  8  3601  3629  3631  3649  3652  3653  3656  3674  
455  6  1  3649  
494  142  1  3649  
528  30  1  3653  
530  34  2  3652  3681  
548  214  2  3649  3680  
560  2  1  3687  
578  150  2  3649  3653  
581  25  1  3649  
587  46  1  3649  
606  158  1  3652  
610  19  1  3649  
617  1  1  3661  
629  47  1  3637  
635  118  2  3601  3629  
637  100  2  3649  3656  
661  264  1  3649  
676  232  4  3649  3656  3674  3680  
680  93  1  3656  
686  66  1  3649  
698  50  1  3601  
699  68  1  3601  
702  773  10  3601  3629  3631  3652  3653  3655  3656  3665  3674  3681  
719  224  2  3601  3631  
723  113  1  3601  
724  317  2  3649  3652  
725  41  1  3649  
729  60  1  3649  
746  272  4  3601  3653  3655  3665  
758  165  7  3601  3639  3644  3649  3655  3663  3668  
771  61  1  3656  
772  30  1  3665  
781  39  2  3601  3649  
783  99  1  3601  
785  91  3  3632  3649  3668  
793  97  1  3637  
807  122  5  3601  3629  3652  3656  3663  
822  26  1  3649  
866  30  1  3629  
869  110  1  3652  
888  16  1  3649  
895  36  2  3601  3649  
903  47  1  3668  
909  292  2  3631  3649  
915  45  1  3631  
917  297  1  3665  
923  18  1  3680  
926  138  1  3649  
928  8  1  3649  
951  39  1  3649  
955  86  1  3649  
972  196  3  3601  3649  3668  
977  156  1  3629  
980  7  1  3629  
987  95  1  3674  
988  74  1  3665  
1009  305  1  3649  
1022  60  1  3674  
1037  57  2  3649  3656  
1038  399  11  3601  3629  3649  3652  3653  3656  3659  3663  3665  3674  3681  
1041  135  1  3653  
1048  7  1  3649  
1053  8  1  3629  
1054  472  6  3601  3629  3649  3656  3674  3680  
1065  13  1  3649  
1066  599  7  3601  3629  3649  3652  3653  3668  3674  
1067  158  1  3601  
1084  79  3  3629  3649  3652  
1093  31  1  3649  
1100  107  1  3601  
1104  61  1  3649  
1110  218  2  3601  3649  
1111  79  1  3663  
1174  124  1  3631  
1180  65  1  3665  
1197  290  4  3655  3663  3665  3694  
1243  30  1  3601  
1248  18  1  3649  
1250  22  1  3656  
1256  33  2  3655  3663  
1261  462  4  3601  3649  3665  3680  
1271  37  2  3637  3661  
1272  35  2  3649  3680  
1312  183  1  3665  
1354  156  1  3631  
1355  72  1  3649  
1357  91  1  3680  
1372  157  4  3637  3649  3652  3655  
1376  210  2  3652  3680  
1386  41  1  3601  
1400  99  1  3665  
1401  139  4  3601  3629  3630  3681  
1416  68  2  3629  3637  
1417  81  2  3637  3649  
1421  244  5  3601  3629  3630  3649  3655  
1427  587  7  3627  3629  3631  3637  3649  3653  3665  
1428  42  1  3637  
1430  81  2  3639  3649  
1470  29  3  3630  3655  3665  
1481  355  4  3629  3637  3649  3674  
1487  73  1  3649  
1494  80  1  3681  
1496  39  1  3649  
1515  48  1  3601  
1518  19  2  3649  3681  
1532  66  1  3649  
1561  50  1  3655  
1570  93  1  3601  
1571  112  3  3649  3653  3680  
1576  34  1  3665  
1586  96  2  3601  3649  
1597  19  1  3649  
1598  45  2  3601  3649  
1602  55  2  3649  3655  
1616  76  3  3601  3631  3649  
1617  68  1  3637  
1618  35  1  3637  
1629  47  1  3674  
1634  97  1  3649  
1636  67  2  3652  3655  
1639  141  3  3620  3637  3639  
1659  44  1  3655  
1663  48  2  3655  3668  
1671  129  1  3601  
1676  41  5  3629  3637  3639  3663  3681  
1683  49  1  3674  
1697  57  2  3631  3694  
1714  3  2  3649  3680  
1741  36  2  3655  3665  
1744  36  2  3601  3637  
1749  51  1  3649  
1768  20  1  3681  
1795  15  1  3645  
1811  18  1  3665  
1817  181  3  3653  3655  3665  
1828  7  1  3629  
1830  17  1  3649  
1834  36  1  3674  
1843  39  1  3601  
1845  63  1  3649  
1850  63  1  3649  
1933  45  1  3601  
1939  47  2  3637  3656  
1943  7  1  3681  
1947  23  1  3649  
1948  113  1  3649  
1956  44  1  3661  
1962  146  1  3649  
1970  23  2  3649  3663  
1971  145  1  3649  
1994  29  1  3649  
2030  17  1  3631  
2042  15  1  3680  
2045  28  1  3649  
2050  66  1  3601  
2056  241  4  3629  3652  3656  3681  
2059  108  3  3601  3649  3674  
2073  247  7  3605  3649  3653  3659  3663  3665  3687  
2075  95  3  3629  3649  3655  
2102  120  4  3605  3629  3637  3694  
2109  164  4  3601  3631  3637  3665  
2110  48  1  3645  
2111  67  2  3639  3656  
2118  7  1  3639  
2134  111  1  3629  
2137  252  9  3601  3629  3631  3637  3639  3645  3655  3665  3668  
2138  215  4  3637  3649  3655  3674  
2165  57  3  3629  3637  3655  
2172  14  1  3649  
2173  77  4  3631  3637  3645  3680  
2177  189  2  3601  3649  
2186  45  1  3631  
2188  71  3  3601  3631  3649  
2190  72  2  3601  3649  
2204  62  1  3601  
2215  34  1  3680  
2216  141  4  3629  3637  3639  3663  
2240  50  1  3601  
2244  6  1  3649  
2252  42  1  3649  
2256  31  1  3649  
2273  142  6  3631  3637  3663  3665  3668  3687  
2283  324  6  3629  3631  3649  3652  3665  3680  
2285  21  1  3681  
2301  100  3  3639  3649  3655  
2303  46  3  3629  3631  3665  
2313  44  1  3601  
2329  47  3  3601  3652  3656  
2335  93  2  3601  3631  
2340  105  2  3601  3637  
2342  70  1  3649  
2350  82  1  3663  
2351  180  3  3630  3637  3656  
2356  893  17  3601  3629  3631  3637  3639  3645  3649  3652  3655  3656  3663  3665  3668  3674  3680  3681  3694  
2363  7  1  3663  
2367  146  4  3649  3674  3680  3681  
2376  60  4  3601  3631  3637  3649  
2383  45  1  3637  
2384  49  2  3644  3661  
2397  7  1  3649  
2399  25  1  3601  
2403  22  1  3649  
2404  53  2  3600  3632  
2408  108  3  3629  3630  3649  
2436  269  8  3631  3644  3649  3655  3659  3663  3665  3681  
2438  113  1  3655  
2439  104  2  3631  3637  
2440  49  2  3649  3652  
2443  307  8  3601  3629  3637  3649  3656  3659  3680  3681  
2444  12  1  3639  
2445  164  1  3656  
2451  126  1  3653  
2458  103  2  3632  3637  
2469  156  1  3653  
2471  618  9  3601  3629  3630  3631  3637  3649  3653  3656  3665  
2474  44  1  3601  
2476  149  1  3649  
2480  45  1  3665  
2482  74  2  3652  3655  
2483  168  6  3629  3639  3645  3655  3665  3694  
2485  80  1  3601  
2490  103  4  3649  3655  3665  3694  
2491  9  1  3649  
2494  200  8  3605  3629  3631  3637  3655  3663  3665  3694  
2520  25  1  3637  
2521  79  2  3637  3663  
2546  46  3  3601  3665  3680  
2559  4  1  3681  
2562  173  1  3605  
2564  18  2  3601  3652  
2567  8  1  3649  
2574  16  1  3665  
2576  5  1  3649  
2579  19  1  3649  
2587  43  1  3637  
2596  50  1  3649  
2604  124  2  3629  3637  
2613  44  1  3649  
2620  139  12  3601  3605  3629  3639  3644  3645  3649  3655  3656  3663  3665  3694  
2632  282  11  3629  3631  3637  3639  3644  3649  3655  3661  3663  3665  3694  
2633  87  8  3629  3637  3639  3645  3655  3663  3665  3694  
2641  28  1  3677  
2666  57  1  3601  
2668  33  1  3649  
2685  62  2  3601  3674  
2691  123  2  3661  3665  
2696  10  1  3655  
2700  19  1  3601  
2712  70  5  3629  3631  3637  3655  3665  
2715  238  12  3601  3629  3631  3637  3639  3649  3652  3655  3656  3665  3693  3694  
2720  357  10  3630  3644  3645  3649  3652  3655  3656  3659  3665  3668  
2722  15  1  3663  
2724  7  1  3649  
2729  44  2  3649  3655  
2735  55  1  3653  
2751  28  1  3637  
2761  44  1  3649  
2767  7  1  3680  
2772  175  5  3629  3639  3645  3655  3663  
2773  39  1  3601  
2774  189  3  3600  3629  3687  
2778  216  2  3631  3674  
2780  38  1  3649  
2802  48  1  3680  
2813  34  1  3655  
2827  37  1  3649  
2831  81  1  3649  
2847  9  1  3652  
2853  5  1  3649  
2874  2  1  3629  
2877  88  2  3637  3652  
2880  6  1  3665  
2881  26  2  3629  3665  
2899  79  3  3631  3637  3694  
2905  41  1  3637  
2919  56  2  3629  3637  
2924  4  1  3637  
2936  41  1  3601  
2937  3  1  3649  
2964  28  1  3680  
2978  37  2  3629  3665  
2981  19  1  3629  
2983  95  4  3629  3631  3649  3665  
2994  3  1  3649  
2999  69  2  3649  3674  
3001  79  5  3629  3637  3639  3663  3665  
3011  36  2  3649  3652  
3012  58  2  3629  3631  
3017  51  1  3680  
3060  25  1  3649  
3062  55  1  3656  
3064  273  13  3601  3620  3629  3631  3637  3639  3649  3652  3655  3663  3665  3668  3694  
3076  63  1  3601  
3084  43  1  3600  
3087  41  1  3665  
3100  33  1  3605  
3102  156  4  3600  3629  3637  3645  
3110  122  4  3629  3637  3649  3656  
3112  89  1  3653  
3122  30  1  3649  
3133  4  1  3620  
3137  88  4  3629  3637  3639  3694  
3142  21  1  3629  
3144  271  6  3629  3649  3652  3653  3656  3674  
3146  314  7  3601  3629  3649  3652  3653  3656  3681  
3147  27  3  3601  3629  3681  
3148  98  3  3652  3655  3665  
3149  131  1  3652  
3150  319  8  3629  3649  3652  3653  3656  3674  3677  3681  
3151  148  10  3601  3629  3631  3649  3652  3655  3656  3661  3668  3681  
3152  68  2  3656  3681  
3153  241  5  3629  3653  3656  3659  3681  
3155  69  3  3601  3653  3665  
3156  92  2  3601  3653  
3158  101  6  3629  3649  3652  3656  3665  3681  
3159  54  5  3629  3649  3652  3656  3681  
3160  56  3  3629  3652  3681  
3163  17  1  3649  
3168  2  1  3649  
3169  15  1  3649  
3172  53  3  3605  3637  3639  
3174  102  5  3631  3649  3652  3653  3674  
3181  16  1  3665  
3191  114  2  3649  3652  
3209  71  2  3601  3656  
3226  81  5  3629  3637  3639  3661  3665  
3227  5  1  3629  
3245  40  1  3637  
3250  18  1  3655  
3251  147  13  3629  3631  3637  3644  3652  3655  3659  3661  3663  3665  3681  3687  3694  
3252  42  2  3637  3655  
3264  156  2  3649  3674  
3270  26  1  3649  
3278  52  1  3649  
3280  12  1  3656  
3284  24  1  3649  
3289  205  5  3631  3649  3665  3674  3677  
3290  144  7  3605  3620  3631  3639  3655  3656  3665  
3299  64  5  3620  3637  3639  3645  3655  
3300  4  1  3631  
3303  32  1  3637  
3304  91  3  3629  3639  3649  
3306  48  3  3629  3631  3637  
3307  82  1  3601  
3308  63  2  3605  3631  
3314  212  4  3637  3649  3656  3674  
3315  362  4  3601  3649  3653  3674  
3316  44  1  3653  
3317  40  1  3637  
3318  9  1  3637  
3328  3  1  3681  
3332  87  5  3631  3637  3649  3663  3694  
3333  36  1  3655  
3338  144  5  3601  3629  3649  3665  3687  
3353  75  3  3605  3639  3694  
3354  6  1  3649  
3362  95  3  3629  3649  3656  
3379  7  1  3649  
3383  15  3  3655  3665  3668  
3387  14  2  3631  3637  
3388  11  1  3644  
3391  93  7  3631  3637  3639  3645  3655  3663  3665  
3395  85  2  3601  3649  
3402  3  1  3601  
3408  30  1  3681  
3409  4  1  3649  
3428  22  1  3649  
3432  12  1  3600  
3442  99  2  3631  3649  
3443  232  5  3601  3629  3649  3652  3665  
3449  113  2  3601  3652  
3451  23  1  3663  
3457  5  1  3637  
3459  45  1  3653  
3465  53  11  3601  3629  3630  3637  3639  3645  3655  3661  3663  3681  3694  
3466  94  6  3630  3639  3645  3649  3665  3694  
3467  47  8  3637  3639  3644  3645  3655  3663  3665  3694  
3468  20  3  3629  3637  3639  
3471  10  1  3631  
3483  35  3  3649  3652  3656  
3492  8  1  3629  
3498  82  1  3652  
3499  6  1  3629  
3514  13  1  3601  
3536  43  2  3601  3629  
3544  33  2  3601  3649  
3548  42  1  3653  
3564  4  1  3665  
3577  26  1  3631  
3578  30  6  3605  3629  3637  3655  3665  3668  
3583  85  7  3601  3605  3629  3639  3645  3656  3681  
3585  15  1  3681  
3587  23  1  3653  
3588  16  3  3629  3637  3639  
3592  89  3  3601  3674  3680  
3596  90  2  3649  3652  
3599  33  1  3665  
3601  145  2  3649  3652  
3602  14  1  3644  
3604  3  1  3629  
3607  20  1  3649  
3609  2  1  3649  
3610  32  2  3637  3649  
3615  7  1  3639  
3617  57  1  3653  
3622  28  4  3601  3637  3649  3652  
3625  15  1  3655  
3628  1  1  3629  
3631  21  1  3632  
3635  2  2  3637  3639  
3636  6  1  3637  
3638  3  1  3639  
3646  4  1  3655  
3648  147  2  3649  3694  
3650  1  1  3655  
3651  9  2  3655  3665  
3652  104  4  3601  3629  3649  3655  
3653  68  1  3655  
3654  21  3  3631  3655  3665  
3656  89  5  3601  3629  3652  3659  3687  
3657  257  5  3649  3652  3653  3659  3681  
3658  89  4  3629  3649  3652  3659  
3660  1  1  3661  
3662  1  1  3663  
3666  23  1  3665  
3672  27  1  3681  
3674  131  4  3629  3631  3665  3681  
3679  111  1  3656  
3682  115  2  3653  3677  
3683  33  1  3629  
3685  86  3  3601  3631  3649  
3686  77  1  3656  
3688  4  1  3665  
3692  1  1  3693  
3704  155  1  3653  
3715  12  1  3649  
3721  25  2  3631  3681  
3722  50  1  3649  
3723  2  1  3665  
3725  41  4  3601  3629  3652  3656  
3734  26  2  3601  3631  
3736  64  1  3631  
3742  76  3  3601  3649  3674  
3748  16  1  3601  
3749  84  3  3629  3652  3681  
3750  43  2  3629  3656  
3753  5  1  3665  
3756  2  1  3665  
3758  1  1  3665  
3759  1  1  3665  
3778  9  1  3649  
3786  7  1  3631  
3789  5  1  3652  
3794  5  1  3649  
3800  65  2  3649  3652  
3801  53  1  3652  
3808  112  5  3601  3629  3649  3652  3656  
3809  3  1  3601  
3810  42  1  3649  
3811  41  1  3601  
3812  7  1  3601  
3813  17  1  3652  
3837  5  1  3652  
3844  24  2  3652  3681  
3848  11  1  3652  
3855  52  1  3653  
3860  6  1  3649  
3866  4  1  3649  
3879  278  4  3601  3649  3653  3680  
3885  8  1  3629  
3906  40  1  3649  
3909  10  1  3649  
3914  55  1  3649  
3919  80  3  3601  3649  3680  
3928  22  1  3653  
3929  39  1  3649  
3939  11  1  3656  
3955  9  1  3652  
3957  5  2  3601  3652  
3971  17  1  3649  
3972  11  1  3649  
3975  15  1  3649  
3981  12  2  3649  3656  
3986  24  2  3629  3681  
3990  70  1  3629  
3991  6  1  3652  
3994  202  4  3601  3629  3649  3680  
4008  22  2  3649  3656  
4021  18  1  3629  
4034  7  1  3649  
4035  153  2  3649  3680  
4036  12  1  3652  
4038  31  1  3601  
4040  15  1  3649  
4071  19  1  3652  
4082  45  3  3649  3656  3681  
4083  100  1  3649  
4090  16  1  3653  
4096  33  2  3601  3681  
4102  40  1  3649  
4105  2  1  3681  
4112  9  1  3681  
4113  27  1  3681  
4114  11  1  3681  
4116  6  1  3649  
4122  71  1  3629  
4124  15  1  3653  
4137  7  1  3649  
4145  2  1  3649  
4150  4  2  3601  3649  
4152  228  5  3629  3649  3652  3653  3680  
4153  12  2  3629  3656  
4169  114  1  3653  
4175  19  1  3649  
4176  46  2  3649  3656  
4177  10  1  3649  
4180  24  1  3649  
4183  13  1  3649  
4192  20  1  3649  
4196  57  2  3601  3649  
4198  59  3  3649  3652  3656  
4217  25  1  3680  
4220  121  1  3649  
4226  46  1  3653  
4231  36  3  3649  3652  3656  
4248  38  1  3601  
4256  34  2  3601  3649  
4257  6  1  3652  
4263  53  1  3649  
4269  13  1  3652  
4285  62  1  3627  
4288  73  1  3649  
4293  1  1  3652  
4309  28  1  3656  
4319  168  1  3601  
4323  7  1  3649  
4324  6  1  3649  
4334  24  1  3649  
4370  3  1  3649  
4372  4  1  3649  
4378  7  1  3649  
4379  5  1  3656  
4380  79  2  3653  3656  
4384  169  1  3653  
4387  2  1  3649  
4388  2  1  3649  
4389  1  1  3649  
4390  2  1  3649  
4391  1  1  3649  
4392  2  1  3649  
4393  2  1  3649  
4394  1  1  3649  
4395  2  1  3649  
4396  1  1  3649  
4397  2  1  3649  
4398  6  1  3649  
4399  1  1  3649  
4400  1  1  3649  
4401  1  1  3649  
4402  1  1  3649  
4403  2  1  3649  
4404  1  1  3649  
4405  2  1  3649  
4406  3  1  3649  
4407  10  1  3649  
4408  2  1  3649  
4409  7  1  3649  
4410  1  1  3601  
4422  31  2  3649  3656  
4423  4  1  3656  
4424  1  1  3656  
4427  214  2  3601  3680  
4437  60  1  3649  
4440  361  4  3627  3649  3653  3674  
4448  23  2  3601  3653  
4453  53  1  3649  
4470  115  2  3649  3653  
4474  27  1  3677  
4476  4  1  3649  
4481  10  1  3680  
4485  139  2  3601  3677  
4486  172  1  3674  
4489  43  1  3649  
4509  52  1  3649  
4531  271  3  3601  3653  3674  
4551  54  2  3649  3653  
4552  127  2  3649  3680  
4555  33  1  3649  
4557  84  1  3601  
4569  69  3  3649  3653  3674  
4571  54  1  3649  
4582  11  1  3601  
4583  51  1  3649  
4604  48  2  3649  3680  
4606  41  1  3653  
4608  122  1  3649  
4609  6  1  3653  
4611  139  1  3653  
4612  101  1  3601  
4614  217  3  3649  3653  3680  
4615  49  1  3653  
4619  68  1  3653  
4620  152  1  3674  
4623  211  2  3649  3674  
4624  312  2  3601  3649  
4656  17  1  3649  
4663  24  1  3680  
4672  44  1  3653  
4685  75  1  3653  
4729  11  1  3649  
4745  10  1  3601  
4780  17  1  3649  
4797  8  1  3653  
4817  37  2  3601  3653  
4826  26  1  3653  
4840  44  1  3653  
4855  8  1  3653  
4860  28  1  3649  
4865  22  1  3653  
4866  21  1  3649  
4868  30  1  3680  
4870  12  1  3680  
4901  389  3  3649  3674  3680  
4906  39  1  3680  
4908  243  3  3601  3649  3674  
4909  26  1  3601  
4911  14  1  3601  
4919  137  3  3649  3653  3674  
4923  10  1  3649  
4924  11  1  3649  
4927  46  2  3649  3680  
4951  105  2  3649  3674  
4957  5  1  3649  
4979  7  1  3649  
4980  3  1  3649  
4981  15  1  3649  
4982  22  1  3601  
5000  2  1  3601  
5002  21  1  3601  
5005  8  1  3601  
5012  139  2  3601  3627  
5038  18  1  3601  
5051  230  3  3601  3649  3674  
5065  44  1  3653  
5069  10  1  3649  
5080  45  1  3601  
5100  4  1  3653  
5110  75  1  3649  
5112  42  2  3649  3680  
5118  23  1  3653  
5122  32  1  3653  
5129  191  3  3649  3653  3674  
5133  222  2  3649  3674  
5135  385  3  3649  3674  3680  
5139  83  1  3649  
5143  29  1  3649  
5147  144  1  3649  
5149  84  1  3649  
5150  75  1  3601  
5152  61  1  3653  
5154  22  1  3674  
5157  41  1  3649  
5182  92  2  3601  3653  
5186  24  1  3601  
5191  50  1  3601  
5210  2  1  3649  
5222  5  3  3601  3649  3653  
5223  2  1  3601  
5224  52  2  3601  3680  
5225  9  1  3601  
5226  1  1  3601  
5227  2  1  3649  
5229  4  1  3649  
5231  3  1  3649  
5235  10  1  3649  
5241  42  1  3674  
5267  3  1  3649  
5276  1  1  3653  
5290  3  1  3649  
5295  20  1  3649  
5302  68  1  3649  
5309  10  1  3680  
5317  17  1  3649  
5323  1  1  3653  
5324  2  1  3653  
5325  80  3  3649  3653  3680  
5326  1  1  3653  
5327  1  1  3653  
5328  1  1  3653  
5329  1  1  3653  
5330  1  1  3653  
5359  32  1  3649  
5363  54  1  3649  
5372  18  1  3674  
5398  3  1  3649  
5423  13  1  3649  
5430  3  1  3649  
5444  7  1  3674  
5462  6  1  3649  
5464  3  1  3649  
5476  31  1  3674  
5477  53  1  3649  
5480  31  2  3649  3680  
5488  19  1  3649  
5519  88  2  3627  3649  
5546  190  1  3649  
5554  19  1  3649  
5563  108  1  3649  
5582  81  2  3649  3674  
5583  35  1  3649  
5617  21  1  3649  
5639  70  2  3649  3680  
5641  7  1  3649  
5653  28  1  3649  
5670  13  1  3649  
5684  101  2  3674  3680  
5711  33  1  3649  
5734  10  1  3680  
5737  29  1  3680  
5743  58  1  3649  
5772  177  2  3649  3680  
5783  18  1  3674  
5787  9  1  3649  
5788  2  1  3649  
5789  160  1  3649  
5790  18  1  3649  
5792  91  1  3649  
5794  93  1  3649  
5798  135  2  3649  3680  
5801  50  1  3674  
5808  2  1  3649  
5812  2  1  3649  
5815  4  1  3649  
5818  26  1  3649  
5831  29  1  3674  
5900  4  1  3649  
5929  6  1  3680  
5970  2  1  3649  
5989  11  1  3649  
5993  2  1  3649  
5995  19  1  3627  
6010  19  1  3649  
6011  7  1  3649  
6019  31  1  3649  
6021  28  1  3649  
6025  49  1  3649  
6026  191  2  3649  3680  
6032  44  1  3649  
6035  54  1  3649  
6049  65  2  3627  3649  
6054  57  1  3649  
6077  6  1  3627  
6080  10  1  3649  
6081  41  1  3649  
6094  81  1  3680  
6106  13  1  3649  
6147  161  2  3649  3680  
6152  142  1  3680  
6157  118  2  3649  3680  
6175  123  2  3649  3680  
6180  93  2  3649  3680  
6186  15  1  3649  
6201  7  1  3649  
6208  1  1  3649  
6209  1  1  3649  
6210  3  1  3649  
6211  2  1  3649  
6212  2  1  3649  
6213  11  1  3649  
6214  2  1  3649  
6215  24  1  3649  
6216  30  1  3649  
6217  1  1  3649  
6218  3  1  3649  
6219  1  1  3649  
6220  2  1  3649  
6221  1  1  3649  
6222  2  1  3649  
6223  3  1  3649  
6224  1  1  3649  
6259  4  1  3649  
6260  2  1  3649  
6275  8  1  3649  
6294  47  1  3680  
6300  101  1  3680  
6317  4  1  3649  
6329  3  1  3649  
6335  89  1  3680  
6349  13  1  3680  
6355  27  1  3680  
6405  38  1  3649  
6425  18  1  3649  
6436  9  1  3649  
6439  4  1  3649  
6440  7  1  3649  
6462  3  1  3649  
6509  16  1  3649  
6515  3  1  3649  
6542  31  1  3649  
6552  28  2  3649  3680  
6565  4  1  3649  
6624  12  1  3649  
6627  36  1  3649  
6635  19  1  3680  
6652  4  1  3680  
6657  30  2  3649  3680  
6662  45  1  3649  
6671  13  1  3649  
6672  50  1  3649  
6693  19  1  3680  
6698  35  1  3649  
6723  12  1  3649  
6730  23  1  3680  
6765  11  1  3649  
6775  6  1  3680  
6776  4  1  3680  
6778  6  1  3649  
6785  6  1  3649  
6796  27  1  3649  
6797  30  1  3649  
6799  4  1  3649  
6802  10  1  3649  
6822  4  1  3649  
6826  4  1  3649  
6871  2  1  3649  
6886  7  1  3649  
6923  5  1  3649  
6928  3  1  3649  
6951  5  1  3649  
6957  1  1  3649  
6958  1  1  3649  
6959  1  1  3649  
6960  1  1  3649  
6961  1  1  3649  
6962  1  1  3649  
6963  1  1  3649  
6964  1  1  3649  
6965  1  1  3649  
6966  13  1  3649  
6967  1  1  3649  
6968  1  1  3649  
6969  1  1  3649  
6970  2  1  3649  
6971  2  1  3649  
6972  1  1  3649  
6973  1  1  3649  
