1  29  1  603  
3  302  16  600  603  608  611  615  631  634  640  643  656  662  669  672  678  679  697  
5  182  25  600  601  602  603  607  608  610  611  615  616  617  619  622  627  645  654  658  662  664  678  679  686  693  696  697  
6  81  5  602  607  654  672  693  
7  86  25  600  601  602  603  607  608  610  611  615  617  622  640  645  654  658  664  678  679  681  684  685  687  693  696  697  
8  743  39  602  603  607  610  611  615  616  617  619  622  625  627  634  640  644  645  646  649  654  656  658  661  662  664  669  672  678  679  681  682  684  685  686  687  693  696  697  698  699  
9  65  9  606  611  617  619  637  645  664  685  693  
11  114  2  600  608  
12  50  4  610  676  693  698  
13  15  1  686  
14  45  7  600  602  610  617  678  687  693  
17  187  18  600  601  602  610  615  617  619  622  637  640  643  645  646  661  662  684  686  693  
18  76  7  600  601  607  610  662  664  696  
20  74  11  600  607  610  613  615  616  640  645  654  664  696  
21  309  17  606  610  622  636  637  645  646  649  658  661  678  680  687  693  696  698  699  
22  90  10  603  607  610  615  617  636  645  662  678  693  
23  95  6  615  617  622  625  627  693  
24  102  16  600  607  610  611  613  615  622  625  627  640  658  676  679  681  684  685  
25  133  21  600  602  603  610  613  615  617  619  622  627  654  662  664  669  678  679  681  684  685  687  693  
26  150  21  600  603  608  610  611  613  615  616  619  622  625  640  643  654  658  661  669  672  678  693  697  
33  227  15  600  606  608  610  622  637  643  646  649  658  661  669  672  676  698  
34  20  2  600  698  
36  41  3  603  645  693  
38  30  2  622  693  
39  89  6  600  602  649  681  685  693  
43  59  6  600  607  622  643  654  686  
44  146  8  600  607  610  617  643  678  693  697  
45  21  1  607  
46  15  3  607  686  698  
48  24  4  600  678  687  693  
52  64  9  615  623  636  637  653  669  672  678  697  
53  24  2  687  698  
54  13  4  600  615  617  693  
56  94  3  662  672  699  
63  44  2  608  693  
64  17  1  693  
65  275  2  640  698  
66  109  2  645  698  
67  164  13  603  606  610  637  643  653  658  669  672  678  693  697  698  
69  69  4  608  623  649  686  
70  31  2  678  693  
72  25  1  640  
73  41  1  603  
74  53  5  603  637  643  672  693  
75  59  15  600  601  602  607  617  622  625  658  662  664  669  672  678  684  693  
81  122  8  616  636  658  672  687  693  697  698  
82  195  9  600  602  610  636  643  676  693  697  698  
84  29  2  623  693  
85  72  6  672  676  686  687  693  697  
89  80  7  600  603  606  611  654  678  693  
92  8  1  607  
95  16  2  693  697  
97  68  12  600  601  608  610  622  627  640  658  678  679  684  697  
98  30  2  607  610  
99  3  1  619  
104  95  13  600  602  608  610  613  616  619  623  644  661  669  672  682  
105  29  2  611  669  
107  89  4  626  661  682  698  
110  2  1  693  
115  9  1  603  
116  213  1  676  
119  29  3  643  649  669  
120  25  5  636  637  672  680  693  
121  132  4  600  640  676  698  
122  80  2  669  697  
124  13  3  600  601  672  
125  29  3  600  669  693  
128  7  1  600  
129  99  2  678  697  
131  72  11  600  603  606  611  615  622  658  662  669  684  686  
132  37  6  622  679  681  685  693  696  
135  25  2  623  640  
136  94  4  637  643  649  698  
138  18  1  656  
140  58  3  623  643  676  
142  28  1  676  
143  74  9  603  606  623  646  658  662  672  686  698  
144  21  4  600  608  610  619  
146  61  2  672  687  
149  44  8  606  636  637  643  646  681  693  698  
153  32  1  619  
156  8  1  619  
158  93  3  603  615  672  
160  9  2  606  680  
162  70  3  606  644  698  
163  123  5  681  682  693  697  698  
164  334  8  608  631  637  643  672  680  698  699  
167  39  1  649  
168  19  2  619  678  
169  63  6  615  643  658  662  669  679  
170  17  4  615  678  693  697  
171  54  1  619  
173  79  7  600  603  610  634  662  687  698  
176  37  8  601  602  607  645  672  678  696  697  
181  19  1  693  
182  21  2  600  672  
186  11  1  679  
190  21  4  622  644  645  696  
193  12  1  693  
194  12  2  602  603  
198  10  3  626  636  637  
204  100  3  606  625  627  
218  50  6  600  601  615  626  678  693  
219  23  4  608  676  678  680  
223  39  5  600  625  664  684  686  
224  41  1  684  
236  15  1  640  
238  8  1  658  
241  25  6  619  623  645  654  678  693  
242  86  25  600  601  602  603  610  611  615  617  619  622  637  645  658  662  664  669  678  679  681  684  685  686  693  696  699  
249  22  3  672  684  698  
251  31  5  617  619  640  676  685  
252  13  2  608  654  
255  30  3  637  643  669  
260  56  4  600  601  607  610  
263  76  5  610  619  637  658  678  
264  39  4  600  607  617  698  
267  6  1  699  
278  10  1  606  
286  79  8  623  636  643  653  679  680  697  699  
287  7  2  603  654  
288  244  35  600  603  607  610  613  615  617  619  622  623  625  627  637  640  643  645  646  653  654  658  661  662  669  672  678  679  680  681  684  685  686  687  693  696  698  
290  142  12  606  615  637  643  646  649  669  672  678  684  687  698  
292  230  22  603  608  616  619  623  626  637  643  646  649  658  662  664  669  672  678  680  685  686  693  696  699  
293  321  11  606  616  637  643  644  646  649  661  669  680  698  
294  227  40  600  601  602  607  610  611  613  615  616  617  619  622  623  625  626  627  631  636  637  640  643  644  645  646  649  654  658  661  662  664  669  672  678  680  681  684  686  687  693  697  
295  54  4  637  643  697  698  
297  77  9  603  606  615  616  619  669  679  680  686  
299  140  14  606  619  623  626  636  637  643  644  646  653  669  679  680  698  
301  199  15  600  603  613  615  617  643  645  664  669  672  678  679  684  686  698  
303  27  3  636  643  687  
306  14  4  643  678  680  684  
307  25  1  678  
311  6  1  672  
316  41  3  637  643  679  
317  46  1  676  
321  80  14  603  608  611  615  617  645  658  664  669  672  679  684  687  698  
322  30  2  600  606  
323  47  5  603  606  626  649  697  
325  4  1  600  
328  86  3  603  623  698  
330  21  4  608  626  637  643  
332  2  1  636  
333  11  1  672  
334  9  1  693  
335  6  1  625  
343  14  3  602  613  678  
345  14  1  600  
350  117  14  602  603  607  619  626  643  656  669  672  676  678  684  693  698  
355  37  2  637  645  
361  45  5  603  678  684  693  698  
364  11  1  693  
376  6  1  654  
377  12  1  626  
380  20  1  678  
382  19  3  602  619  637  
383  34  9  610  611  613  617  619  622  625  627  693  
384  145  6  615  636  637  661  698  699  
389  21  2  622  654  
391  3  1  600  
401  79  1  606  
408  157  12  607  608  617  631  637  640  654  658  661  662  681  686  
415  8  1  672  
431  732  9  606  636  637  646  661  676  679  698  699  
445  8  1  626  
453  3  1  678  
455  6  1  608  
458  14  1  678  
459  10  3  607  643  686  
466  4  1  678  
481  7  1  672  
493  24  1  649  
494  142  4  608  697  698  699  
497  4  1  653  
504  121  14  600  601  602  603  608  610  611  617  626  637  649  661  669  672  
508  8  3  685  687  696  
512  15  6  600  615  669  678  693  697  
522  5  1  615  
530  34  1  698  
531  26  2  676  698  
534  13  4  610  615  619  672  
535  18  1  643  
539  2  1  615  
540  12  1  601  
548  214  16  608  619  643  645  661  662  669  672  678  680  684  686  687  696  698  699  
551  8  2  664  684  
561  10  3  603  623  654  
562  35  17  600  601  607  611  615  617  619  625  627  634  640  658  678  687  693  696  697  
565  11  2  615  654  
567  14  4  615  669  678  679  
572  31  3  615  646  672  
577  55  6  600  643  645  684  686  696  
578  150  4  626  637  644  676  
579  66  9  600  603  608  643  649  653  661  669  679  
580  11  4  606  654  678  687  
581  25  2  680  698  
583  31  7  611  616  636  658  686  696  697  
585  2  1  626  
586  3  2  600  601  
587  46  9  615  654  658  664  672  684  686  687  693  
588  27  2  619  698  
589  16  2  603  645  
590  17  1  698  
591  32  1  678  
593  40  9  603  615  644  653  654  658  662  669  679  
594  98  10  601  606  610  619  623  640  653  672  685  698  
595  2  2  600  653  
596  2  1  600  
597  2  1  600  
598  1  1  600  
599  1  1  600  
602  6  2  607  610  
603  14  1  697  
604  2  1  602  
605  2  1  602  
606  158  25  607  610  617  619  623  625  636  637  640  643  646  649  654  658  664  669  676  678  681  684  687  693  696  697  698  
607  13  1  686  
608  7  1  610  
609  2  2  608  610  
610  19  1  608  
612  1  1  613  
614  1  1  615  
616  16  3  617  672  686  
618  1  1  619  
619  2  1  696  
620  1  1  622  
623  3  1  625  
624  1  1  625  
625  2  1  693  
626  83  3  606  627  649  
628  5  1  681  
629  47  1  686  
631  24  1  636  
633  1  1  634  
635  118  8  631  643  669  672  676  693  697  698  
636  6  1  653  
637  100  10  606  608  623  631  636  643  644  669  680  685  
638  11  1  608  
642  1  1  653  
643  81  5  606  615  653  662  698  
644  28  3  616  649  653  
645  95  7  603  606  649  653  679  685  697  
646  123  8  606  623  636  637  649  653  680  698  
647  51  3  636  646  653  
648  1  1  653  
649  105  7  606  626  637  643  646  653  698  
650  1  1  653  
651  19  1  653  
652  4  1  653  
654  23  1  658  
655  1  1  654  
656  1  1  654  
657  1  1  654  
658  4  2  654  662  
659  1  1  654  
660  1  1  654  
661  264  11  658  662  672  676  678  684  685  696  697  698  699  
662  1  1  658  
663  4  2  664  679  
664  6  1  686  
665  2  2  678  693  
666  32  3  608  676  678  
667  5  3  645  678  693  
668  1  1  678  
669  34  7  636  643  672  678  681  686  687  
670  1  1  678  
671  4  1  678  
672  8  1  678  
673  1  1  678  
674  1  1  678  
676  232  2  603  678  
677  8  2  678  685  
680  93  8  603  606  623  637  643  646  661  698  
682  1  1  684  
683  2  2  684  687  
686  66  3  637  669  687  
688  1  1  693  
689  1  1  693  
690  1  1  693  
691  2  1  693  
692  1  1  693  
694  2  1  696  
695  77  6  603  643  669  696  698  699  
698  50  5  603  606  631  637  643  
699  68  2  608  672  
700  34  1  698  
702  773  8  603  615  645  661  676  679  686  698  
705  146  5  646  649  661  680  686  
716  8  1  615  
717  9  4  603  615  619  686  
719  224  8  606  608  637  643  644  646  649  698  
723  113  8  636  637  644  646  672  680  697  698  
724  317  11  606  615  637  643  644  649  656  661  669  686  698  
726  2  1  672  
728  18  1  662  
729  60  2  643  662  
730  6  1  680  
735  6  3  603  608  686  
737  6  1  603  
738  6  1  686  
739  90  3  643  649  686  
743  34  2  643  644  
746  272  6  631  643  661  672  698  699  
749  29  2  680  699  
756  15  3  619  626  637  
757  2  1  619  
758  165  1  676  
759  249  2  608  697  
766  26  2  608  699  
768  36  1  669  
774  45  3  606  623  669  
781  39  1  698  
782  16  3  606  616  637  
783  99  1  698  
788  8  1  669  
789  16  2  646  698  
793  97  6  606  608  623  644  669  698  
797  11  1  616  
798  38  4  616  669  672  697  
799  59  3  637  649  656  
800  29  1  626  
801  5  1  669  
807  122  1  676  
811  3  1  669  
821  6  1  679  
822  26  2  636  679  
824  10  1  698  
829  119  2  697  699  
832  9  2  643  672  
836  27  2  637  643  
837  9  1  623  
840  7  1  698  
843  17  2  608  699  
846  6  1  697  
847  149  5  631  649  697  698  699  
852  21  1  698  
855  2  1  608  
856  1  1  608  
857  18  1  643  
861  46  1  623  
863  1  1  623  
864  80  3  623  631  637  
869  110  7  606  637  643  646  661  682  698  
870  27  2  637  676  
875  34  1  680  
877  42  6  606  626  636  637  661  680  
881  22  3  606  636  637  
888  16  2  637  680  
892  72  3  606  649  698  
895  36  1  698  
899  65  1  697  
902  16  3  636  637  643  
903  47  2  606  644  
905  7  1  643  
906  6  1  643  
907  77  2  643  661  
909  292  3  661  676  698  
914  238  5  606  637  661  697  698  
915  45  7  606  636  637  646  649  680  698  
917  297  2  661  698  
918  30  4  606  626  636  637  
923  18  1  606  
926  138  3  626  636  698  
929  44  1  646  
933  23  1  698  
941  14  1  606  
942  9  2  661  680  
943  41  1  637  
946  6  1  637  
947  7  1  637  
948  135  8  626  631  637  644  646  680  697  698  
951  39  1  606  
954  12  1  680  
955  86  3  626  661  697  
956  6  2  646  649  
961  21  2  698  699  
964  24  2  606  649  
968  44  1  637  
969  46  1  698  
972  196  5  631  637  676  697  698  
977  156  6  606  644  646  649  661  699  
987  95  1  626  
988  74  3  608  626  699  
998  8  1  608  
1008  88  2  676  698  
1009  305  1  661  
1022  60  1  661  
1025  39  4  606  608  644  649  
1029  20  1  636  
1030  37  3  606  636  676  
1031  2  1  636  
1032  62  2  608  631  
1034  62  3  631  697  698  
1037  57  1  608  
1038  399  4  606  676  697  698  
1040  115  2  649  661  
1041  135  1  699  
1046  48  2  644  698  
1050  1  1  606  
1051  3  1  606  
1054  472  5  661  676  697  698  699  
1058  4  1  698  
1064  39  2  608  697  
1066  599  6  608  676  679  697  698  699  
1067  158  3  649  656  698  
1085  43  2  608  698  
1093  31  1  698  
1096  9  1  676  
1102  66  1  661  
1104  61  1  649  
1110  218  4  661  676  698  699  
1111  79  4  608  649  697  698  
1115  65  1  698  
1129  33  2  649  699  
1132  14  1  697  
1134  20  2  656  698  
1135  103  1  699  
1146  77  1  698  
1150  51  2  656  697  
1158  8  1  699  
1162  61  3  608  661  699  
1173  69  2  649  656  
1174  124  3  649  656  698  
1180  65  1  676  
1182  16  1  698  
1189  76  2  649  698  
1197  290  2  631  698  
1211  181  3  631  656  698  
1214  12  1  649  
1220  2  1  608  
1227  62  2  697  698  
1228  8  1  608  
1232  3  1  608  
1240  117  1  699  
1242  121  3  656  697  699  
1247  91  1  698  
1250  22  2  698  699  
1260  4  1  698  
1261  462  3  608  676  698  
1265  14  1  698  
1267  63  2  656  698  
1271  37  1  698  
1273  61  2  697  699  
1277  32  1  698  
1282  199  3  661  698  699  
1304  12  1  697  
1312  183  1  608  
1325  41  1  697  
1347  26  1  698  
1352  20  1  698  
1354  156  2  676  698  
1355  72  1  698  
1357  91  2  608  699  
1361  44  1  699  
1368  117  1  699  
1372  157  2  631  699  
1376  210  3  661  698  699  
1378  6  1  698  
1380  48  1  676  
1381  38  1  698  
1401  139  3  679  698  699  
1404  35  2  608  699  
1416  68  2  676  698  
1417  81  1  631  
1421  244  3  661  676  698  
1425  28  1  661  
1427  587  5  661  676  697  698  699  
1430  81  1  697  
1443  46  2  679  697  
1458  87  1  698  
1460  102  1  698  
1468  114  2  698  699  
1478  10  1  631  
1481  355  5  608  676  697  698  699  
1486  15  1  699  
1487  73  3  608  698  699  
1488  162  3  608  697  699  
1496  39  2  676  697  
1515  48  2  676  698  
1538  55  1  676  
1567  70  1  698  
1570  93  1  698  
1571  112  1  676  
1586  96  3  608  661  698  
1591  14  1  676  
1598  45  1  698  
1618  35  1  608  
1621  23  1  698  
1623  89  3  661  682  699  
1633  27  1  661  
1634  97  1  698  
1639  141  1  699  
1648  57  1  697  
1656  31  1  697  
1666  19  1  698  
1671  129  2  661  698  
1674  43  2  661  698  
1677  105  2  676  698  
1680  90  1  698  
1683  49  2  676  699  
1694  73  1  698  
1695  16  1  661  
1697  57  1  697  
1705  47  1  697  
1706  16  1  698  
1738  44  1  698  
1740  2  1  699  
1744  36  1  698  
1750  1  1  699  
1769  112  1  608  
1772  204  2  679  698  
1775  22  1  698  
1777  2  1  608  
1812  31  1  608  
1813  2  1  608  
1823  2  1  698  
1829  56  1  698  
1830  17  1  697  
1841  88  2  608  697  
1845  63  1  698  
1849  1  1  608  
1850  63  2  608  698  
1851  27  1  608  
1852  3  1  608  
1853  3  1  608  
1854  1  1  608  
1855  10  1  608  
1856  1  1  608  
1857  13  1  608  
1858  1  1  608  
1859  2  1  608  
1860  1  1  608  
1861  1  1  608  
1862  1  1  608  
1863  1  1  608  
1864  1  1  608  
1865  1  1  608  
1866  1  1  608  
1867  1  1  608  
1869  2  1  608  
1870  1  1  608  
1871  1  1  608  
1872  1  1  608  
1873  22  1  608  
1874  1  1  608  
1875  1  1  608  
1876  2  1  608  
1877  8  1  608  
1878  5  1  608  
1879  1  1  608  
1881  2  1  608  
1882  2  1  608  
1883  1  1  608  
1898  121  2  661  697  
1908  121  1  661  
1933  45  1  698  
1936  11  1  697  
1939  47  1  698  
1940  3  1  698  
1948  113  1  676  
1950  122  1  676  
1960  129  1  661  
1962  146  3  676  679  698  
1970  23  1  676  
1971  145  1  676  
1981  41  2  697  698  
1984  26  2  697  698  
1985  3  1  697  
1986  2  1  697  
1987  1  1  697  
1998  17  1  698  
2008  61  1  679  
2048  143  1  698  
2049  49  1  682  
2050  66  1  682  
2055  75  1  698  
2056  241  2  676  698  
2059  108  1  676  
2072  31  1  661  
2073  247  1  679  
2074  49  1  676  
2075  95  1  698  
2089  48  2  661  682  
2109  164  1  676  
2134  111  1  676  
2137  252  1  698  
2138  215  2  661  682  
2172  14  1  698  
2173  77  1  698  
2177  189  1  676  
2179  124  2  661  698  
2183  49  2  679  698  
2186  45  1  698  
2188  71  1  698  
2193  66  2  676  698  
2213  4  1  661  
2215  34  1  676  
2221  37  1  698  
2240  50  1  676  
2273  142  2  676  698  
2283  324  2  676  698  
2301  100  2  676  698  
2334  37  1  698  
2340  105  1  698  
2342  70  1  698  
2350  82  1  698  
2355  50  1  676  
2356  893  2  676  698  
2357  32  1  698  
2376  60  1  698  
2383  45  1  676  
2388  9  1  698  
2398  29  1  676  
2399  25  2  676  698  
2404  53  1  698  
2408  108  2  676  679  
2436  269  2  676  698  
2438  113  1  676  
2439  104  1  698  
2440  49  1  698  
2443  307  1  698  
2445  164  2  676  698  
2451  126  1  676  
2469  156  1  698  
2471  618  2  676  698  
2472  38  1  676  
2476  149  1  676  
2479  64  2  676  698  
2493  13  1  698  
2506  33  1  676  
2534  3  1  698  
2537  29  1  698  
2550  22  1  698  
2562  173  2  679  698  
2587  43  2  676  698  
2596  50  1  698  
2613  44  1  676  
2620  139  2  679  698  
2632  282  2  676  698  
2633  87  1  698  
2647  14  1  676  
2666  57  1  676  
2685  62  1  698  
2691  123  1  698  
2697  26  1  698  
2715  238  1  698  
2716  55  1  698  
2720  357  1  676  
2722  15  1  698  
2729  44  1  676  
2735  55  1  676  
2752  31  1  698  
2755  51  1  698  
2772  175  1  676  
2773  39  1  676  
2774  189  2  676  698  
2778  216  2  676  698  
2779  45  1  698  
2780  38  1  698  
2786  7  1  698  
2806  42  1  698  
2827  37  1  676  
2831  81  1  676  
2837  37  1  698  
2847  9  1  676  
2899  79  1  698  
2900  1  1  698  
2918  68  1  676  
2954  19  1  676  
2999  69  1  698  
3011  36  1  676  
3044  6  1  698  
3058  35  1  676  
3062  55  1  676  
3064  273  1  698  
3084  43  1  676  
3087  41  2  676  698  
3096  15  2  676  698  
3102  156  2  676  698  
3110  122  1  698  
3112  89  1  676  
3122  30  1  698  
3140  20  1  698  
3144  271  1  676  
3146  314  2  676  698  
3149  131  2  676  698  
3150  319  1  676  
3151  148  2  676  698  
3153  241  1  676  
3155  69  1  676  
3166  23  1  676  
3191  114  1  676  
3206  48  1  676  
3226  81  1  698  
3251  147  1  676  
3278  52  1  676  
3284  24  1  698  
3289  205  1  676  
3290  144  1  698  
3304  91  2  676  698  
3307  82  1  676  
3312  12  1  698  
3314  212  2  676  698  
3316  44  1  676  
3317  40  1  676  
3330  39  1  676  
3332  87  1  698  
3338  144  2  676  698  
3390  7  1  698  
3395  85  2  676  698  
3403  10  1  676  
3409  4  1  676  
3438  3  1  698  
3441  18  1  676  
3442  99  1  676  
3443  232  2  676  698  
3446  27  1  698  
3447  46  1  676  
3449  113  2  676  698  
3466  94  1  676  
3479  20  1  676  
3490  18  1  698  
3498  82  1  676  
3514  13  1  676  
3536  43  1  676  
3583  85  1  676  
3592  89  1  676  
3596  90  1  676  
3601  145  2  676  698  
3607  20  1  676  
3622  28  1  676  
3652  104  1  676  
3653  68  1  676  
3672  27  1  676  
3674  131  1  698  
3681  29  1  698  
3685  86  1  698  
3686  77  2  676  698  
3704  155  1  676  
3722  50  2  676  698  
3725  41  1  698  
3736  64  1  676  
3742  76  1  698  
3749  84  1  698  
3750  43  2  676  698  
3780  11  1  676  
3782  20  1  676  
3786  7  1  698  
3801  53  1  676  
3808  112  1  698  
3811  41  1  698  
3855  52  1  676  
3867  4  1  676  
3870  38  1  676  
3871  9  1  676  
3879  278  1  676  
3884  29  1  698  
3888  4  1  676  
3898  12  1  698  
3903  32  1  676  
3910  7  1  698  
3919  80  1  676  
3929  39  1  698  
3935  6  1  698  
3971  17  1  698  
3986  24  1  698  
4001  36  1  698  
4037  20  1  698  
4039  50  2  676  698  
4040  15  1  698  
4041  1  1  698  
4042  1  1  698  
4044  1  1  698  
4045  1  1  698  
4046  1  1  698  
4047  3  1  698  
4048  1  1  698  
4071  19  1  676  
4083  100  1  676  
4096  33  1  676  
4179  9  1  676  
4220  121  1  676  
4222  3  1  676  
4225  62  1  676  
4275  27  1  676  
4285  62  1  676  
4288  73  1  676  
4289  4  1  676  
4304  46  1  676  
4309  28  1  676  
4315  101  1  676  
4319  168  1  676  
4320  78  1  676  
4337  34  1  676  
4419  12  1  676  
4422  31  1  676  
4427  214  1  676  
4437  60  1  676  
4440  361  1  676  
4446  44  1  676  
4459  23  1  676  
4470  115  1  676  
4474  27  1  676  
4490  26  1  676  
4523  5  1  676  
4531  271  1  676  
4549  14  1  676  
4551  54  1  676  
4565  18  1  676  
4606  41  1  676  
4610  35  1  676  
4611  139  1  676  
4614  217  1  676  
4619  68  1  676  
4623  211  1  676  
4624  312  1  676  
4625  80  1  676  
4638  15  1  676  
4663  24  1  676  
4676  14  1  676  
4702  21  1  676  
4723  9  1  676  
4756  3  1  676  
4783  19  1  676  
4844  19  1  676  
4859  9  1  676  
4863  12  1  676  
4865  22  1  676  
4892  7  1  676  
4898  3  1  676  
4903  6  1  676  
4908  243  1  676  
4909  26  1  676  
4911  14  1  676  
4919  137  1  676  
4953  12  1  676  
4971  28  1  676  
4977  66  1  676  
4983  7  1  676  
5870  2  1  676  
6517  1  1  676  
6518  1  1  676  
6519  1  1  676  
6520  1  1  676  
