8  743  11  2500  2506  2520  2527  2532  2535  2547  2549  2559  2566  2579  
17  187  4  2546  2547  2549  2593  
18  76  2  2506  2581  
21  309  8  2520  2527  2532  2535  2582  2585  2587  2594  
25  133  1  2571  
33  227  3  2547  2595  2598  
34  20  1  2547  
44  146  2  2527  2549  
50  39  1  2546  
56  94  2  2504  2506  
63  44  1  2570  
65  275  7  2532  2536  2537  2546  2547  2578  2581  
66  109  3  2535  2547  2571  
67  164  2  2546  2547  
81  122  5  2527  2535  2547  2570  2578  
82  195  5  2527  2536  2546  2562  2571  
85  72  1  2532  
97  68  1  2547  
107  89  1  2527  
116  213  8  2521  2540  2570  2575  2578  2579  2593  2598  
121  132  4  2521  2527  2562  2579  
122  80  1  2540  
131  72  1  2549  
132  37  1  2562  
140  58  2  2571  2585  
153  32  1  2571  
163  123  3  2504  2585  2594  
164  334  2  2546  2559  
171  54  3  2500  2506  2549  
173  79  3  2546  2547  2549  
188  17  1  2501  
204  100  3  2513  2527  2571  
214  25  2  2547  2549  
224  41  8  2527  2535  2540  2566  2575  2578  2581  2593  
242  86  1  2598  
246  56  1  2542  
249  22  1  2546  
260  56  4  2562  2566  2570  2593  
263  76  2  2547  2557  
273  35  2  2562  2579  
288  244  4  2506  2521  2527  2562  
290  142  3  2546  2575  2593  
292  230  5  2527  2566  2585  2587  2598  
293  321  6  2500  2535  2547  2562  2578  2594  
295  54  3  2535  2562  2571  
297  77  1  2598  
301  199  3  2546  2547  2585  
307  25  1  2562  
318  31  1  2506  
328  86  6  2500  2501  2504  2521  2575  2593  
337  18  1  2542  
343  14  1  2549  
350  117  1  2571  
361  45  1  2542  
380  20  2  2581  2598  
382  19  1  2562  
384  145  3  2546  2547  2579  
408  157  1  2585  
431  732  13  2506  2520  2535  2536  2537  2540  2546  2547  2557  2579  2584  2587  2595  
459  10  1  2575  
490  7  1  2546  
494  142  2  2535  2575  
504  121  1  2575  
530  34  1  2532  
531  26  2  2535  2547  
548  214  2  2513  2547  
571  3  1  2546  
578  150  2  2546  2595  
579  66  1  2571  
588  27  1  2562  
590  17  1  2594  
594  98  2  2557  2594  
606  158  1  2594  
610  19  1  2535  
629  47  1  2513  
635  118  2  2521  2549  
637  100  1  2557  
643  81  3  2578  2579  2581  
645  95  2  2535  2571  
647  51  4  2540  2562  2582  2584  
649  105  1  2571  
661  264  17  2500  2501  2506  2527  2547  2549  2557  2559  2562  2566  2568  2570  2571  2584  2586  2590  2594  
666  32  2  2547  2549  
680  93  1  2501  
686  66  2  2542  2585  
695  77  1  2527  
698  50  1  2562  
699  68  1  2527  
702  773  24  2501  2521  2527  2532  2535  2536  2537  2546  2547  2557  2559  2562  2566  2575  2578  2579  2581  2582  2585  2587  2593  2594  2595  2598  
705  146  4  2542  2547  2571  2593  
719  224  7  2506  2520  2521  2527  2535  2582  2594  
723  113  1  2562  
724  317  10  2527  2535  2547  2549  2559  2566  2578  2581  2587  2595  
729  60  1  2547  
739  90  2  2546  2579  
746  272  6  2506  2521  2535  2562  2582  2585  
749  29  1  2547  
758  165  3  2562  2566  2570  
759  249  10  2500  2504  2557  2559  2568  2575  2578  2582  2585  2594  
766  26  1  2535  
768  36  1  2570  
771  61  10  2501  2527  2535  2540  2542  2571  2575  2581  2582  2593  
783  99  3  2571  2590  2593  
785  91  4  2521  2527  2582  2595  
799  59  2  2594  2598  
800  29  1  2542  
807  122  3  2520  2532  2579  
821  6  1  2535  
824  10  2  2536  2537  
825  24  12  2527  2540  2549  2566  2571  2575  2578  2581  2584  2586  2593  2598  
829  119  2  2524  2527  
833  9  2  2535  2571  
840  7  1  2578  
869  110  6  2500  2570  2571  2584  2586  2593  
871  29  2  2582  2598  
877  42  1  2549  
895  36  1  2521  
903  47  1  2521  
907  77  1  2535  
909  292  8  2506  2520  2521  2527  2532  2570  2585  2594  
914  238  6  2535  2575  2581  2582  2593  2598  
915  45  1  2547  
917  297  16  2527  2535  2536  2540  2546  2547  2557  2559  2566  2571  2575  2578  2582  2585  2593  2598  
920  60  2  2594  2598  
926  138  1  2535  
943  41  4  2557  2575  2593  2594  
953  33  1  2547  
959  49  2  2521  2562  
960  41  3  2535  2557  2571  
961  21  1  2559  
968  44  1  2549  
972  196  4  2521  2546  2547  2562  
977  156  5  2506  2520  2593  2594  2598  
1008  88  4  2540  2566  2571  2594  
1009  305  7  2501  2553  2557  2566  2575  2581  2593  
1022  60  1  2587  
1032  62  1  2559  
1034  62  1  2562  
1037  57  2  2559  2571  
1038  399  7  2532  2537  2547  2559  2562  2579  2594  
1040  115  3  2504  2566  2581  
1041  135  12  2504  2527  2535  2540  2549  2553  2557  2575  2581  2590  2593  2594  
1046  48  1  2553  
1051  3  1  2594  
1054  472  11  2521  2527  2535  2540  2547  2575  2578  2582  2593  2594  2598  
1056  2  2  2542  2553  
1066  599  18  2501  2504  2513  2521  2527  2535  2546  2547  2557  2559  2562  2566  2571  2579  2585  2593  2594  2598  
1067  158  3  2527  2542  2598  
1069  29  1  2527  
1083  9  1  2527  
1084  79  7  2549  2553  2559  2568  2571  2579  2598  
1085  43  1  2571  
1100  107  12  2504  2527  2540  2557  2559  2566  2575  2578  2581  2593  2594  2598  
1110  218  3  2557  2575  2598  
1111  79  1  2535  
1115  65  1  2513  
1120  77  1  2598  
1135  103  2  2506  2520  
1146  77  2  2546  2547  
1150  51  3  2542  2568  2571  
1156  45  3  2506  2562  2593  
1162  61  3  2520  2585  2595  
1174  124  1  2585  
1177  8  2  2535  2549  
1183  34  1  2582  
1189  76  1  2506  
1197  290  21  2500  2501  2504  2506  2520  2521  2527  2535  2540  2542  2549  2566  2570  2575  2578  2581  2582  2585  2593  2594  2598  
1211  181  3  2506  2520  2527  
1214  12  2  2557  2578  
1244  8  1  2542  
1247  91  3  2506  2535  2566  
1253  7  1  2546  
1255  40  1  2585  
1261  462  18  2521  2527  2535  2536  2540  2547  2557  2559  2566  2575  2578  2581  2587  2590  2593  2594  2595  2598  
1269  17  1  2506  
1271  37  5  2506  2524  2578  2581  2593  
1277  32  1  2501  
1282  199  6  2532  2535  2566  2575  2594  2598  
1303  41  3  2500  2513  2582  
1308  52  1  2585  
1312  183  1  2575  
1346  48  1  2578  
1347  26  1  2566  
1350  24  1  2536  
1354  156  4  2521  2540  2547  2562  
1357  91  3  2535  2562  2593  
1372  157  2  2520  2594  
1376  210  5  2506  2520  2521  2566  2585  
1377  28  1  2535  
1379  12  1  2566  
1380  48  3  2549  2566  2571  
1400  99  4  2506  2520  2581  2598  
1401  139  3  2520  2527  2598  
1416  68  2  2520  2562  
1417  81  1  2546  
1421  244  2  2520  2587  
1425  28  2  2540  2575  
1427  587  19  2501  2506  2520  2521  2527  2532  2535  2537  2546  2557  2559  2562  2566  2578  2581  2582  2585  2593  2594  
1430  81  2  2547  2598  
1431  20  2  2553  2590  
1433  79  1  2578  
1443  46  1  2571  
1458  87  7  2501  2527  2535  2557  2566  2593  2594  
1460  102  2  2535  2594  
1466  30  1  2566  
1468  114  1  2566  
1481  355  11  2501  2521  2527  2535  2566  2575  2581  2582  2593  2594  2598  
1486  15  1  2562  
1487  73  2  2532  2549  
1494  80  1  2535  
1495  50  3  2506  2520  2594  
1497  2  1  2535  
1511  36  1  2547  
1515  48  2  2546  2571  
1517  5  1  2540  
1524  2  1  2581  
1529  9  1  2559  
1538  55  1  2535  
1541  18  3  2535  2559  2568  
1561  50  2  2527  2547  
1567  70  3  2546  2562  2571  
1570  93  9  2524  2549  2553  2557  2566  2568  2571  2578  2581  
1571  112  1  2593  
1574  47  6  2501  2575  2581  2582  2593  2598  
1576  34  3  2562  2566  2575  
1578  6  1  2566  
1586  96  3  2513  2527  2579  
1598  45  1  2535  
1602  55  1  2506  
1605  9  1  2570  
1616  76  1  2546  
1617  68  3  2521  2527  2535  
1621  23  1  2571  
1633  27  1  2549  
1634  97  7  2506  2547  2553  2566  2568  2578  2598  
1636  67  4  2546  2557  2566  2593  
1639  141  8  2500  2549  2557  2566  2568  2569  2571  2581  
1648  57  3  2520  2562  2575  
1653  11  1  2559  
1654  2  1  2581  
1656  31  3  2527  2549  2571  
1658  26  2  2566  2593  
1659  44  4  2521  2578  2579  2585  
1663  48  1  2562  
1664  20  1  2546  
1671  129  3  2524  2566  2598  
1676  41  2  2520  2532  
1677  105  5  2501  2504  2547  2582  2594  
1680  90  4  2506  2513  2527  2581  
1683  49  1  2587  
1691  6  2  2520  2585  
1694  73  5  2527  2542  2593  2594  2598  
1705  47  2  2521  2562  
1706  16  2  2527  2535  
1712  8  2  2557  2559  
1730  33  4  2566  2578  2590  2593  
1738  44  1  2578  
1741  36  2  2553  2566  
1744  36  2  2504  2542  
1749  51  1  2575  
1769  112  6  2535  2540  2575  2593  2594  2598  
1772  204  8  2501  2504  2524  2527  2559  2562  2582  2585  
1789  5  1  2594  
1795  15  1  2506  
1798  29  1  2585  
1809  13  3  2536  2537  2566  
1811  18  1  2547  
1812  31  1  2520  
1817  181  6  2506  2520  2521  2582  2585  2594  
1824  47  2  2566  2590  
1825  2  1  2570  
1829  56  3  2593  2594  2598  
1835  66  9  2540  2549  2566  2575  2578  2581  2593  2594  2598  
1845  63  2  2506  2547  
1850  63  2  2578  2594  
1901  50  1  2513  
1908  121  11  2501  2527  2549  2557  2559  2566  2571  2578  2581  2582  2598  
1917  28  1  2598  
1925  55  3  2500  2562  2594  
1933  45  2  2562  2582  
1939  47  1  2547  
1944  39  3  2506  2582  2594  
1945  16  1  2557  
1946  20  2  2501  2566  
1948  113  8  2506  2546  2547  2549  2575  2579  2587  2593  
1950  122  9  2500  2504  2524  2546  2553  2568  2570  2579  2598  
1960  129  14  2500  2501  2527  2540  2549  2553  2566  2568  2575  2578  2581  2582  2593  2598  
1962  146  7  2521  2535  2546  2547  2562  2566  2594  
1971  145  8  2521  2546  2547  2562  2566  2579  2587  2595  
1981  41  1  2513  
1993  16  2  2527  2562  
1994  29  3  2549  2566  2571  
1996  65  10  2524  2527  2542  2547  2549  2571  2578  2586  2590  2593  
2008  61  4  2506  2521  2547  2581  
2028  14  2  2500  2549  
2029  31  3  2500  2575  2585  
2030  17  1  2562  
2044  34  1  2547  
2045  28  1  2562  
2048  143  4  2500  2504  2527  2594  
2049  49  1  2566  
2050  66  6  2500  2513  2571  2584  2586  2590  
2051  12  2  2500  2553  
2052  36  2  2571  2578  
2053  14  1  2504  
2055  75  4  2501  2504  2527  2594  
2056  241  9  2520  2521  2532  2562  2579  2582  2585  2594  2595  
2059  108  1  2520  
2066  38  1  2527  
2068  25  3  2501  2581  2582  
2069  22  1  2521  
2071  6  1  2575  
2072  31  1  2582  
2073  247  24  2500  2513  2521  2524  2527  2535  2542  2546  2549  2553  2557  2559  2562  2566  2568  2570  2575  2578  2581  2582  2584  2586  2590  2593  
2074  49  1  2536  
2075  95  4  2506  2532  2546  2547  
2080  58  4  2546  2547  2566  2598  
2087  31  1  2557  
2101  14  1  2579  
2102  120  4  2506  2520  2521  2585  
2109  164  7  2506  2520  2546  2547  2566  2568  2571  
2110  48  2  2566  2568  
2111  67  4  2520  2527  2566  2578  
2118  7  1  2520  
2133  19  1  2581  
2134  111  4  2520  2521  2566  2582  
2137  252  6  2506  2520  2521  2562  2570  2585  
2138  215  16  2506  2520  2521  2527  2535  2540  2546  2553  2566  2575  2578  2581  2584  2586  2590  2598  
2142  36  1  2527  
2150  4  1  2578  
2156  4  1  2536  
2165  57  2  2506  2520  
2172  14  1  2585  
2173  77  5  2506  2520  2527  2547  2571  
2174  7  1  2513  
2176  17  1  2532  
2177  189  3  2557  2559  2587  
2179  124  3  2504  2582  2594  
2183  49  1  2593  
2188  71  1  2562  
2190  72  2  2532  2587  
2193  66  2  2547  2587  
2204  62  2  2520  2562  
2215  34  2  2566  2590  
2216  141  9  2504  2506  2520  2549  2562  2566  2568  2570  2578  
2218  2  1  2521  
2221  37  3  2501  2535  2553  
2222  7  1  2501  
2236  35  6  2527  2542  2553  2566  2571  2578  
2268  3  1  2566  
2271  75  11  2527  2535  2540  2542  2575  2578  2581  2582  2593  2594  2598  
2272  103  17  2501  2504  2524  2527  2535  2540  2566  2575  2578  2581  2582  2584  2586  2590  2593  2594  2598  
2273  142  14  2501  2513  2535  2546  2566  2575  2578  2579  2581  2582  2590  2593  2594  2598  
2275  35  3  2504  2582  2594  
2283  324  6  2506  2520  2521  2585  2594  2595  
2294  38  1  2500  
2299  30  1  2542  
2301  100  3  2547  2566  2594  
2303  46  2  2506  2546  
2304  69  5  2504  2566  2575  2593  2598  
2306  11  3  2500  2542  2571  
2307  68  7  2506  2527  2566  2571  2575  2593  2598  
2329  47  3  2547  2562  2575  
2334  37  4  2504  2570  2584  2586  
2335  93  7  2520  2540  2559  2575  2585  2593  2598  
2337  11  2  2562  2581  
2339  34  3  2566  2571  2593  
2340  105  8  2504  2540  2549  2562  2566  2568  2570  2585  
2341  12  1  2566  
2342  70  2  2506  2520  
2343  26  3  2566  2568  2598  
2346  12  4  2566  2571  2578  2593  
2348  77  15  2535  2540  2542  2549  2553  2557  2566  2568  2571  2575  2578  2581  2582  2593  2598  
2350  82  6  2501  2557  2566  2575  2578  2593  
2351  180  4  2506  2566  2570  2578  
2352  2  1  2578  
2354  2  1  2549  
2356  893  29  2501  2504  2506  2520  2521  2527  2535  2536  2540  2542  2547  2549  2557  2559  2562  2566  2570  2575  2578  2579  2581  2582  2585  2587  2590  2593  2594  2595  2598  
2367  146  10  2504  2532  2537  2540  2575  2578  2581  2587  2590  2593  
2376  60  2  2520  2562  
2378  12  1  2547  
2382  32  5  2506  2524  2571  2575  2578  
2383  45  4  2520  2524  2568  2595  
2384  49  2  2520  2566  
2385  13  2  2562  2575  
2394  14  2  2581  2593  
2395  7  2  2500  2575  
2399  25  3  2506  2562  2579  
2403  22  3  2547  2566  2581  
2404  53  4  2520  2521  2524  2562  
2408  108  2  2520  2570  
2411  3  1  2535  
2431  39  3  2500  2501  2594  
2432  18  2  2568  2581  
2436  269  7  2506  2520  2521  2532  2579  2581  2585  
2438  113  2  2506  2521  
2439  104  4  2504  2520  2585  2590  
2440  49  1  2547  
2442  44  3  2506  2521  2562  
2443  307  4  2506  2521  2532  2570  
2445  164  6  2521  2527  2559  2585  2594  2595  
2451  126  4  2536  2537  2546  2595  
2456  13  1  2500  
2458  103  4  2547  2557  2585  2594  
2466  13  1  2593  
2469  156  5  2504  2527  2562  2570  2585  
2470  13  1  2527  
2471  618  18  2504  2506  2520  2521  2527  2532  2536  2537  2546  2547  2557  2559  2562  2570  2585  2587  2594  2595  
2474  44  1  2506  
2476  149  6  2521  2546  2559  2585  2587  2595  
2477  18  1  2562  
2479  64  1  2562  
2480  45  2  2547  2562  
2481  15  1  2570  
2482  74  1  2506  
2483  168  5  2506  2520  2521  2570  2585  
2485  80  2  2547  2594  
2486  61  2  2527  2585  
2487  75  1  2504  
2490  103  1  2559  
2494  200  5  2520  2521  2527  2570  2585  
2499  21  1  2500  
2517  28  8  2527  2540  2557  2575  2578  2581  2593  2598  
2518  1  1  2513  
2519  39  3  2553  2557  2559  
2520  25  3  2553  2581  2590  
2521  79  1  2520  
2525  7  1  2527  
2526  1  1  2527  
2529  5  1  2542  
2531  1  1  2535  
2532  23  1  2535  
2533  1  1  2535  
2534  3  1  2535  
2537  29  2  2536  2585  
2540  40  6  2501  2570  2575  2578  2582  2598  
2541  1  1  2542  
2543  1  1  2542  
2546  46  2  2547  2571  
2547  35  1  2549  
2548  1  1  2549  
2550  22  4  2553  2559  2571  2586  
2551  1  1  2553  
2552  3  1  2553  
2554  1  1  2557  
2555  1  1  2557  
2556  1  1  2557  
2558  1  1  2559  
2560  4  1  2571  
2561  3  1  2566  
2562  173  2  2521  2566  
2563  15  1  2566  
2564  18  2  2566  2598  
2565  6  1  2566  
2567  8  1  2568  
2572  9  1  2575  
2573  1  1  2575  
2574  16  3  2521  2570  2575  
2576  5  1  2578  
2577  2  1  2578  
2580  1  1  2581  
2583  2  2  2584  2586  
2584  1  1  2586  
2585  18  2  2586  2590  
2587  43  1  2598  
2588  1  1  2590  
2589  1  1  2590  
2595  39  1  2598  
2596  50  2  2579  2598  
2597  7  1  2598  
2600  21  2  2506  2520  
2604  124  5  2520  2521  2570  2585  2594  
2613  44  1  2546  
2614  2  1  2547  
2616  16  2  2536  2546  
2620  139  3  2520  2547  2562  
2632  282  6  2504  2520  2547  2562  2582  2585  
2633  87  4  2501  2506  2520  2562  
2641  28  1  2587  
2657  29  2  2562  2582  
2668  33  1  2504  
2677  35  1  2520  
2686  6  1  2504  
2687  36  1  2579  
2688  8  1  2582  
2691  123  1  2506  
2692  11  1  2521  
2697  26  1  2594  
2699  13  1  2582  
2700  19  2  2532  2562  
2707  47  4  2506  2520  2562  2594  
2712  70  1  2520  
2715  238  4  2532  2547  2559  2562  
2716  55  1  2557  
2720  357  6  2520  2532  2559  2579  2587  2595  
2722  15  1  2547  
2726  6  1  2594  
2734  9  1  2594  
2735  55  1  2585  
2744  3  1  2594  
2745  7  1  2587  
2746  43  2  2504  2585  
2752  31  1  2501  
2755  51  2  2537  2546  
2756  123  5  2501  2506  2521  2570  2582  
2757  1  1  2582  
2766  52  1  2594  
2770  52  2  2520  2521  
2771  4  1  2501  
2772  175  5  2501  2521  2532  2547  2585  
2773  39  2  2546  2595  
2774  189  1  2570  
2778  216  6  2504  2521  2527  2547  2562  2579  
2779  45  2  2585  2594  
2782  7  1  2585  
2791  10  1  2504  
2800  52  2  2520  2570  
2801  44  1  2585  
2802  48  3  2521  2562  2587  
2806  42  2  2504  2594  
2812  25  2  2504  2506  
2813  34  1  2585  
2820  20  1  2504  
2823  62  3  2506  2520  2562  
2825  8  1  2547  
2829  12  1  2506  
2831  81  2  2537  2595  
2834  37  2  2504  2594  
2837  37  1  2504  
2841  5  1  2587  
2855  2  1  2594  
2856  3  1  2594  
2857  8  1  2594  
2860  16  1  2521  
2877  88  1  2585  
2881  26  1  2585  
2883  10  1  2546  
2884  1  1  2504  
2885  1  1  2504  
2899  79  1  2532  
2902  13  1  2547  
2905  41  1  2506  
2907  24  1  2520  
2918  68  2  2587  2595  
2919  56  1  2595  
2923  22  1  2506  
2954  19  2  2562  2585  
2964  28  1  2546  
2978  37  1  2506  
2981  19  2  2520  2562  
2983  95  2  2506  2547  
2999  69  2  2562  2579  
3001  79  2  2506  2520  
3007  5  2  2521  2562  
3011  36  3  2520  2521  2595  
3012  58  2  2506  2585  
3024  31  1  2562  
3036  15  1  2520  
3058  35  1  2585  
3062  55  1  2595  
3064  273  10  2506  2520  2521  2532  2547  2557  2559  2562  2585  2587  
3076  63  1  2547  
3082  12  1  2520  
3084  43  2  2506  2520  
3089  42  2  2506  2562  
3090  180  3  2546  2557  2585  
3098  60  1  2587  
3100  33  1  2587  
3102  156  6  2506  2520  2521  2547  2562  2570  
3110  122  6  2532  2547  2570  2585  2587  2595  
3112  89  4  2506  2521  2585  2587  
3122  30  1  2587  
3131  9  2  2547  2579  
3137  88  2  2521  2585  
3140  20  1  2570  
3142  21  1  2547  
3144  271  4  2546  2547  2587  2595  
3146  314  10  2532  2536  2537  2546  2547  2559  2562  2579  2587  2595  
3147  27  1  2532  
3148  98  1  2579  
3149  131  5  2532  2537  2559  2562  2595  
3150  319  8  2532  2537  2547  2557  2562  2579  2587  2595  
3151  148  4  2532  2547  2562  2579  
3152  68  3  2547  2559  2562  
3153  241  6  2532  2547  2559  2579  2587  2595  
3154  166  6  2547  2559  2562  2570  2579  2587  
3155  69  1  2506  
3156  92  1  2537  
3158  101  3  2532  2559  2579  
3159  54  2  2532  2587  
3160  56  2  2562  2579  
3169  15  2  2547  2579  
3171  1  1  2562  
3172  53  3  2506  2520  2521  
3173  42  1  2547  
3175  18  2  2506  2547  
3176  17  1  2570  
3178  20  1  2595  
3191  114  1  2547  
3200  9  1  2570  
3206  48  2  2520  2595  
3208  29  1  2562  
3210  28  2  2506  2521  
3214  64  2  2506  2557  
3219  5  2  2506  2521  
3221  6  1  2570  
3226  81  2  2506  2520  
3229  7  1  2570  
3239  14  1  2520  
3240  14  1  2506  
3241  10  1  2570  
3242  1  1  2570  
3245  40  2  2506  2520  
3251  147  3  2532  2587  2595  
3252  42  1  2521  
3261  4  1  2521  
3264  156  1  2546  
3268  13  1  2559  
3270  26  1  2587  
3274  13  1  2521  
3278  52  1  2546  
3286  4  1  2521  
3289  205  8  2506  2536  2537  2547  2559  2562  2587  2595  
3290  144  2  2520  2532  
3297  22  2  2506  2521  
3299  64  2  2520  2595  
3302  4  1  2506  
3303  32  1  2520  
3304  91  1  2562  
3306  48  1  2520  
3307  82  2  2536  2595  
3308  63  2  2520  2532  
3309  11  1  2546  
3312  12  1  2532  
3314  212  4  2520  2562  2587  2595  
3315  362  3  2537  2546  2547  
3316  44  1  2562  
3317  40  1  2520  
3330  39  1  2546  
3331  38  1  2506  
3333  36  1  2520  
3338  144  2  2547  2595  
3345  2  1  2521  
3346  1  1  2521  
3347  1  1  2521  
3348  2  1  2521  
3349  17  1  2506  
3362  95  1  2587  
3391  93  1  2520  
3395  85  2  2546  2557  
3396  11  2  2547  2562  
3398  15  1  2506  
3408  30  1  2562  
3425  9  1  2562  
3428  22  1  2520  
3442  99  2  2520  2546  
3443  232  4  2506  2546  2557  2562  
3446  27  1  2506  
3449  113  4  2532  2547  2559  2579  
3459  45  2  2547  2562  
3465  53  3  2520  2579  2587  
3466  94  2  2547  2595  
3467  47  1  2520  
3498  82  1  2536  
3533  2  1  2520  
3536  43  2  2532  2562  
3546  17  1  2520  
3552  6  1  2557  
3576  3  1  2520  
3578  30  1  2520  
3583  85  1  2532  
3587  23  1  2595  
3588  16  1  2520  
3592  89  2  2546  2562  
3596  90  4  2546  2557  2562  2587  
3601  145  2  2547  2562  
3602  14  1  2562  
3607  20  1  2547  
3610  32  2  2547  2579  
3618  1  1  2520  
3619  2  1  2520  
3620  2  1  2520  
3621  4  1  2520  
3622  28  1  2520  
3648  147  3  2547  2559  2595  
3652  104  2  2537  2562  
3656  89  1  2579  
3657  257  5  2537  2547  2557  2559  2579  
3658  89  3  2557  2559  2562  
3666  23  2  2559  2562  
3669  4  1  2547  
3674  131  3  2532  2547  2559  
3679  111  2  2547  2587  
3680  17  1  2587  
3681  29  2  2532  2562  
3682  115  4  2537  2547  2562  2579  
3683  33  1  2532  
3685  86  1  2562  
3686  77  3  2579  2587  2595  
3704  155  3  2546  2547  2562  
3721  25  2  2562  2579  
3722  50  2  2562  2579  
3736  64  2  2536  2595  
3742  76  3  2546  2547  2562  
3748  16  1  2547  
3749  84  2  2532  2547  
3750  43  1  2562  
3800  65  2  2562  2579  
3801  53  2  2547  2557  
3808  112  5  2532  2562  2579  2587  2595  
3811  41  1  2562  
3813  17  1  2562  
3837  5  1  2579  
3855  52  2  2587  2595  
3879  278  4  2546  2547  2587  2595  
3903  32  1  2557  
3906  40  1  2547  
3919  80  2  2587  2595  
3921  50  2  2587  2595  
3929  39  1  2546  
3990  70  1  2579  
3994  202  5  2547  2559  2562  2579  2587  
4001  36  1  2587  
4035  153  1  2537  
4038  31  1  2547  
4040  15  1  2547  
4047  3  1  2547  
4058  15  1  2562  
4068  14  2  2532  2547  
4073  81  2  2562  2595  
4082  45  2  2532  2547  
4083  100  3  2536  2587  2595  
4096  33  2  2562  2579  
4099  2  1  2562  
4112  9  1  2562  
4116  6  1  2547  
4124  15  2  2532  2587  
4125  1  1  2532  
4126  2  1  2532  
4147  5  1  2547  
4152  228  1  2546  
4169  114  2  2587  2595  
4175  19  1  2579  
4187  96  1  2546  
4193  14  2  2562  2579  
4196  57  1  2547  
4198  59  3  2547  2559  2579  
4220  121  2  2546  2595  
4225  62  1  2595  
4226  46  2  2557  2587  
4228  1  1  2562  
4229  2  1  2562  
4231  36  2  2559  2579  
4248  38  1  2587  
4251  4  1  2547  
4304  46  2  2536  2595  
4315  101  2  2547  2595  
4319  168  2  2546  2587  
4320  78  2  2557  2587  
4323  7  1  2547  
4350  30  1  2547  
4380  79  2  2536  2587  
4384  169  3  2546  2587  2595  
4418  17  1  2559  
4419  12  1  2587  
4427  214  5  2536  2557  2559  2587  2595  
4439  25  1  2536  
4440  361  7  2536  2537  2546  2547  2557  2587  2595  
4442  8  1  2587  
4452  16  1  2546  
4453  53  1  2559  
4454  43  1  2547  
4471  2  1  2547  
4473  28  1  2547  
4474  27  2  2547  2595  
4475  14  1  2587  
4478  14  1  2536  
4481  10  1  2547  
4482  9  1  2547  
4483  1  1  2547  
4485  139  2  2557  2587  
4486  172  1  2546  
4490  26  2  2557  2587  
4494  1  1  2559  
4495  4  1  2559  
4496  18  1  2559  
4509  52  1  2546  
4531  271  2  2546  2595  
4549  14  1  2595  
4551  54  2  2537  2557  
4552  127  2  2546  2557  
4555  33  1  2587  
4557  84  2  2557  2587  
4565  18  1  2536  
4569  69  2  2546  2547  
4571  54  1  2546  
4582  11  1  2537  
4596  24  1  2587  
4606  41  1  2536  
4608  122  1  2547  
4610  35  2  2536  2595  
4611  139  4  2536  2537  2587  2595  
4614  217  3  2536  2537  2546  
4615  49  2  2537  2547  
4616  41  2  2536  2595  
4619  68  3  2536  2587  2595  
4620  152  1  2546  
4623  211  4  2536  2547  2557  2595  
4624  312  4  2536  2546  2587  2595  
4625  80  2  2536  2595  
4626  10  1  2536  
4631  32  1  2546  
4672  44  1  2587  
4676  14  2  2536  2557  
4685  75  4  2537  2547  2557  2595  
4703  10  1  2587  
4710  22  1  2557  
4711  16  1  2587  
4727  24  1  2595  
4728  18  1  2547  
4741  7  1  2557  
4768  1  1  2587  
4769  2  1  2587  
4770  1  1  2587  
4778  1  1  2557  
4779  1  1  2557  
4780  17  1  2557  
4783  19  1  2536  
4814  48  1  2546  
4826  26  1  2537  
4840  44  1  2546  
4844  19  1  2595  
4855  8  1  2595  
4863  12  1  2595  
4868  30  2  2536  2595  
4901  389  2  2546  2557  
4908  243  1  2546  
4911  14  1  2595  
4912  1  1  2595  
4913  3  1  2595  
4914  1  1  2595  
4919  137  2  2537  2546  
4947  1  1  2536  
4948  2  1  2536  
4949  2  1  2536  
4950  2  2  2536  2537  
4951  105  3  2536  2546  2557  
4952  2  2  2536  2537  
4953  12  1  2536  
4958  27  2  2546  2547  
4977  66  1  2547  
4981  15  1  2547  
5045  49  1  2547  
5050  50  1  2546  
5051  230  2  2546  2557  
5065  44  1  2546  
5080  45  1  2537  
5112  42  1  2557  
5118  23  1  2547  
5120  2  1  2547  
5121  1  1  2547  
5122  32  1  2547  
5129  191  1  2546  
5133  222  1  2557  
5135  385  1  2557  
5144  79  1  2557  
5149  84  1  2546  
5156  12  1  2546  
5182  92  1  2537  
5247  13  1  2546  
5252  9  1  2537  
5310  2  1  2546  
5319  3  1  2537  
5379  5  1  2557  
5427  22  1  2546  
5542  78  1  2546  
5546  190  1  2557  
5555  5  1  2546  
5560  6  1  2546  
5563  108  1  2557  
5574  17  1  2546  
5575  11  1  2546  
5576  1  1  2546  
5577  1  1  2546  
5578  1  1  2546  
5639  70  1  2557  
5740  35  1  2557  
5785  15  1  2557  
5789  160  1  2557  
5792  91  1  2557  
5794  93  1  2557  
5831  29  1  2557  
5874  100  1  2557  
6026  191  1  2557  
6032  44  1  2557  
6049  65  1  2557  
6180  93  1  2557  
6185  18  1  2557  
6189  15  1  2557  
6190  4  1  2557  
6274  1  1  2557  
6275  8  1  2557  
