8  743  6  3008  3012  3028  3040  3049  3064  
9  65  1  3081  
12  50  1  3049  
17  187  1  3081  
21  309  2  3063  3064  
27  5  1  3064  
33  227  2  3049  3064  
39  89  1  3064  
44  146  1  3064  
50  39  2  3001  3064  
63  44  1  3064  
65  275  8  3001  3027  3032  3049  3063  3064  3081  3085  
66  109  2  3049  3064  
67  164  4  3001  3012  3049  3064  
81  122  1  3029  
82  195  3  3001  3049  3064  
85  72  2  3028  3064  
93  24  2  3014  3081  
103  190  3  3012  3029  3049  
116  213  5  3001  3012  3028  3040  3064  
121  132  3  3012  3063  3064  
129  99  2  3017  3059  
142  28  1  3049  
163  123  3  3027  3051  3081  
192  31  1  3064  
224  41  1  3049  
273  35  1  3064  
288  244  2  3012  3064  
292  230  1  3064  
293  321  1  3049  
301  199  1  3049  
307  25  1  3064  
328  86  1  3028  
350  117  1  3064  
361  45  1  3064  
384  145  1  3049  
401  79  1  3063  
408  157  2  3029  3064  
420  4  1  3028  
422  15  2  3040  3064  
431  732  8  3001  3012  3040  3043  3049  3064  3081  3085  
465  3  1  3040  
473  5  1  3064  
494  142  2  3049  3064  
504  121  2  3064  3081  
528  30  2  3014  3059  
530  34  1  3040  
531  26  1  3049  
548  214  1  3064  
577  55  1  3029  
578  150  1  3001  
579  66  1  3027  
587  46  1  3051  
606  158  1  3008  
629  47  1  3081  
635  118  2  3028  3064  
637  100  1  3081  
641  4  1  3049  
649  105  2  3008  3085  
661  264  2  3001  3081  
676  232  1  3008  
680  93  2  3049  3064  
686  66  1  3064  
699  68  2  3008  3064  
700  34  1  3001  
702  773  16  3001  3008  3012  3014  3027  3028  3029  3038  3039  3040  3043  3049  3060  3063  3064  3090  
705  146  1  3081  
719  224  6  3012  3027  3051  3063  3064  3081  
723  113  2  3027  3051  
724  317  4  3001  3012  3049  3064  
739  90  3  3012  3028  3064  
746  272  3  3001  3008  3064  
758  165  4  3001  3040  3049  3064  
759  249  5  3027  3039  3051  3063  3081  
772  30  2  3039  3064  
774  45  1  3064  
785  91  6  3001  3027  3049  3051  3060  3081  
793  97  1  3012  
807  122  4  3001  3040  3049  3064  
834  12  1  3049  
869  110  1  3039  
903  47  1  3001  
907  77  2  3027  3060  
909  292  11  3001  3008  3014  3027  3043  3051  3060  3063  3064  3081  3085  
914  238  1  3064  
917  297  1  3028  
920  60  1  3049  
931  6  1  3040  
932  7  1  3021  
950  19  1  3063  
951  39  1  3064  
955  86  1  3049  
961  21  2  3051  3063  
972  196  2  3001  3012  
977  156  3  3027  3063  3064  
987  95  1  3012  
988  74  2  3040  3064  
1008  88  2  3028  3064  
1009  305  4  3017  3029  3059  3063  
1013  15  1  3001  
1022  60  1  3064  
1024  6  1  3064  
1032  62  1  3064  
1037  57  1  3064  
1038  399  8  3001  3008  3028  3040  3049  3059  3064  3085  
1054  472  5  3028  3029  3051  3064  3090  
1066  599  9  3012  3027  3028  3039  3049  3051  3060  3064  3081  
1067  158  2  3049  3064  
1069  29  2  3027  3051  
1084  79  2  3028  3064  
1085  43  1  3028  
1096  9  1  3059  
1104  61  2  3001  3051  
1107  26  1  3012  
1110  218  2  3008  3063  
1115  65  4  3012  3017  3049  3085  
1120  77  1  3063  
1135  103  1  3001  
1146  77  1  3064  
1180  65  2  3028  3064  
1189  76  2  3001  3085  
1197  290  7  3001  3027  3043  3051  3063  3064  3081  
1211  181  3  3001  3027  3051  
1234  4  1  3064  
1243  30  1  3064  
1246  20  1  3059  
1247  91  1  3001  
1255  40  2  3060  3081  
1256  33  1  3027  
1261  462  12  3001  3014  3017  3027  3029  3049  3051  3060  3063  3064  3081  3090  
1272  35  2  3038  3059  
1301  13  1  3028  
1330  3  1  3081  
1354  156  4  3001  3009  3059  3085  
1355  72  1  3049  
1368  117  6  3027  3051  3060  3063  3081  3085  
1372  157  2  3027  3051  
1376  210  2  3001  3081  
1386  41  1  3001  
1400  99  1  3027  
1401  139  3  3012  3017  3059  
1408  2  1  3027  
1416  68  2  3001  3049  
1421  244  6  3012  3014  3029  3040  3049  3090  
1427  587  5  3027  3049  3051  3063  3064  
1428  42  1  3064  
1430  81  1  3043  
1458  87  1  3063  
1460  102  1  3060  
1470  29  3  3001  3008  3064  
1479  3  1  3012  
1481  355  5  3027  3051  3063  3064  3081  
1485  68  1  3059  
1496  39  1  3012  
1511  36  2  3012  3081  
1515  48  1  3049  
1532  66  1  3001  
1538  55  1  3001  
1561  50  3  3028  3051  3064  
1570  93  1  3001  
1586  96  3  3040  3051  3064  
1600  18  1  3027  
1601  42  2  3049  3064  
1605  9  1  3085  
1616  76  3  3029  3049  3085  
1617  68  1  3027  
1618  35  3  3027  3051  3081  
1621  23  1  3081  
1629  47  1  3017  
1634  97  4  3012  3049  3051  3064  
1636  67  2  3064  3085  
1648  57  1  3027  
1659  44  2  3008  3064  
1671  129  2  3039  3064  
1674  43  1  3027  
1675  4  1  3081  
1676  41  1  3040  
1677  105  2  3012  3049  
1680  90  1  3001  
1694  73  1  3064  
1749  51  1  3028  
1772  204  6  3008  3027  3043  3051  3063  3064  
1774  5  1  3064  
1785  7  1  3064  
1795  15  1  3001  
1798  29  1  3064  
1817  181  4  3027  3051  3064  3081  
1824  47  2  3040  3064  
1829  56  1  3027  
1845  63  4  3001  3043  3064  3081  
1850  63  2  3049  3064  
1851  27  2  3029  3064  
1873  22  1  3064  
1880  6  1  3064  
1901  50  1  3012  
1925  55  1  3063  
1948  113  2  3063  3064  
1950  122  2  3039  3043  
1962  146  5  3001  3040  3051  3064  3081  
1971  145  5  3012  3039  3049  3051  3085  
1993  16  4  3027  3038  3051  3063  
1996  65  1  3063  
1998  17  1  3027  
2008  61  3  3040  3063  3064  
2035  15  1  3049  
2037  11  1  3001  
2045  28  1  3064  
2048  143  11  3001  3027  3038  3039  3043  3051  3059  3060  3063  3081  3085  
2049  49  1  3039  
2053  14  2  3032  3040  
2055  75  1  3039  
2056  241  8  3008  3012  3027  3028  3040  3049  3051  3064  
2066  38  3  3012  3059  3060  
2073  247  8  3001  3012  3021  3043  3051  3064  3081  3085  
2074  49  3  3012  3040  3064  
2075  95  2  3040  3049  
2080  58  2  3014  3064  
2085  2  1  3060  
2090  32  1  3049  
2097  17  2  3040  3081  
2101  14  1  3064  
2102  120  1  3021  
2109  164  3  3027  3051  3064  
2110  48  3  3001  3012  3064  
2111  67  1  3063  
2120  3  1  3040  
2134  111  2  3064  3081  
2136  2  2  3039  3040  
2137  252  11  3001  3012  3027  3032  3051  3059  3060  3063  3064  3081  3085  
2138  215  2  3012  3064  
2142  36  3  3038  3039  3043  
2148  6  1  3060  
2165  57  1  3064  
2173  77  1  3012  
2176  17  4  3027  3063  3064  3081  
2177  189  1  3049  
2186  45  1  3012  
2188  71  2  3049  3064  
2190  72  2  3012  3040  
2204  62  1  3064  
2216  141  6  3012  3027  3038  3043  3051  3085  
2221  37  4  3001  3051  3060  3081  
2240  50  3  3040  3049  3064  
2279  7  1  3039  
2280  8  1  3014  
2283  324  7  3028  3038  3040  3043  3063  3064  3081  
2290  6  1  3012  
2294  38  1  3043  
2304  69  2  3027  3063  
2307  68  1  3001  
2329  47  2  3028  3064  
2334  37  2  3027  3060  
2335  93  3  3012  3021  3081  
2337  11  1  3064  
2340  105  2  3001  3064  
2348  77  1  3001  
2350  82  2  3027  3081  
2351  180  4  3001  3012  3029  3059  
2355  50  1  3081  
2356  893  20  3001  3008  3014  3017  3027  3028  3029  3032  3038  3039  3040  3043  3049  3051  3059  3060  3063  3064  3081  3090  
2357  32  2  3039  3060  
2367  146  1  3027  
2376  60  2  3001  3063  
2383  45  1  3040  
2384  49  1  3064  
2385  13  2  3001  3008  
2391  64  1  3085  
2404  53  1  3027  
2408  108  3  3008  3039  3043  
2431  39  1  3027  
2436  269  9  3001  3008  3021  3028  3040  3049  3059  3063  3064  
2438  113  2  3001  3021  
2439  104  2  3032  3064  
2440  49  3  3040  3049  3064  
2442  44  1  3001  
2443  307  6  3001  3017  3028  3049  3059  3064  
2445  164  5  3009  3012  3039  3043  3064  
2450  6  1  3063  
2458  103  2  3039  3081  
2466  13  1  3009  
2469  156  9  3009  3027  3038  3049  3051  3060  3063  3081  3085  
2470  13  5  3027  3038  3043  3060  3081  
2471  618  15  3001  3008  3009  3012  3027  3028  3038  3039  3040  3043  3049  3051  3063  3064  3085  
2472  38  1  3008  
2474  44  2  3012  3064  
2475  19  3  3027  3043  3051  
2476  149  3  3063  3064  3081  
2477  18  1  3049  
2479  64  4  3039  3043  3051  3064  
2482  74  4  3008  3039  3060  3064  
2483  168  9  3001  3012  3027  3032  3038  3039  3043  3051  3064  
2484  19  1  3051  
2485  80  6  3001  3027  3038  3051  3063  3081  
2486  61  8  3027  3038  3039  3043  3051  3063  3081  3085  
2487  75  4  3027  3039  3043  3060  
2489  18  3  3027  3043  3064  
2490  103  2  3008  3063  
2494  200  7  3001  3012  3027  3051  3063  3064  3081  
2499  21  2  3027  3063  
2506  33  1  3001  
2514  16  1  3028  
2521  79  3  3012  3039  3064  
2546  46  1  3028  
2547  35  1  3064  
2559  4  1  3027  
2562  173  7  3021  3027  3043  3049  3060  3064  3085  
2596  50  1  3064  
2601  5  1  3049  
2604  124  5  3001  3012  3039  3059  3063  
2616  16  1  3001  
2620  139  4  3012  3039  3040  3064  
2632  282  7  3001  3008  3012  3028  3032  3051  3064  
2633  87  2  3032  3051  
2634  6  2  3027  3063  
2663  6  1  3064  
2664  6  1  3064  
2666  57  1  3064  
2677  35  1  3012  
2685  62  2  3012  3040  
2687  36  1  3040  
2691  123  3  3012  3027  3063  
2696  10  1  3064  
2707  47  2  3012  3064  
2712  70  6  3012  3027  3028  3039  3040  3063  
2715  238  9  3001  3008  3012  3028  3040  3049  3059  3063  3064  
2716  55  3  3001  3014  3051  
2720  357  6  3012  3039  3040  3049  3064  3085  
2729  44  3  3028  3040  3090  
2746  43  4  3001  3021  3027  3039  
2747  7  1  3064  
2751  28  1  3038  
2752  31  2  3051  3063  
2755  51  1  3001  
2756  123  5  3027  3051  3063  3064  3081  
2764  19  1  3081  
2766  52  4  3051  3075  3081  3085  
2770  52  3  3008  3027  3063  
2772  175  4  3001  3032  3043  3064  
2774  189  4  3009  3038  3063  3064  
2777  50  1  3063  
2778  216  6  3001  3012  3017  3021  3059  3064  
2780  38  2  3028  3040  
2800  52  1  3039  
2801  44  2  3027  3051  
2802  48  2  3001  3064  
2823  62  3  3049  3064  3090  
2834  37  4  3009  3027  3081  3085  
2837  37  1  3009  
2848  21  1  3064  
2853  5  1  3012  
2857  8  1  3043  
2875  49  1  3014  
2877  88  3  3051  3063  3064  
2878  18  2  3028  3064  
2881  26  1  3081  
2899  79  5  3012  3028  3049  3059  3064  
2902  13  1  3001  
2915  20  1  3038  
2916  10  1  3081  
2917  10  1  3064  
2926  13  1  3027  
2935  6  1  3040  
2936  41  2  3038  3063  
2964  28  1  3049  
2978  37  1  3064  
2981  19  1  3001  
2983  95  5  3001  3012  3027  3063  3064  
2999  69  1  3064  
3001  79  3  3012  3051  3085  
3005  3  1  3027  
3008  20  1  3009  
3009  1  1  3027  
3011  36  2  3063  3064  
3012  58  3  3049  3063  3064  
3013  8  1  3012  
3016  2  1  3027  
3017  51  3  3027  3063  3081  
3018  1  1  3027  
3019  1  1  3027  
3020  5  3  3027  3051  3063  
3021  15  1  3027  
3022  1  1  3027  
3023  1  1  3027  
3024  31  2  3027  3081  
3025  5  1  3027  
3026  7  2  3060  3085  
3048  15  1  3081  
3060  25  2  3049  3063  
3061  9  1  3063  
3062  55  4  3040  3049  3063  3064  
3064  273  5  3001  3012  3028  3032  3059  
3066  5  1  3081  
3067  3  1  3060  
3068  1  1  3060  
3069  2  1  3060  
3070  1  1  3060  
3071  1  1  3060  
3072  1  1  3060  
3073  2  1  3060  
3074  1  1  3060  
3076  63  3  3049  3064  3081  
3077  3  1  3081  
3078  1  1  3081  
3079  1  1  3081  
3080  1  1  3081  
3083  4  1  3085  
3084  43  3  3001  3049  3085  
3087  41  2  3040  3064  
3088  19  1  3049  
3089  42  1  3001  
3090  180  1  3059  
3096  15  1  3064  
3098  60  2  3012  3040  
3100  33  1  3008  
3102  156  5  3001  3012  3021  3049  3064  
3110  122  4  3001  3040  3049  3064  
3112  89  1  3064  
3114  4  1  3064  
3122  30  1  3040  
3131  9  2  3040  3064  
3137  88  3  3001  3012  3049  
3144  271  8  3001  3012  3017  3028  3040  3049  3064  3085  
3146  314  6  3001  3008  3028  3040  3049  3064  
3148  98  3  3028  3040  3059  
3149  131  2  3040  3064  
3150  319  6  3008  3012  3028  3040  3049  3064  
3151  148  5  3001  3032  3040  3049  3064  
3152  68  4  3001  3008  3040  3049  
3153  241  3  3012  3040  3064  
3154  166  3  3001  3017  3064  
3155  69  1  3021  
3158  101  1  3040  
3159  54  1  3064  
3160  56  3  3040  3049  3064  
3169  15  1  3064  
3174  102  4  3001  3040  3049  3064  
3175  18  1  3064  
3178  20  1  3001  
3183  2  1  3040  
3191  114  3  3017  3028  3064  
3206  48  2  3012  3064  
3208  29  2  3012  3049  
3209  71  2  3012  3049  
3214  64  1  3064  
3215  13  1  3001  
3226  81  1  3001  
3229  7  1  3001  
3237  8  1  3001  
3240  14  1  3001  
3243  16  1  3039  
3251  147  3  3040  3049  3064  
3252  42  1  3064  
3264  156  3  3012  3014  3049  
3266  5  1  3001  
3268  13  2  3049  3064  
3278  52  1  3049  
3284  24  1  3064  
3289  205  5  3001  3008  3012  3028  3064  
3290  144  2  3012  3064  
3297  22  1  3064  
3299  64  1  3049  
3304  91  3  3001  3032  3064  
3307  82  1  3064  
3308  63  3  3001  3012  3064  
3309  11  1  3001  
3312  12  1  3028  
3314  212  2  3049  3064  
3315  362  3  3012  3049  3059  
3316  44  1  3040  
3317  40  1  3012  
3319  13  1  3064  
3330  39  1  3064  
3331  38  1  3064  
3332  87  3  3001  3012  3064  
3333  36  1  3064  
3334  10  1  3064  
3335  1  1  3064  
3336  1  1  3064  
3337  20  1  3064  
3338  144  2  3008  3064  
3339  6  2  3001  3064  
3353  75  2  3001  3012  
3360  2  1  3064  
3362  95  2  3021  3064  
3391  93  3  3012  3032  3059  
3395  85  2  3001  3064  
3407  4  1  3049  
3428  22  1  3059  
3441  18  1  3001  
3442  99  1  3049  
3443  232  7  3001  3012  3028  3040  3049  3059  3064  
3446  27  1  3001  
3447  46  1  3008  
3449  113  4  3001  3008  3040  3064  
3459  45  2  3012  3064  
3465  53  2  3039  3064  
3466  94  5  3001  3032  3049  3059  3064  
3467  47  3  3032  3039  3059  
3479  20  1  3040  
3483  35  2  3040  3049  
3490  18  1  3001  
3498  82  2  3001  3064  
3509  5  1  3040  
3510  15  1  3040  
3536  43  2  3040  3064  
3544  33  2  3049  3064  
3546  17  1  3012  
3549  29  1  3064  
3577  26  1  3012  
3583  85  2  3001  3039  
3592  89  4  3017  3040  3049  3064  
3596  90  4  3012  3049  3059  3064  
3599  33  2  3001  3012  
3601  145  3  3001  3049  3064  
3607  20  1  3064  
3610  32  1  3012  
3615  7  1  3039  
3622  28  1  3040  
3626  7  1  3001  
3641  2  1  3032  
3648  147  3  3001  3014  3064  
3652  104  4  3040  3049  3064  3090  
3653  68  1  3001  
3654  21  1  3012  
3656  89  3  3040  3049  3064  
3657  257  5  3008  3012  3028  3040  3064  
3658  89  4  3001  3049  3059  3064  
3674  131  2  3028  3059  
3675  5  1  3064  
3677  6  1  3059  
3679  111  2  3001  3008  
3681  29  2  3049  3064  
3682  115  1  3008  
3683  33  2  3001  3059  
3685  86  5  3001  3012  3040  3049  3064  
3686  77  2  3049  3064  
3695  3  1  3028  
3704  155  2  3012  3049  
3707  3  1  3064  
3717  6  1  3064  
3721  25  1  3012  
3722  50  2  3001  3064  
3725  41  2  3001  3012  
3726  9  1  3012  
3734  26  1  3012  
3740  37  2  3028  3064  
3748  16  2  3049  3064  
3749  84  2  3040  3064  
3750  43  1  3064  
3777  6  1  3049  
3782  20  1  3049  
3800  65  4  3012  3040  3049  3064  
3808  112  5  3008  3028  3040  3049  3064  
3810  42  1  3008  
3811  41  1  3064  
3813  17  2  3028  3064  
3819  2  1  3008  
3833  1  1  3012  
3844  24  2  3001  3049  
3848  11  1  3064  
3852  23  1  3001  
3855  52  1  3064  
3860  6  1  3049  
3868  17  1  3008  
3870  38  1  3049  
3879  278  1  3012  
3893  8  1  3028  
3906  40  2  3012  3064  
3920  6  1  3008  
3921  50  1  3064  
3928  22  3  3012  3040  3064  
3929  39  2  3028  3059  
3939  11  1  3049  
3975  15  1  3014  
3986  24  1  3040  
3990  70  2  3028  3040  
3994  202  4  3028  3029  3049  3090  
3996  7  1  3064  
4001  36  1  3040  
4004  9  1  3049  
4008  22  1  3049  
4035  153  2  3012  3064  
4037  20  1  3064  
4039  50  1  3064  
4068  14  1  3064  
4071  19  1  3064  
4073  81  3  3001  3008  3049  
4078  9  1  3049  
4082  45  1  3001  
4086  3  1  3049  
4096  33  3  3001  3049  3064  
4102  40  1  3049  
4112  9  1  3064  
4114  11  1  3064  
4122  71  2  3049  3064  
4144  2  1  3064  
4165  1  1  3028  
4169  114  2  3001  3012  
4171  2  1  3040  
4173  3  1  3040  
4174  1  1  3040  
4175  19  1  3040  
4176  46  3  3001  3040  3049  
4177  10  1  3040  
4180  24  1  3014  
4183  13  1  3049  
4187  96  2  3008  3012  
4192  20  2  3017  3049  
4198  59  3  3001  3049  3064  
4213  3  1  3049  
4220  121  1  3049  
4225  62  2  3014  3049  
4231  36  2  3008  3049  
4240  11  1  3029  
4243  2  1  3064  
4247  18  2  3001  3064  
4248  38  1  3008  
4251  4  1  3064  
4256  34  1  3049  
4259  7  1  3064  
4260  1  1  3064  
4261  1  1  3064  
4262  1  1  3064  
4263  53  2  3014  3064  
4264  4  1  3064  
4265  1  1  3064  
4267  3  1  3064  
4309  28  1  3049  
4319  168  2  3012  3059  
4346  2  1  3049  
4350  30  1  3001  
4367  28  1  3049  
4369  4  1  3049  
4370  3  1  3049  
4371  5  1  3049  
4372  4  1  3049  
4373  4  1  3049  
4380  79  1  3001  
4383  11  1  3001  
4384  169  1  3008  
4426  10  2  3001  3008  
4427  214  2  3001  3008  
4434  8  1  3012  
4437  60  1  3008  
4440  361  2  3012  3085  
4446  44  1  3008  
4480  14  1  3014  
4485  139  1  3049  
4486  172  1  3012  
4492  2  1  3049  
4496  18  1  3049  
4498  7  1  3008  
4500  2  1  3008  
4514  26  1  3059  
4529  1  1  3008  
4530  3  1  3008  
4531  271  5  3008  3012  3017  3049  3059  
4532  3  1  3008  
4533  5  1  3008  
4551  54  1  3014  
4558  7  1  3049  
4583  51  1  3012  
4608  122  2  3049  3059  
4620  152  2  3012  3049  
4623  211  1  3012  
4624  312  1  3049  
4628  18  1  3085  
4691  12  1  3049  
4790  37  1  3049  
4800  40  1  3049  
4831  63  2  3049  3090  
4901  389  6  3012  3014  3029  3049  3059  3090  
4908  243  1  3012  
4909  26  1  3012  
4919  137  1  3049  
4927  46  1  3014  
4951  105  1  3012  
4958  27  1  3012  
4970  11  1  3049  
4977  66  2  3012  3017  
4979  7  1  3014  
4983  7  1  3059  
4986  28  1  3014  
5012  139  1  3049  
5050  50  1  3012  
5051  230  1  3049  
5065  44  1  3049  
5099  9  1  3049  
5110  75  1  3049  
5112  42  2  3017  3049  
5129  191  2  3012  3049  
5131  12  1  3059  
5133  222  4  3017  3029  3059  3090  
5135  385  7  3012  3014  3017  3029  3049  3059  3090  
5140  27  1  3049  
5143  29  1  3012  
5144  79  1  3049  
5145  41  1  3012  
5147  144  1  3014  
5149  84  2  3012  3049  
5150  75  1  3012  
5153  20  1  3090  
5155  98  3  3012  3049  3059  
5182  92  1  3049  
5191  50  1  3049  
5193  6  1  3085  
5218  19  1  3049  
5224  52  2  3029  3090  
5235  10  1  3014  
5241  42  1  3012  
5281  10  1  3049  
5294  81  2  3012  3090  
5295  20  1  3049  
5317  17  1  3049  
5319  3  1  3049  
5335  39  1  3029  
5337  7  1  3049  
5363  54  2  3014  3017  
5401  24  1  3049  
5437  3  1  3012  
5476  31  1  3012  
5477  53  1  3049  
5480  31  1  3017  
5495  75  1  3012  
5519  88  3  3012  3049  3059  
5521  76  1  3049  
5528  52  1  3049  
5542  78  1  3049  
5546  190  3  3012  3017  3029  
5557  23  1  3012  
5559  44  2  3012  3049  
5563  108  1  3059  
5583  35  1  3059  
5639  70  2  3029  3049  
5655  58  2  3012  3049  
5673  28  1  3012  
5684  101  1  3090  
5690  17  1  3049  
5699  54  3  3014  3017  3059  
5711  33  1  3049  
5737  29  1  3049  
5740  35  1  3090  
5772  177  5  3014  3017  3029  3049  3090  
5789  160  4  3029  3049  3059  3090  
5792  91  2  3014  3017  
5793  104  2  3049  3059  
5794  93  1  3059  
5796  5  1  3059  
5798  135  3  3014  3029  3090  
5801  50  1  3059  
5824  7  1  3059  
5826  11  1  3014  
5864  10  1  3049  
5874  100  2  3049  3059  
5921  77  1  3059  
6010  19  1  3049  
6019  31  2  3017  3049  
6021  28  1  3049  
6025  49  1  3059  
6026  191  5  3014  3017  3029  3059  3090  
6033  95  2  3017  3059  
6035  54  1  3049  
6037  29  2  3017  3049  
6049  65  1  3049  
6080  10  1  3049  
6081  41  1  3049  
6094  81  2  3029  3090  
6124  8  1  3059  
6127  13  1  3017  
6145  36  1  3090  
6146  21  1  3049  
6147  161  3  3014  3017  3090  
6149  27  2  3029  3090  
6153  31  1  3017  
6155  98  1  3090  
6156  37  1  3090  
6157  118  2  3017  3049  
6171  70  2  3017  3090  
6175  123  3  3014  3017  3059  
6180  93  2  3029  3059  
6197  12  1  3049  
6204  18  1  3090  
6294  47  1  3029  
6300  101  2  3029  3090  
6310  21  1  3059  
6322  11  1  3090  
6332  4  1  3049  
6335  89  4  3014  3017  3029  3090  
6348  39  1  3049  
6368  3  1  3014  
6381  12  1  3049  
6389  15  2  3029  3049  
6405  38  1  3049  
6418  5  1  3014  
6422  5  1  3049  
6427  10  1  3049  
6439  4  1  3049  
6440  7  1  3049  
6441  2  1  3049  
6442  1  1  3049  
6443  2  1  3049  
6444  1  1  3049  
6445  1  1  3049  
6446  1  1  3049  
6459  39  1  3017  
6493  27  2  3029  3090  
6514  2  1  3014  
6542  31  1  3014  
6553  9  1  3029  
6563  4  1  3014  
6578  39  1  3029  
6611  4  1  3090  
6627  36  1  3017  
6637  3  1  3090  
6656  3  1  3029  
6672  50  2  3029  3090  
6690  13  1  3029  
6698  35  1  3014  
6765  11  1  3014  
6768  24  1  3014  
6798  21  1  3014  
6864  15  1  3017  
6922  5  1  3014  
6923  5  1  3014  
