3  302  1  2436  
8  743  12  2405  2410  2428  2431  2438  2440  2442  2450  2453  2468  2469  2479  
9  65  1  2491  
11  114  2  2428  2438  
12  50  2  2428  2436  
17  187  1  2476  
18  76  1  2468  
21  309  7  2405  2410  2445  2451  2479  2480  2490  
24  102  1  2479  
33  227  7  2405  2406  2410  2436  2440  2468  2472  
39  89  1  2410  
41  44  2  2428  2437  
46  15  1  2428  
50  39  2  2442  2469  
53  24  1  2436  
57  9  1  2410  
63  44  2  2410  2436  
65  275  6  2404  2428  2438  2439  2480  2491  
66  109  1  2431  
81  122  1  2428  
82  195  1  2408  
84  29  1  2442  
89  80  1  2428  
97  68  2  2451  2469  
107  89  1  2428  
116  213  15  2405  2408  2410  2431  2436  2438  2439  2442  2445  2450  2451  2468  2476  2480  2483  
121  132  6  2410  2428  2437  2439  2468  2470  
122  80  4  2410  2428  2436  2439  
125  29  1  2428  
136  94  2  2406  2410  
149  44  1  2442  
153  32  2  2405  2410  
163  123  11  2408  2410  2436  2438  2439  2445  2447  2469  2476  2483  2491  
171  54  3  2410  2428  2442  
173  79  4  2410  2438  2479  2480  
175  4  1  2410  
177  3  1  2494  
192  31  1  2445  
201  1  1  2410  
204  100  3  2405  2410  2468  
223  39  1  2410  
242  86  1  2410  
246  56  1  2445  
260  56  5  2405  2410  2439  2453  2468  
267  6  1  2428  
272  71  3  2439  2480  2491  
288  244  8  2431  2438  2439  2442  2445  2450  2469  2476  
292  230  6  2410  2428  2453  2468  2476  2483  
293  321  7  2410  2428  2439  2440  2445  2456  2491  
297  77  1  2410  
299  140  1  2490  
301  199  4  2414  2445  2472  2479  
321  80  1  2436  
323  47  2  2410  2454  
328  86  1  2468  
337  18  1  2445  
346  5  1  2428  
350  117  3  2410  2428  2476  
361  45  1  2458  
383  34  1  2442  
384  145  3  2403  2410  2476  
389  21  1  2410  
401  79  3  2428  2483  2491  
408  157  3  2428  2453  2479  
422  15  1  2468  
431  732  10  2406  2410  2436  2438  2439  2470  2472  2476  2479  2491  
438  12  1  2410  
493  24  1  2491  
494  142  3  2410  2428  2445  
501  22  1  2439  
502  6  2  2439  2480  
504  121  3  2408  2439  2442  
535  18  1  2410  
548  214  5  2403  2410  2428  2437  2445  
578  150  4  2404  2410  2438  2439  
579  66  1  2445  
581  25  1  2436  
587  46  1  2439  
590  17  1  2480  
593  40  1  2428  
594  98  3  2410  2440  2453  
605  2  1  2440  
606  158  2  2428  2483  
607  13  1  2436  
629  47  1  2428  
635  118  4  2410  2428  2439  2469  
638  11  1  2438  
643  81  6  2410  2428  2440  2445  2447  2491  
645  95  1  2410  
646  123  2  2410  2428  
649  105  3  2410  2436  2442  
661  264  12  2404  2410  2414  2428  2432  2436  2438  2439  2447  2454  2480  2490  
666  32  1  2428  
676  232  1  2406  
680  93  1  2453  
686  66  2  2436  2439  
698  50  1  2436  
699  68  4  2410  2428  2436  2438  
700  34  1  2410  
702  773  20  2403  2405  2408  2410  2431  2438  2439  2443  2445  2447  2451  2458  2468  2472  2476  2479  2480  2483  2490  2494  
705  146  3  2410  2436  2445  
707  7  1  2428  
719  224  10  2403  2410  2428  2436  2438  2439  2445  2450  2468  2476  
722  12  1  2436  
723  113  1  2439  
724  317  5  2410  2428  2453  2472  2479  
736  4  1  2428  
739  90  1  2472  
746  272  13  2405  2428  2438  2439  2440  2445  2450  2453  2458  2470  2476  2479  2490  
758  165  8  2405  2410  2438  2445  2451  2458  2469  2483  
759  249  13  2403  2408  2410  2414  2423  2428  2436  2439  2447  2454  2480  2491  2494  
766  26  1  2410  
771  61  3  2404  2410  2490  
772  30  1  2469  
774  45  1  2431  
781  39  1  2438  
783  99  4  2414  2423  2436  2445  
785  91  11  2405  2428  2436  2445  2447  2453  2458  2469  2476  2483  2494  
789  16  2  2410  2468  
793  97  8  2403  2410  2428  2439  2445  2453  2468  2470  
797  11  1  2490  
807  122  5  2431  2438  2440  2442  2458  
825  24  1  2404  
829  119  1  2428  
852  21  2  2431  2490  
861  46  1  2410  
864  80  1  2404  
866  30  1  2439  
869  110  8  2405  2438  2439  2453  2454  2468  2472  2480  
870  27  5  2408  2410  2436  2472  2494  
871  29  2  2405  2472  
875  34  2  2405  2428  
877  42  1  2453  
882  16  2  2410  2445  
895  36  2  2439  2451  
896  11  2  2410  2491  
899  65  1  2410  
903  47  4  2410  2436  2476  2491  
907  77  1  2410  
909  292  20  2403  2405  2408  2410  2431  2436  2438  2439  2440  2442  2445  2447  2451  2458  2469  2476  2480  2483  2491  2494  
914  238  8  2405  2410  2439  2440  2468  2469  2476  2491  
915  45  2  2410  2439  
917  297  13  2406  2410  2436  2438  2439  2442  2450  2453  2468  2476  2490  2491  2494  
926  138  1  2436  
929  44  1  2458  
943  41  3  2410  2442  2479  
948  135  1  2410  
950  19  1  2405  
954  12  1  2480  
955  86  3  2410  2439  2450  
957  6  1  2468  
960  41  3  2428  2450  2453  
961  21  1  2445  
962  9  1  2469  
968  44  3  2403  2436  2491  
969  46  1  2445  
972  196  3  2406  2410  2439  
977  156  5  2438  2442  2468  2480  2490  
978  29  1  2443  
988  74  1  2438  
994  4  1  2491  
1006  10  1  2480  
1008  88  4  2410  2436  2438  2468  
1009  305  11  2406  2410  2435  2436  2439  2443  2453  2456  2468  2480  2490  
1011  2  1  2442  
1013  15  2  2410  2439  
1014  9  1  2491  
1016  3  1  2439  
1029  20  2  2410  2468  
1030  37  1  2410  
1032  62  1  2490  
1037  57  1  2436  
1038  399  7  2410  2431  2436  2438  2479  2480  2483  
1040  115  3  2403  2410  2468  
1041  135  3  2438  2479  2480  
1054  472  14  2408  2410  2428  2439  2445  2450  2451  2453  2468  2469  2480  2483  2490  2494  
1065  13  1  2490  
1066  599  20  2405  2408  2410  2428  2431  2435  2436  2438  2439  2443  2445  2447  2450  2453  2458  2468  2469  2476  2483  2491  
1067  158  9  2405  2410  2432  2435  2436  2447  2450  2468  2469  
1069  29  3  2405  2410  2428  
1084  79  1  2428  
1100  107  9  2403  2404  2410  2432  2436  2439  2445  2480  2494  
1102  66  1  2410  
1104  61  5  2436  2447  2479  2483  2494  
1110  218  8  2410  2439  2442  2445  2453  2468  2480  2494  
1111  79  2  2428  2438  
1112  4  1  2410  
1115  65  2  2410  2428  
1120  77  3  2451  2468  2490  
1127  11  3  2410  2436  2468  
1135  103  2  2410  2468  
1141  11  1  2468  
1146  77  3  2406  2410  2442  
1156  45  4  2408  2442  2445  2476  
1162  61  3  2405  2445  2490  
1174  124  3  2439  2440  2458  
1177  8  1  2404  
1180  65  5  2405  2410  2436  2442  2469  
1185  33  1  2450  
1188  9  1  2410  
1189  76  3  2432  2438  2480  
1197  290  18  2403  2405  2408  2410  2431  2439  2442  2447  2451  2458  2469  2476  2479  2480  2483  2490  2491  2494  
1198  20  1  2490  
1211  181  4  2410  2438  2447  2476  
1227  62  1  2410  
1247  91  1  2458  
1248  18  1  2439  
1250  22  2  2410  2439  
1252  4  1  2428  
1255  40  5  2408  2438  2445  2451  2458  
1256  33  2  2439  2447  
1261  462  9  2408  2410  2428  2439  2443  2450  2468  2470  2494  
1267  63  1  2410  
1268  52  3  2438  2479  2480  
1269  17  2  2439  2442  
1271  37  4  2438  2440  2445  2469  
1277  32  3  2439  2450  2490  
1282  199  6  2410  2451  2468  2469  2480  2490  
1301  13  1  2483  
1303  41  7  2403  2408  2442  2450  2453  2454  2468  
1308  52  1  2410  
1312  183  6  2403  2410  2414  2463  2468  2476  
1341  5  1  2479  
1346  48  2  2410  2428  
1350  24  1  2453  
1352  20  1  2431  
1354  156  4  2406  2410  2438  2447  
1358  2  1  2442  
1368  117  9  2405  2408  2410  2423  2428  2436  2450  2453  2483  
1372  157  5  2404  2405  2438  2483  2494  
1375  10  1  2436  
1376  210  9  2404  2410  2431  2442  2445  2451  2468  2491  2494  
1380  48  2  2410  2445  
1381  38  2  2436  2447  
1384  6  1  2436  
1386  41  2  2439  2458  
1400  99  3  2410  2438  2468  
1401  139  9  2404  2405  2410  2428  2436  2438  2439  2450  2451  
1416  68  5  2410  2440  2476  2490  2494  
1417  81  4  2404  2428  2438  2450  
1421  244  4  2431  2439  2443  2472  
1425  28  4  2410  2414  2436  2453  
1427  587  26  2404  2405  2408  2410  2414  2428  2435  2436  2438  2439  2440  2442  2445  2447  2450  2451  2453  2454  2468  2469  2470  2476  2480  2483  2490  2494  
1430  81  3  2403  2410  2436  
1433  79  2  2410  2450  
1441  27  2  2404  2494  
1443  46  5  2423  2438  2450  2468  2479  
1458  87  11  2404  2410  2428  2439  2445  2450  2453  2454  2480  2483  2490  
1466  30  2  2410  2439  
1470  29  2  2410  2476  
1481  355  10  2403  2410  2428  2438  2439  2447  2453  2468  2480  2490  
1487  73  2  2410  2439  
1494  80  3  2410  2431  2436  
1496  39  3  2410  2468  2476  
1511  36  2  2436  2469  
1515  48  1  2436  
1532  66  1  2443  
1539  5  1  2468  
1554  9  2  2410  2436  
1558  25  1  2438  
1561  50  1  2442  
1567  70  1  2428  
1570  93  7  2404  2423  2428  2431  2435  2450  2453  
1571  112  4  2406  2410  2428  2469  
1574  47  1  2490  
1578  6  1  2428  
1586  96  3  2410  2453  2458  
1598  45  2  2410  2428  
1600  18  1  2436  
1601  42  2  2436  2442  
1602  55  2  2410  2479  
1612  8  1  2442  
1616  76  3  2428  2450  2453  
1617  68  10  2410  2428  2436  2438  2439  2447  2458  2483  2490  2494  
1618  35  3  2410  2436  2439  
1621  23  1  2410  
1629  47  1  2406  
1634  97  5  2406  2410  2439  2462  2469  
1636  67  7  2403  2405  2410  2428  2439  2440  2480  
1639  141  7  2404  2405  2410  2423  2432  2454  2468  
1643  1  1  2410  
1646  6  2  2410  2442  
1648  57  4  2404  2410  2438  2494  
1656  31  1  2410  
1658  26  1  2410  
1659  44  1  2483  
1663  48  2  2440  2480  
1666  19  1  2480  
1671  129  7  2414  2430  2431  2436  2437  2453  2491  
1674  43  5  2410  2428  2436  2439  2476  
1676  41  1  2440  
1677  105  9  2406  2410  2436  2438  2439  2442  2445  2480  2490  
1678  10  1  2410  
1680  90  10  2410  2428  2430  2439  2445  2450  2468  2469  2476  2480  
1692  6  1  2439  
1694  73  3  2410  2445  2490  
1696  28  3  2403  2439  2480  
1705  47  2  2410  2476  
1718  1  1  2428  
1730  33  4  2405  2410  2469  2476  
1738  44  7  2403  2405  2410  2440  2442  2480  2494  
1744  36  3  2404  2405  2410  
1749  51  4  2435  2436  2479  2483  
1769  112  2  2403  2410  
1772  204  15  2403  2404  2408  2410  2431  2432  2435  2439  2450  2453  2454  2480  2490  2491  2494  
1775  22  2  2436  2439  
1778  7  1  2439  
1781  15  1  2439  
1791  3  1  2410  
1796  14  1  2410  
1798  29  4  2410  2438  2442  2469  
1806  5  1  2439  
1811  18  1  2469  
1812  31  2  2476  2491  
1817  181  17  2405  2406  2408  2410  2436  2438  2439  2440  2442  2445  2451  2458  2469  2476  2480  2483  2490  
1821  34  1  2468  
1824  47  3  2408  2410  2468  
1829  56  6  2408  2410  2428  2431  2440  2458  
1834  36  1  2476  
1835  66  4  2410  2450  2468  2490  
1836  16  2  2410  2450  
1843  39  1  2410  
1845  63  4  2408  2410  2436  2442  
1850  63  4  2431  2436  2445  2453  
1851  27  1  2443  
1857  13  3  2428  2438  2480  
1873  22  1  2439  
1877  8  1  2428  
1880  6  1  2439  
1885  3  1  2442  
1898  121  4  2410  2436  2439  2476  
1899  21  3  2410  2428  2468  
1901  50  3  2405  2408  2445  
1905  17  1  2468  
1907  7  1  2410  
1908  121  7  2404  2405  2410  2428  2450  2453  2490  
1917  28  1  2468  
1923  8  1  2428  
1925  55  4  2410  2428  2468  2490  
1933  45  2  2423  2490  
1938  4  2  2410  2436  
1943  7  2  2410  2468  
1944  39  2  2403  2410  
1945  16  1  2430  
1948  113  10  2403  2436  2438  2440  2442  2451  2468  2476  2479  2490  
1949  5  1  2410  
1950  122  5  2405  2410  2435  2442  2451  
1954  3  1  2410  
1956  44  2  2410  2442  
1960  129  8  2405  2410  2428  2431  2450  2453  2468  2490  
1962  146  7  2410  2436  2439  2442  2443  2476  2490  
1970  23  1  2438  
1971  145  2  2406  2436  
1979  4  1  2410  
1981  41  1  2454  
1991  32  2  2453  2468  
1993  16  3  2436  2445  2491  
1994  29  1  2468  
1996  65  5  2404  2405  2406  2410  2436  
1998  17  4  2436  2439  2447  2483  
2000  3  1  2410  
2008  61  1  2450  
2028  14  1  2456  
2029  31  1  2442  
2043  3  1  2410  
2044  34  2  2410  2436  
2048  143  11  2410  2414  2431  2436  2439  2447  2458  2480  2483  2491  2494  
2049  49  6  2405  2410  2423  2436  2439  2468  
2050  66  6  2404  2414  2428  2435  2442  2454  
2051  12  3  2404  2414  2432  
2052  36  1  2410  
2053  14  1  2439  
2055  75  8  2410  2436  2439  2447  2480  2483  2491  2494  
2056  241  14  2405  2431  2436  2439  2442  2445  2451  2458  2469  2476  2479  2480  2483  2490  
2059  108  4  2410  2436  2442  2450  
2060  14  1  2450  
2066  38  2  2404  2410  
2068  25  4  2410  2436  2439  2490  
2069  22  4  2437  2439  2458  2476  
2072  31  1  2490  
2073  247  14  2405  2410  2432  2435  2436  2437  2439  2442  2451  2453  2454  2468  2470  2490  
2074  49  3  2451  2469  2491  
2075  95  1  2410  
2080  58  2  2439  2480  
2087  31  5  2405  2410  2428  2436  2439  
2089  48  2  2410  2439  
2094  2  1  2410  
2097  17  2  2410  2494  
2101  14  1  2453  
2102  120  13  2405  2436  2437  2438  2439  2440  2442  2445  2451  2458  2469  2470  2476  
2106  9  4  2405  2410  2423  2450  
2109  164  9  2405  2410  2436  2439  2442  2445  2451  2468  2476  
2110  48  2  2431  2439  
2111  67  7  2405  2406  2410  2436  2450  2470  2483  
2117  4  1  2428  
2133  19  3  2405  2410  2428  
2134  111  6  2410  2436  2438  2439  2442  2445  
2137  252  13  2405  2408  2431  2438  2439  2440  2442  2445  2451  2458  2469  2470  2476  
2138  215  14  2405  2406  2428  2437  2438  2439  2442  2445  2450  2451  2453  2468  2476  2490  
2142  36  5  2410  2436  2438  2442  2491  
2148  6  1  2439  
2152  5  1  2436  
2153  7  2  2428  2435  
2158  2  1  2410  
2165  57  5  2439  2440  2442  2447  2476  
2166  12  1  2410  
2168  3  1  2438  
2172  14  2  2445  2451  
2173  77  7  2404  2431  2436  2442  2445  2450  2468  
2174  7  3  2410  2428  2450  
2175  8  2  2410  2428  
2179  124  9  2410  2431  2438  2439  2442  2447  2479  2480  2490  
2183  49  1  2468  
2184  26  1  2406  
2188  71  3  2410  2428  2436  
2190  72  1  2410  
2204  62  7  2405  2410  2423  2436  2440  2445  2469  
2216  141  10  2438  2439  2442  2445  2451  2458  2469  2470  2491  2494  
2219  6  2  2410  2428  
2221  37  2  2432  2491  
2222  7  1  2428  
2231  11  1  2414  
2236  35  4  2404  2410  2439  2442  
2240  50  1  2439  
2271  75  6  2404  2447  2468  2480  2490  2494  
2272  103  7  2410  2447  2453  2468  2480  2490  2494  
2273  142  16  2403  2404  2405  2410  2423  2431  2435  2436  2439  2447  2450  2453  2454  2468  2480  2490  
2275  35  2  2403  2490  
2277  6  1  2435  
2283  324  15  2405  2410  2431  2432  2438  2439  2440  2442  2445  2451  2458  2469  2479  2483  2494  
2285  21  1  2410  
2294  38  5  2410  2442  2447  2468  2476  
2297  3  1  2414  
2299  30  2  2440  2445  
2301  100  3  2405  2440  2445  
2303  46  2  2442  2443  
2304  69  5  2403  2410  2436  2476  2494  
2305  13  2  2410  2453  
2306  11  4  2405  2410  2423  2468  
2307  68  9  2403  2410  2436  2439  2445  2458  2476  2483  2490  
2313  44  1  2442  
2321  7  1  2476  
2323  2  1  2410  
2334  37  4  2403  2410  2436  2491  
2335  93  4  2408  2445  2476  2490  
2339  34  6  2423  2439  2445  2450  2458  2476  
2340  105  9  2410  2431  2438  2439  2445  2447  2451  2458  2470  
2341  12  2  2431  2442  
2343  26  1  2480  
2348  77  2  2404  2490  
2350  82  6  2403  2410  2436  2439  2447  2458  
2351  180  8  2403  2405  2431  2438  2439  2440  2469  2491  
2355  50  3  2442  2445  2476  
2356  893  26  2403  2408  2410  2431  2432  2436  2437  2438  2439  2440  2442  2443  2445  2447  2451  2458  2469  2470  2472  2476  2479  2480  2483  2490  2491  2494  
2357  32  3  2439  2445  2458  
2363  7  1  2414  
2365  2  1  2410  
2367  146  14  2406  2410  2431  2436  2439  2445  2447  2458  2470  2472  2476  2480  2483  2494  
2369  12  2  2403  2410  
2374  2  1  2410  
2376  60  3  2410  2436  2438  
2377  2  1  2428  
2378  12  2  2403  2410  
2382  32  3  2410  2439  2476  
2383  45  4  2405  2410  2450  2483  
2384  49  3  2410  2442  2450  
2385  13  2  2410  2428  
2387  7  2  2410  2428  
2388  9  1  2450  
2391  64  3  2406  2410  2490  
2392  1  1  2410  
2393  1  1  2410  
2394  14  1  2410  
2395  7  2  2406  2410  
2396  1  1  2410  
2397  7  2  2403  2410  
2398  29  1  2410  
2399  25  3  2410  2458  2469  
2400  5  1  2410  
2401  2  1  2410  
2402  1  1  2410  
2403  22  3  2410  2451  2480  
2404  53  9  2410  2431  2436  2438  2442  2445  2450  2453  2494  
2405  46  4  2410  2442  2450  2480  
2406  24  3  2404  2410  2450  
2408  108  5  2406  2410  2437  2438  2451  
2409  1  1  2410  
2418  1  1  2428  
2419  1  1  2428  
2420  1  1  2428  
2421  1  1  2428  
2422  1  1  2428  
2423  1  1  2428  
2424  1  1  2428  
2425  1  1  2428  
2426  1  1  2428  
2427  1  1  2428  
2429  1  1  2430  
2431  39  4  2403  2406  2410  2450  
2434  1  1  2435  
2436  269  14  2405  2408  2410  2437  2438  2442  2445  2447  2450  2451  2469  2476  2490  2494  
2438  113  10  2405  2410  2437  2439  2442  2445  2458  2469  2476  2479  
2439  104  10  2410  2438  2442  2447  2451  2458  2469  2476  2480  2494  
2440  49  2  2437  2445  
2441  1  1  2437  
2442  44  4  2410  2437  2439  2476  
2443  307  10  2437  2438  2439  2442  2458  2469  2470  2472  2476  2479  
2444  12  4  2437  2440  2458  2470  
2445  164  10  2410  2436  2438  2439  2442  2469  2476  2480  2491  2494  
2446  1  1  2450  
2447  2  1  2450  
2448  2  1  2450  
2449  1  1  2450  
2451  126  2  2436  2491  
2452  1  1  2453  
2456  13  1  2468  
2458  103  12  2405  2408  2410  2436  2439  2445  2469  2476  2480  2483  2491  2494  
2460  7  1  2404  
2465  1  1  2468  
2466  13  3  2436  2468  2483  
2467  1  1  2468  
2469  156  15  2405  2406  2408  2410  2436  2438  2439  2442  2445  2447  2451  2480  2483  2491  2494  
2470  13  4  2436  2442  2447  2491  
2471  618  23  2403  2405  2406  2408  2410  2431  2436  2438  2439  2440  2442  2445  2447  2451  2458  2469  2470  2476  2479  2480  2483  2491  2494  
2472  38  3  2442  2483  2491  
2473  26  6  2410  2436  2439  2447  2491  2494  
2474  44  5  2410  2443  2445  2483  2491  
2475  19  5  2410  2436  2483  2491  2494  
2476  149  7  2410  2436  2438  2439  2442  2451  2491  
2477  18  2  2436  2491  
2478  7  4  2436  2438  2451  2491  
2479  64  5  2410  2436  2438  2491  2494  
2480  45  5  2405  2410  2439  2442  2491  
2481  15  4  2436  2445  2483  2491  
2482  74  8  2438  2440  2442  2445  2447  2451  2491  2494  
2483  168  14  2405  2408  2410  2438  2439  2440  2442  2445  2451  2458  2469  2476  2491  2494  
2484  19  3  2436  2439  2491  
2485  80  2  2436  2491  
2486  61  7  2408  2410  2436  2445  2483  2491  2494  
2487  75  6  2410  2439  2447  2476  2480  2491  
2488  1  1  2491  
2489  18  2  2483  2491  
2490  103  6  2403  2405  2410  2431  2438  2447  
2491  9  1  2436  
2493  13  1  2445  
2494  200  13  2405  2408  2410  2431  2436  2438  2439  2440  2442  2445  2451  2458  2476  
2499  21  1  2438  
2506  33  1  2438  
2514  16  1  2436  
2517  28  2  2404  2476  
2519  39  1  2404  
2520  25  2  2404  2436  
2521  79  8  2404  2410  2436  2439  2442  2458  2470  2476  
2529  5  1  2439  
2534  3  1  2439  
2540  40  2  2431  2490  
2546  46  1  2445  
2547  35  1  2445  
2562  173  12  2410  2431  2436  2439  2442  2445  2447  2470  2476  2480  2483  2494  
2564  18  2  2410  2436  
2570  8  1  2469  
2574  16  3  2438  2451  2458  
2576  5  2  2403  2410  
2582  11  3  2405  2410  2476  
2585  18  2  2405  2445  
2587  43  3  2410  2439  2490  
2595  39  4  2405  2406  2410  2458  
2600  21  3  2405  2442  2445  
2602  14  1  2431  
2604  124  13  2405  2408  2410  2431  2436  2438  2439  2445  2451  2458  2470  2476  2483  
2617  5  1  2447  
2620  139  1  2405  
2621  5  1  2408  
2632  282  14  2403  2405  2410  2436  2438  2440  2442  2447  2472  2479  2480  2483  2490  2494  
2633  87  5  2405  2410  2436  2438  2480  
2634  6  1  2410  
2638  2  1  2469  
2641  28  1  2447  
2657  29  4  2410  2436  2439  2442  
2658  4  1  2410  
2660  8  1  2410  
2663  6  1  2439  
2665  12  1  2408  
2666  57  5  2410  2436  2439  2442  2480  
2668  33  2  2410  2439  
2677  35  2  2438  2442  
2679  19  3  2410  2431  2436  
2685  62  2  2436  2451  
2687  36  1  2431  
2690  7  2  2442  2490  
2691  123  9  2405  2408  2410  2438  2442  2445  2451  2476  2483  
2692  11  1  2476  
2696  10  1  2445  
2697  26  2  2439  2480  
2699  13  1  2490  
2700  19  2  2410  2445  
2702  10  1  2439  
2707  47  2  2410  2431  
2712  70  5  2436  2438  2439  2440  2447  
2715  238  11  2431  2438  2439  2440  2442  2445  2458  2476  2479  2480  2490  
2716  55  3  2438  2443  2480  
2717  3  1  2440  
2720  357  5  2405  2431  2438  2472  2479  
2724  7  1  2403  
2729  44  2  2438  2443  
2735  55  4  2438  2439  2442  2479  
2741  3  1  2490  
2742  10  1  2403  
2745  7  1  2410  
2746  43  2  2445  2447  
2747  7  1  2439  
2751  28  3  2410  2439  2483  
2752  31  4  2403  2439  2447  2490  
2753  15  1  2438  
2755  51  4  2438  2445  2451  2476  
2756  123  9  2438  2439  2442  2445  2451  2458  2476  2480  2490  
2761  44  1  2490  
2762  2  2  2442  2490  
2763  3  1  2490  
2764  19  3  2408  2438  2490  
2765  1  1  2490  
2766  52  7  2408  2410  2436  2480  2483  2490  2494  
2767  7  1  2490  
2768  1  1  2490  
2770  52  5  2410  2436  2438  2445  2451  
2772  175  12  2410  2436  2438  2439  2445  2451  2458  2469  2476  2479  2480  2483  
2774  189  12  2405  2408  2410  2436  2438  2439  2442  2445  2458  2469  2470  2476  
2777  50  9  2410  2436  2438  2439  2442  2445  2447  2476  2480  
2778  216  6  2436  2442  2447  2458  2470  2494  
2779  45  6  2438  2439  2442  2458  2476  2480  
2780  38  1  2410  
2782  7  2  2438  2445  
2783  7  1  2436  
2785  14  3  2410  2436  2445  
2787  14  1  2480  
2794  6  1  2403  
2798  9  2  2436  2438  
2800  52  7  2405  2436  2438  2439  2451  2458  2476  
2801  44  6  2408  2410  2438  2442  2451  2470  
2802  48  1  2438  
2803  32  5  2410  2436  2438  2479  2480  
2806  42  5  2436  2439  2447  2480  2494  
2812  25  5  2408  2410  2439  2447  2480  
2813  34  4  2410  2436  2442  2445  
2820  20  1  2410  
2823  62  1  2442  
2826  8  2  2479  2480  
2828  4  1  2410  
2831  81  6  2410  2439  2472  2480  2483  2494  
2834  37  2  2410  2494  
2835  3  1  2480  
2837  37  7  2410  2436  2439  2447  2480  2483  2494  
2845  10  1  2438  
2846  8  2  2439  2480  
2856  3  1  2410  
2857  8  1  2470  
2859  2  1  2410  
2860  16  4  2410  2436  2442  2470  
2862  15  4  2410  2442  2458  2476  
2864  2  1  2410  
2875  49  2  2439  2443  
2877  88  9  2405  2410  2439  2442  2445  2469  2476  2483  2494  
2879  1  1  2480  
2880  6  1  2480  
2881  26  4  2439  2451  2458  2480  
2883  10  2  2436  2439  
2891  9  2  2410  2439  
2893  3  2  2439  2447  
2899  79  5  2410  2431  2438  2439  2440  
2901  1  1  2442  
2905  41  4  2405  2438  2442  2479  
2907  24  2  2439  2445  
2908  3  1  2439  
2909  1  1  2439  
2910  2  2  2436  2439  
2911  1  1  2439  
2912  2  1  2439  
2913  1  1  2439  
2914  1  1  2439  
2915  20  2  2439  2470  
2916  10  1  2439  
2917  10  1  2439  
2919  56  6  2438  2440  2445  2470  2476  2479  
2923  22  3  2436  2442  2483  
2929  8  3  2436  2447  2483  
2930  1  1  2447  
2931  1  1  2447  
2936  41  5  2410  2442  2445  2472  2483  
2952  13  1  2410  
2954  19  1  2436  
2976  3  2  2410  2483  
2978  37  6  2410  2438  2440  2458  2476  2483  
2980  3  1  2410  
2983  95  6  2410  2439  2442  2445  2458  2469  
2985  8  2  2410  2436  
2987  9  2  2436  2445  
2993  2  2  2410  2436  
2994  3  1  2410  
2995  2  1  2410  
2996  2  1  2410  
2997  2  1  2410  
2998  1  1  2410  
2999  69  2  2406  2410  
3000  14  2  2410  2442  
3001  79  5  2408  2410  2438  2440  2451  
3002  1  1  2410  
3003  2  1  2410  
3004  2  1  2410  
3005  3  1  2410  
3006  1  1  2410  
3007  5  1  2436  
3008  20  1  2408  
3011  36  1  2436  
3012  58  4  2405  2408  2445  2470  
3017  51  1  2440  
3021  15  2  2442  2458  
3024  31  3  2408  2442  2476  
3029  18  1  2443  
3031  1  1  2436  
3032  5  1  2436  
3033  1  1  2436  
3034  13  1  2436  
3035  3  1  2436  
3036  15  2  2405  2436  
3037  1  1  2436  
3044  6  2  2438  2451  
3045  18  1  2438  
3048  15  3  2442  2445  2458  
3049  13  1  2431  
3058  35  2  2408  2445  
3059  5  1  2442  
3061  9  1  2451  
3062  55  1  2405  
3064  273  13  2405  2431  2438  2439  2440  2442  2445  2451  2458  2470  2472  2476  2479  
3076  63  1  2442  
3084  43  2  2438  2442  
3086  4  1  2439  
3087  41  1  2442  
3088  19  3  2438  2445  2451  
3089  42  3  2439  2442  2445  
3090  180  1  2408  
3092  2  1  2438  
3096  15  2  2431  2442  
3098  60  1  2479  
3099  4  1  2445  
3100  33  2  2405  2442  
3102  156  7  2431  2438  2439  2442  2445  2470  2476  
3105  3  1  2439  
3110  122  5  2408  2431  2438  2439  2472  
3112  89  5  2408  2439  2442  2451  2476  
3122  30  2  2438  2442  
3124  3  1  2445  
3137  88  8  2405  2406  2438  2440  2442  2451  2458  2476  
3140  20  1  2476  
3144  271  1  2443  
3146  314  3  2431  2472  2479  
3148  98  1  2438  
3149  131  1  2479  
3150  319  3  2431  2472  2479  
3151  148  4  2405  2438  2442  2476  
3152  68  1  2479  
3153  241  3  2443  2472  2479  
3154  166  4  2405  2439  2442  2469  
3155  69  3  2439  2442  2469  
3159  54  1  2479  
3166  23  1  2469  
3167  21  5  2408  2439  2451  2458  2476  
3172  53  6  2405  2408  2438  2439  2458  2470  
3173  42  2  2470  2476  
3174  102  6  2405  2431  2438  2442  2451  2470  
3175  18  4  2439  2442  2445  2470  
3176  17  4  2438  2445  2469  2470  
3177  24  3  2439  2451  2470  
3178  20  4  2439  2442  2458  2470  
3181  16  1  2440  
3189  10  2  2408  2445  
3194  1  1  2408  
3196  11  1  2445  
3200  9  1  2438  
3201  4  1  2445  
3205  6  1  2442  
3206  48  4  2405  2442  2469  2476  
3210  28  3  2439  2442  2476  
3212  16  1  2442  
3213  6  1  2439  
3214  64  3  2405  2442  2469  
3215  13  1  2439  
3217  3  1  2445  
3220  5  1  2438  
3221  6  2  2445  2451  
3224  2  1  2445  
3225  4  1  2445  
3226  81  7  2431  2438  2440  2442  2445  2451  2469  
3227  5  1  2445  
3228  3  2  2442  2445  
3229  7  2  2442  2445  
3230  2  1  2445  
3237  8  2  2438  2439  
3239  14  2  2451  2476  
3240  14  1  2469  
3243  16  2  2438  2451  
3244  4  1  2451  
3245  40  4  2405  2442  2451  2458  
3246  3  1  2451  
3247  2  1  2451  
3248  1  1  2451  
3249  1  1  2451  
3250  18  4  2405  2439  2442  2451  
3251  147  2  2438  2442  
3252  42  4  2438  2439  2442  2476  
3253  45  1  2438  
3261  4  1  2442  
3264  156  1  2443  
3265  15  1  2458  
3266  5  1  2442  
3270  26  1  2439  
3274  13  1  2479  
3275  4  1  2439  
3277  12  1  2458  
3278  52  2  2442  2479  
3286  4  1  2458  
3287  22  4  2439  2442  2458  2476  
3289  205  1  2472  
3290  144  6  2405  2431  2438  2440  2442  2469  
3297  22  1  2442  
3299  64  4  2405  2438  2440  2442  
3303  32  1  2442  
3304  91  2  2405  2438  
3306  48  1  2442  
3308  63  1  2440  
3314  212  2  2438  2479  
3315  362  2  2406  2443  
3316  44  1  2405  
3317  40  2  2431  2438  
3318  9  1  2442  
3325  2  1  2476  
3327  9  1  2476  
3328  3  1  2476  
3329  1  1  2476  
3330  39  2  2406  2476  
3332  87  4  2405  2438  2439  2479  
3333  36  1  2405  
3337  20  1  2443  
3338  144  1  2440  
3349  17  1  2469  
3350  2  1  2442  
3352  1  1  2439  
3353  75  5  2405  2438  2440  2442  2469  
3354  6  1  2439  
3355  1  1  2439  
3356  2  1  2439  
3357  3  1  2439  
3358  1  1  2439  
3359  4  1  2439  
3360  2  1  2439  
3361  1  1  2439  
3362  95  3  2439  2443  2472  
3363  8  1  2439  
3364  1  1  2439  
3365  1  1  2439  
3366  1  1  2439  
3367  1  1  2439  
3368  1  1  2439  
3369  1  1  2439  
3383  15  1  2438  
3388  11  1  2442  
3391  93  2  2431  2438  
3392  4  1  2442  
3393  3  1  2440  
3408  30  2  2438  2479  
3411  11  1  2405  
3412  15  1  2405  
3414  6  1  2442  
3416  1  1  2442  
3417  1  1  2442  
3418  1  1  2442  
3419  1  1  2442  
3420  2  1  2442  
3421  8  1  2442  
3422  3  1  2442  
3423  10  1  2442  
3443  232  4  2405  2438  2443  2479  
3447  46  1  2479  
3465  53  1  2440  
3466  94  2  2431  2438  
3467  47  1  2438  
3468  20  1  2440  
3489  15  1  2405  
3496  2  1  2440  
3498  82  3  2405  2438  2479  
3549  29  1  2431  
3557  7  1  2438  
3577  26  2  2405  2431  
3578  30  2  2438  2440  
3585  15  1  2405  
3586  2  1  2405  
3587  23  1  2405  
3588  16  2  2405  2440  
3592  89  2  2431  2438  
3596  90  1  2472  
3610  32  1  2440  
3624  2  1  2440  
3625  15  1  2440  
3626  7  1  2440  
3648  147  2  2438  2479  
3651  9  1  2438  
3654  21  1  2438  
3657  257  2  2472  2479  
3674  131  3  2406  2431  2438  
3679  111  2  2431  2438  
3681  29  1  2479  
3682  115  1  2438  
3683  33  2  2438  2479  
3685  86  1  2479  
3686  77  2  2438  2479  
3736  64  1  2431  
3740  37  1  2431  
3749  84  1  2479  
3750  43  1  2431  
3754  2  1  2438  
3800  65  2  2431  2479  
3808  112  1  2479  
3854  5  1  2479  
3879  278  1  2406  
3971  17  1  2479  
3975  15  1  2431  
3979  5  1  2479  
3994  202  1  2472  
4035  153  2  2443  2472  
4039  50  2  2443  2472  
4102  40  1  2406  
4152  228  2  2443  2472  
4163  11  1  2479  
4169  114  1  2472  
4187  96  1  2406  
4192  20  1  2479  
4196  57  1  2472  
4198  59  1  2479  
4225  62  1  2443  
4226  46  1  2472  
4250  3  1  2479  
4266  14  1  2406  
4288  73  1  2443  
4320  78  1  2472  
4350  30  1  2472  
4364  3  1  2406  
4378  7  1  2479  
4379  5  1  2479  
4380  79  2  2472  2479  
4384  169  1  2472  
4427  214  2  2443  2472  
4439  25  1  2472  
4440  361  2  2406  2472  
4446  44  1  2472  
4453  53  2  2443  2472  
4485  139  1  2406  
4486  172  1  2406  
4583  51  2  2406  2472  
4596  24  1  2472  
4599  12  1  2406  
4612  101  1  2406  
4614  217  1  2406  
4624  312  1  2406  
4633  6  1  2472  
4634  22  1  2443  
4672  44  1  2406  
4680  33  1  2472  
4681  8  1  2472  
4715  61  1  2406  
4747  30  1  2443  
4901  389  1  2443  
4919  137  1  2443  
4953  12  1  2406  
4977  66  1  2406  
5051  230  1  2406  
5129  191  1  2443  
5133  222  1  2443  
5135  385  2  2406  2443  
5294  81  1  2406  
5302  68  1  2406  
5317  17  1  2443  
5325  80  1  2443  
5335  39  1  2443  
5363  54  1  2443  
5397  2  1  2406  
5439  10  1  2443  
5460  14  1  2406  
5476  31  1  2406  
5482  17  1  2406  
5521  76  1  2406  
5546  190  1  2406  
5552  10  1  2406  
5563  108  1  2406  
5618  4  1  2406  
5639  70  1  2406  
5655  58  1  2406  
5660  8  1  2406  
5662  2  1  2406  
5670  13  1  2406  
5673  28  1  2406  
5678  22  1  2406  
5772  177  1  2443  
5780  10  1  2406  
5798  135  2  2406  2443  
5799  3  1  2406  
5800  9  1  2406  
5801  50  1  2406  
5831  29  1  2443  
5840  6  1  2443  
5933  42  1  2443  
6019  31  1  2443  
6026  191  1  2443  
6033  95  1  2443  
6035  54  1  2443  
6063  47  1  2443  
6113  10  1  2443  
6122  15  1  2443  
6147  161  1  2443  
6171  70  1  2443  
6175  123  1  2443  
6215  24  1  2443  
6294  47  1  2443  
6305  23  1  2443  
6334  19  1  2443  
6335  89  1  2443  
6355  27  1  2443  
6414  24  1  2443  
6415  52  1  2443  
6453  10  1  2443  
6478  9  1  2443  
6542  31  1  2443  
6622  25  1  2443  
6662  45  1  2443  
6699  11  1  2443  
6768  24  1  2443  
6782  11  1  2443  
6798  21  1  2443  
6800  6  1  2443  
6864  15  1  2443  
6867  1  1  2443  
