3  302  1  3415  
8  743  10  3408  3415  3443  3453  3459  3460  3465  3479  3490  3493  
9  65  1  3490  
12  50  1  3415  
17  187  1  3415  
21  309  5  3408  3446  3453  3490  3498  
22  90  1  3415  
26  150  1  3490  
41  44  1  3466  
44  146  2  3415  3456  
50  39  2  3415  3465  
56  94  1  3460  
63  44  1  3456  
65  275  3  3459  3460  3469  
66  109  2  3453  3457  
70  31  1  3415  
72  25  1  3465  
103  190  3  3412  3446  3479  
116  213  5  3430  3433  3465  3490  3493  
121  132  2  3427  3457  
125  29  1  3427  
136  94  1  3456  
140  58  1  3443  
163  123  1  3465  
164  334  2  3479  3490  
169  63  1  3415  
173  79  1  3443  
192  31  1  3483  
204  100  1  3415  
246  56  2  3457  3483  
288  244  3  3457  3465  3493  
293  321  2  3415  3490  
301  199  6  3408  3412  3449  3479  3490  3498  
323  47  1  3415  
328  86  1  3465  
350  117  2  3415  3449  
368  1  1  3433  
375  7  1  3446  
384  145  1  3483  
389  21  1  3466  
408  157  2  3449  3456  
430  5  1  3415  
431  732  11  3415  3427  3449  3456  3460  3465  3479  3490  3493  3495  3498  
437  17  2  3465  3490  
484  4  1  3453  
485  5  1  3415  
494  142  1  3464  
507  4  1  3415  
530  34  1  3465  
548  214  4  3415  3427  3457  3483  
578  150  3  3415  3449  3456  
587  46  1  3456  
603  14  1  3415  
607  13  1  3415  
626  83  1  3415  
635  118  1  3460  
645  95  1  3415  
658  4  1  3461  
661  264  3  3415  3449  3465  
676  232  2  3446  3489  
699  68  2  3412  3459  
700  34  1  3415  
702  773  18  3408  3412  3427  3430  3433  3443  3446  3449  3456  3457  3459  3465  3466  3479  3483  3489  3490  3498  
705  146  1  3415  
716  8  1  3415  
719  224  1  3415  
723  113  1  3415  
724  317  5  3408  3415  3479  3490  3498  
739  90  1  3453  
743  34  1  3415  
746  272  3  3408  3493  3498  
755  11  2  3408  3498  
758  165  6  3408  3449  3453  3469  3473  3483  
759  249  1  3415  
766  26  1  3493  
771  61  1  3456  
781  39  1  3415  
785  91  2  3456  3495  
807  122  3  3405  3465  3490  
822  26  1  3490  
829  119  1  3415  
833  9  1  3415  
847  149  1  3460  
859  22  1  3449  
880  12  1  3415  
881  22  1  3427  
895  36  1  3427  
909  292  10  3405  3427  3453  3457  3460  3462  3465  3476  3493  3495  
914  238  1  3453  
917  297  3  3449  3459  3466  
943  41  1  3408  
948  135  1  3415  
951  39  1  3443  
955  86  1  3490  
972  196  1  3415  
977  156  1  3465  
979  16  2  3456  3473  
987  95  3  3446  3479  3489  
1024  6  1  3483  
1030  37  2  3427  3449  
1034  62  1  3415  
1038  399  9  3408  3443  3449  3459  3465  3466  3483  3490  3498  
1041  135  4  3408  3415  3449  3498  
1054  472  5  3412  3446  3449  3460  3489  
1064  39  1  3415  
1066  599  8  3415  3449  3456  3460  3465  3466  3479  3490  
1067  158  2  3415  3483  
1069  29  1  3460  
1093  31  1  3415  
1096  9  1  3427  
1104  61  3  3415  3490  3498  
1110  218  1  3460  
1120  77  1  3460  
1134  20  1  3415  
1135  103  1  3460  
1140  35  2  3415  3453  
1146  77  1  3490  
1158  8  1  3415  
1162  61  1  3453  
1180  65  1  3415  
1189  76  2  3415  3453  
1197  290  8  3427  3430  3453  3456  3457  3460  3465  3493  
1211  181  2  3415  3443  
1223  6  1  3415  
1228  8  1  3446  
1240  117  1  3415  
1243  30  1  3483  
1244  8  1  3427  
1246  20  1  3466  
1248  18  1  3415  
1256  33  4  3415  3430  3441  3490  
1257  1  1  3415  
1258  1  1  3415  
1261  462  4  3412  3415  3479  3490  
1264  33  1  3415  
1268  52  2  3408  3415  
1269  17  1  3405  
1271  37  1  3415  
1277  32  1  3415  
1303  41  1  3460  
1312  183  3  3464  3483  3490  
1341  5  1  3408  
1353  7  1  3415  
1354  156  1  3466  
1364  52  1  3415  
1376  210  2  3430  3479  
1400  99  1  3415  
1401  139  7  3453  3457  3459  3460  3462  3465  3493  
1408  2  1  3415  
1416  68  1  3465  
1417  81  1  3415  
1421  244  3  3433  3456  3462  
1427  587  13  3405  3415  3443  3449  3453  3456  3457  3460  3465  3466  3483  3489  3493  
1428  42  2  3453  3465  
1441  27  1  3415  
1443  46  2  3408  3498  
1460  102  1  3460  
1470  29  1  3489  
1481  355  5  3449  3457  3465  3466  3490  
1495  50  1  3446  
1496  39  1  3465  
1511  36  1  3446  
1538  55  1  3449  
1550  4  1  3466  
1557  6  1  3459  
1561  50  1  3460  
1598  45  1  3457  
1612  8  1  3433  
1616  76  1  3415  
1617  68  2  3415  3490  
1618  35  1  3465  
1621  23  1  3443  
1629  47  1  3479  
1634  97  4  3456  3460  3466  3493  
1636  67  1  3456  
1639  141  2  3415  3465  
1648  57  1  3408  
1653  11  1  3449  
1659  44  1  3490  
1663  48  3  3449  3456  3479  
1670  8  1  3449  
1676  41  2  3453  3465  
1677  105  1  3489  
1678  10  1  3415  
1680  90  1  3460  
1683  49  1  3479  
1697  57  1  3443  
1729  9  1  3483  
1741  36  1  3490  
1744  36  1  3460  
1749  51  2  3408  3460  
1753  1  1  3493  
1772  204  4  3465  3466  3479  3490  
1774  5  1  3483  
1781  15  1  3415  
1785  7  1  3479  
1795  15  1  3453  
1798  29  1  3427  
1817  181  5  3453  3460  3489  3490  3493  
1826  29  1  3446  
1834  36  2  3441  3479  
1845  63  1  3495  
1850  63  1  3415  
1857  13  1  3408  
1873  22  1  3483  
1898  121  1  3456  
1901  50  2  3427  3490  
1933  45  1  3490  
1939  47  1  3490  
1946  20  1  3457  
1948  113  3  3412  3459  3465  
1950  122  1  3483  
1956  44  2  3453  3465  
1960  129  1  3415  
1962  146  4  3408  3443  3446  3460  
1971  145  4  3443  3453  3460  3490  
1981  41  1  3405  
1984  26  2  3433  3465  
2015  12  1  3464  
2035  15  1  3446  
2037  11  2  3441  3443  
2044  34  1  3415  
2048  143  1  3466  
2056  241  5  3408  3453  3460  3465  3493  
2059  108  2  3449  3489  
2069  22  2  3405  3464  
2073  247  10  3401  3427  3433  3441  3443  3453  3456  3464  3473  3495  
2074  49  1  3449  
2080  58  1  3490  
2102  120  14  3401  3405  3427  3430  3453  3456  3460  3462  3464  3465  3473  3490  3493  3495  
2109  164  2  3428  3460  
2110  48  1  3459  
2134  111  2  3456  3493  
2137  252  10  3405  3427  3443  3453  3457  3460  3465  3466  3490  3493  
2138  215  2  3427  3453  
2165  57  2  3453  3490  
2166  12  1  3415  
2172  14  1  3462  
2173  77  1  3465  
2177  189  5  3415  3449  3461  3466  3479  
2179  124  2  3408  3449  
2184  26  1  3415  
2186  45  2  3430  3443  
2190  72  2  3443  3449  
2193  66  1  3449  
2204  62  1  3453  
2216  141  1  3430  
2256  31  1  3489  
2272  103  1  3465  
2273  142  1  3415  
2283  324  5  3408  3412  3449  3453  3498  
2294  38  2  3405  3430  
2301  100  2  3453  3490  
2313  44  1  3446  
2335  93  3  3457  3465  3493  
2342  70  2  3412  3465  
2348  77  1  3498  
2351  180  5  3428  3456  3465  3490  3493  
2355  50  1  3479  
2356  893  18  3408  3412  3427  3428  3443  3446  3449  3456  3457  3459  3460  3465  3466  3469  3490  3493  3495  3498  
2357  32  1  3490  
2359  4  1  3483  
2367  146  2  3427  3466  
2376  60  1  3489  
2391  64  2  3460  3465  
2398  29  1  3466  
2399  25  2  3456  3460  
2400  5  2  3493  3495  
2404  53  1  3415  
2405  46  2  3412  3453  
2408  108  1  3430  
2432  18  1  3415  
2436  269  14  3427  3430  3441  3443  3453  3456  3460  3462  3464  3473  3476  3493  3495  3498  
2438  113  6  3408  3430  3453  3460  3466  3498  
2439  104  3  3427  3453  3473  
2440  49  1  3483  
2442  44  1  3464  
2443  307  9  3405  3412  3427  3430  3459  3460  3465  3493  3495  
2445  164  3  3412  3460  3490  
2458  103  1  3465  
2461  40  1  3462  
2469  156  4  3427  3441  3457  3490  
2471  618  17  3408  3427  3430  3446  3449  3453  3456  3457  3459  3460  3465  3466  3483  3490  3493  3495  3498  
2472  38  1  3465  
2476  149  3  3446  3466  3490  
2479  64  3  3408  3449  3498  
2482  74  2  3457  3465  
2483  168  7  3443  3453  3457  3460  3465  3469  3490  
2485  80  4  3415  3449  3466  3490  
2493  13  1  3473  
2494  200  5  3443  3453  3465  3466  3490  
2504  10  3  3430  3457  3493  
2508  1  1  3415  
2509  2  1  3415  
2510  1  1  3415  
2511  3  1  3415  
2512  1  1  3415  
2517  28  3  3456  3457  3460  
2520  25  1  3490  
2521  79  6  3427  3430  3433  3441  3453  3460  
2532  23  1  3443  
2562  173  5  3441  3453  3456  3460  3462  
2570  8  1  3493  
2587  43  1  3493  
2595  39  1  3466  
2596  50  2  3465  3483  
2600  21  1  3433  
2604  124  3  3401  3453  3465  
2613  44  1  3449  
2616  16  1  3489  
2620  139  4  3408  3456  3465  3490  
2632  282  11  3408  3415  3449  3456  3459  3465  3466  3469  3490  3493  3498  
2633  87  6  3453  3456  3460  3469  3490  3493  
2641  28  1  3415  
2662  4  1  3479  
2666  57  1  3483  
2685  62  1  3465  
2687  36  2  3483  3498  
2691  123  8  3427  3430  3446  3453  3456  3457  3460  3493  
2715  238  8  3408  3443  3449  3459  3466  3490  3493  3498  
2720  357  8  3408  3415  3449  3453  3469  3483  3490  3498  
2732  4  1  3408  
2735  55  3  3430  3449  3493  
2736  10  1  3498  
2738  7  1  3443  
2746  43  1  3479  
2755  51  1  3465  
2756  123  5  3427  3430  3433  3460  3493  
2764  19  1  3459  
2770  52  1  3408  
2772  175  5  3408  3466  3490  3493  3498  
2774  189  2  3433  3441  
2777  50  2  3456  3493  
2778  216  4  3443  3456  3466  3490  
2781  13  1  3479  
2800  52  1  3465  
2801  44  1  3456  
2802  48  1  3443  
2803  32  2  3408  3498  
2807  3  1  3460  
2823  62  5  3412  3433  3456  3460  3493  
2826  8  1  3408  
2831  81  1  3449  
2848  21  1  3453  
2857  8  1  3460  
2877  88  1  3465  
2891  9  1  3408  
2899  79  4  3443  3459  3465  3490  
2905  41  1  3493  
2906  6  1  3449  
2907  24  1  3465  
2919  56  2  3408  3490  
2923  22  1  3457  
2936  41  1  3457  
2968  6  1  3462  
2981  19  1  3427  
2983  95  7  3443  3457  3459  3460  3464  3465  3493  
2987  9  1  3460  
2999  69  1  3483  
3001  79  1  3490  
3008  20  1  3441  
3012  58  2  3443  3460  
3021  15  1  3493  
3032  5  1  3469  
3036  15  1  3453  
3049  13  1  3465  
3056  13  1  3430  
3062  55  3  3408  3465  3490  
3064  273  7  3453  3461  3465  3466  3483  3490  3493  
3069  2  1  3427  
3087  41  1  3498  
3089  42  1  3427  
3090  180  2  3446  3456  
3096  15  1  3483  
3098  60  3  3408  3449  3498  
3100  33  3  3427  3453  3469  
3101  10  1  3412  
3102  156  11  3401  3405  3427  3430  3433  3441  3453  3464  3465  3466  3473  
3110  122  2  3408  3490  
3112  89  2  3446  3461  
3117  1  1  3412  
3140  20  1  3466  
3144  271  3  3412  3449  3490  
3146  314  9  3408  3446  3449  3459  3465  3466  3483  3490  3498  
3147  27  1  3465  
3148  98  2  3466  3483  
3149  131  5  3408  3449  3465  3466  3498  
3150  319  8  3408  3449  3459  3465  3466  3483  3490  3498  
3151  148  4  3459  3466  3490  3498  
3152  68  2  3408  3490  
3153  241  6  3408  3446  3449  3459  3465  3490  
3154  166  3  3441  3465  3490  
3155  69  2  3490  3493  
3156  92  1  3479  
3157  22  1  3479  
3158  101  3  3415  3449  3483  
3160  56  3  3408  3459  3465  
3166  23  1  3457  
3172  53  5  3453  3465  3469  3490  3493  
3174  102  2  3408  3490  
3176  17  2  3401  3460  
3177  24  2  3427  3430  
3191  114  3  3415  3449  3483  
3206  48  2  3449  3453  
3209  71  1  3459  
3210  28  4  3427  3433  3457  3460  
3212  16  2  3430  3460  
3214  64  5  3430  3456  3457  3465  3473  
3215  13  3  3401  3405  3457  
3226  81  6  3456  3460  3462  3465  3493  3495  
3240  14  2  3457  3460  
3243  16  2  3456  3490  
3245  40  3  3453  3460  3473  
3251  147  6  3443  3449  3453  3465  3466  3490  
3252  42  3  3456  3457  3460  
3264  156  2  3428  3479  
3270  26  1  3456  
3278  52  3  3408  3441  3479  
3280  12  1  3456  
3287  22  3  3401  3427  3493  
3289  205  4  3433  3449  3490  3498  
3290  144  9  3449  3456  3457  3459  3460  3465  3473  3490  3493  
3299  64  2  3453  3464  
3303  32  1  3465  
3304  91  4  3443  3465  3466  3469  
3306  48  6  3453  3456  3457  3460  3465  3473  
3307  82  1  3415  
3308  63  2  3443  3466  
3314  212  6  3408  3446  3449  3453  3466  3498  
3315  362  5  3446  3449  3460  3479  3489  
3316  44  3  3408  3449  3453  
3317  40  1  3469  
3330  39  1  3449  
3332  87  4  3457  3459  3466  3498  
3333  36  1  3465  
3338  144  3  3465  3466  3490  
3349  17  2  3473  3493  
3353  75  9  3427  3430  3443  3453  3456  3459  3466  3469  3493  
3362  95  4  3427  3446  3480  3493  
3375  3  1  3457  
3391  93  3  3443  3453  3469  
3395  85  1  3490  
3398  15  4  3456  3457  3460  3473  
3404  2  1  3405  
3408  30  3  3449  3465  3498  
3414  6  1  3453  
3423  10  1  3427  
3428  22  3  3427  3453  3461  
3429  3  1  3430  
3431  1  1  3433  
3432  12  1  3433  
3443  232  3  3408  3449  3466  
3447  46  4  3408  3449  3450  3498  
3448  1  1  3450  
3449  113  6  3408  3415  3450  3466  3490  3498  
3454  1  1  3456  
3455  8  1  3456  
3456  10  1  3408  
3458  1  1  3460  
3459  45  2  3460  3483  
3463  1  1  3464  
3465  53  1  3469  
3466  94  1  3469  
3467  47  4  3453  3469  3473  3490  
3468  20  2  3465  3469  
3471  10  1  3443  
3489  15  1  3465  
3490  18  1  3493  
3491  1  1  3493  
3492  8  1  3493  
3494  1  1  3495  
3498  82  3  3408  3449  3466  
3514  13  1  3446  
3536  43  1  3483  
3546  17  1  3443  
3548  42  2  3415  3449  
3549  29  2  3443  3459  
3552  6  1  3443  
3577  26  2  3443  3465  
3578  30  3  3453  3465  3490  
3587  23  1  3459  
3588  16  1  3453  
3592  89  1  3412  
3596  90  3  3441  3483  3498  
3599  33  2  3443  3466  
3601  145  3  3446  3449  3479  
3602  14  1  3453  
3603  2  1  3453  
3604  3  1  3453  
3610  32  1  3479  
3617  57  1  3449  
3621  4  1  3490  
3625  15  1  3490  
3646  4  1  3490  
3648  147  1  3449  
3652  104  4  3408  3415  3449  3465  
3653  68  1  3449  
3654  21  1  3443  
3656  89  3  3483  3490  3498  
3657  257  8  3408  3441  3449  3456  3459  3465  3490  3498  
3658  89  2  3408  3483  
3666  23  1  3483  
3674  131  5  3446  3462  3479  3490  3498  
3679  111  2  3449  3461  
3681  29  1  3465  
3682  115  4  3449  3461  3483  3498  
3685  86  3  3408  3443  3466  
3686  77  2  3465  3466  
3704  155  4  3415  3449  3479  3490  
3715  12  1  3415  
3725  41  2  3443  3465  
3734  26  2  3443  3466  
3736  64  1  3441  
3742  76  2  3465  3466  
3748  16  2  3408  3483  
3749  84  2  3449  3490  
3750  43  2  3459  3490  
3788  8  1  3443  
3800  65  2  3449  3466  
3801  53  1  3461  
3808  112  4  3408  3466  3483  3490  
3810  42  1  3449  
3811  41  2  3459  3465  
3839  9  1  3498  
3854  5  1  3408  
3855  52  1  3449  
3868  17  2  3449  3466  
3879  278  4  3412  3415  3449  3479  
3884  29  1  3408  
3885  8  1  3490  
3903  32  1  3466  
3914  55  1  3459  
3921  50  2  3449  3490  
3928  22  3  3449  3459  3483  
3971  17  1  3408  
3982  12  2  3465  3498  
3985  8  1  3449  
3986  24  1  3465  
3994  202  3  3412  3466  3490  
4001  36  1  3465  
4012  4  1  3408  
4035  153  1  3449  
4037  20  1  3461  
4043  2  1  3459  
4054  2  1  3459  
4055  1  1  3459  
4056  11  1  3459  
4058  15  1  3483  
4063  5  1  3490  
4071  19  1  3449  
4072  5  1  3465  
4073  81  2  3466  3498  
4074  1  1  3465  
4082  45  2  3449  3498  
4095  11  1  3490  
4096  33  1  3449  
4102  40  1  3408  
4113  27  2  3408  3483  
4122  71  1  3415  
4146  4  1  3449  
4147  5  1  3449  
4152  228  4  3412  3428  3449  3490  
4153  12  2  3408  3483  
4167  2  1  3483  
4169  114  2  3415  3449  
4175  19  1  3449  
4176  46  2  3449  3483  
4177  10  1  3408  
4179  9  1  3408  
4183  13  1  3449  
4187  96  1  3489  
4192  20  1  3408  
4193  14  1  3498  
4198  59  3  3408  3490  3498  
4217  25  1  3449  
4220  121  1  3415  
4225  62  2  3449  3489  
4226  46  1  3449  
4231  36  2  3466  3490  
4238  3  1  3479  
4247  18  2  3483  3498  
4248  38  1  3483  
4249  3  1  3408  
4250  3  1  3408  
4251  4  1  3408  
4252  1  1  3408  
4253  1  1  3408  
4254  1  1  3408  
4256  34  1  3415  
4258  1  1  3483  
4263  53  1  3449  
4285  62  1  3449  
4288  73  3  3412  3449  3489  
4304  46  1  3489  
4305  20  1  3498  
4309  28  1  3449  
4315  101  1  3415  
4319  168  3  3412  3446  3449  
4320  78  1  3446  
4347  3  1  3415  
4350  30  1  3498  
4380  79  2  3449  3461  
4383  11  1  3498  
4384  169  4  3449  3466  3489  3490  
4418  17  1  3498  
4422  31  1  3466  
4427  214  4  3412  3449  3466  3490  
4436  13  1  3498  
4437  60  2  3449  3498  
4438  1  1  3498  
4439  25  1  3498  
4440  361  9  3415  3446  3449  3456  3466  3479  3489  3490  3498  
4445  8  1  3490  
4446  44  2  3449  3490  
4448  23  1  3490  
4453  53  1  3412  
4454  43  3  3415  3449  3466  
4470  115  3  3449  3456  3489  
4473  28  1  3449  
4474  27  1  3466  
4477  10  1  3449  
4485  139  2  3415  3461  
4486  172  2  3479  3489  
4490  26  1  3449  
4496  18  1  3449  
4514  26  1  3462  
4531  271  5  3415  3446  3449  3479  3489  
4545  3  1  3446  
4557  84  1  3466  
4558  7  1  3466  
4565  18  1  3466  
4606  41  1  3449  
4607  29  2  3415  3449  
4608  122  2  3449  3462  
4609  6  1  3449  
4610  35  1  3449  
4611  139  2  3415  3449  
4612  101  1  3449  
4613  19  1  3449  
4614  217  3  3446  3449  3456  
4615  49  1  3449  
4616  41  1  3449  
4617  14  1  3449  
4618  1  1  3449  
4619  68  1  3449  
4620  152  3  3446  3449  3479  
4621  2  1  3449  
4622  31  1  3449  
4623  211  5  3446  3449  3456  3479  3489  
4624  312  4  3415  3449  3456  3489  
4625  80  1  3449  
4626  10  1  3449  
4627  1  1  3449  
4676  14  1  3415  
4794  12  1  3415  
4820  6  1  3479  
4828  66  1  3446  
4853  16  1  3412  
4865  22  1  3415  
4901  389  6  3412  3446  3456  3462  3479  3489  
4903  6  1  3456  
4908  243  3  3446  3456  3489  
4919  137  2  3446  3479  
4927  46  1  3446  
4951  105  2  3456  3479  
4973  16  1  3415  
4982  22  1  3415  
4983  7  1  3415  
5028  3  1  3428  
5032  1  1  3415  
5046  21  1  3456  
5051  230  4  3446  3456  3479  3489  
5065  44  1  3446  
5080  45  1  3446  
5110  75  1  3456  
5112  42  1  3412  
5129  191  4  3446  3456  3479  3489  
5133  222  2  3446  3479  
5135  385  4  3412  3456  3479  3489  
5140  27  1  3456  
5144  79  1  3479  
5147  144  2  3428  3479  
5149  84  2  3446  3489  
5151  67  1  3446  
5152  61  2  3479  3489  
5157  41  1  3446  
5183  16  1  3479  
5224  52  1  3412  
5294  81  1  3456  
5476  31  2  3446  3489  
5479  18  1  3456  
5497  35  1  3412  
5519  88  1  3456  
5546  190  3  3428  3456  3489  
5563  108  3  3446  3456  3462  
5569  4  1  3446  
5574  17  1  3446  
5582  81  2  3446  3479  
5583  35  1  3462  
5684  101  2  3412  3446  
5689  8  1  3446  
5690  17  1  3489  
5734  10  1  3489  
5743  58  1  3456  
5772  177  1  3412  
5783  18  1  3479  
5787  9  1  3462  
5789  160  2  3446  3462  
5792  91  1  3456  
5794  93  3  3446  3456  3462  
5798  135  1  3412  
5807  9  1  3412  
5818  26  1  3446  
5831  29  1  3479  
5871  7  1  3456  
5874  100  1  3462  
5908  10  1  3479  
5909  3  1  3479  
5910  2  1  3479  
5911  1  1  3479  
5933  42  1  3446  
5945  6  1  3412  
5991  2  1  3446  
5992  1  1  3446  
5993  2  1  3446  
5994  2  1  3446  
5996  4  1  3446  
6011  7  1  3456  
6021  28  1  3412  
6026  191  1  3412  
6032  44  1  3456  
6035  54  1  3428  
6093  18  1  3462  
6094  81  1  3412  
6139  7  1  3462  
6152  142  2  3412  3456  
6155  98  1  3412  
6179  11  1  3456  
6197  12  1  3412  
6300  101  1  3412  
6335  89  1  3412  
6459  39  1  3412  
6509  16  1  3412  
6566  33  1  3412  
6572  3  1  3412  
6578  39  1  3412  
6622  25  1  3428  
6635  19  1  3412  
6672  50  1  3428  
6692  11  1  3412  
6693  19  1  3412  
6723  12  2  3412  3428  
6730  23  1  3412  
6782  11  1  3412  
