0  23  1  7100  
3  302  1  7107  
4  24  2  7100  7104  
5  182  1  7101  
8  743  5  7103  7104  7107  7108  7110  
9  65  2  7104  7108  
11  114  2  7102  7104  
12  50  2  7104  7109  
17  187  1  7105  
20  74  1  7105  
22  90  1  7101  
25  133  2  7101  7102  
26  150  1  7111  
28  15  3  7102  7103  7104  
39  89  1  7104  
41  44  1  7112  
43  59  1  7104  
44  146  1  7111  
53  24  2  7104  7107  
65  275  3  7104  7110  7112  
67  164  1  7112  
69  69  1  7107  
70  31  2  7101  7102  
73  41  1  7104  
74  53  2  7101  7104  
76  18  1  7104  
78  8  1  7104  
81  122  1  7108  
82  195  1  7104  
85  72  1  7104  
95  16  1  7104  
98  30  1  7104  
101  4  1  7104  
102  2  1  7100  
103  190  2  7108  7114  
104  95  3  7102  7104  7105  
107  89  3  7102  7104  7109  
115  9  2  7100  7102  
116  213  2  7110  7111  
118  3  1  7100  
119  29  2  7100  7104  
121  132  2  7110  7111  
122  80  3  7107  7108  7109  
132  37  1  7105  
140  58  1  7112  
143  74  1  7105  
144  21  1  7104  
158  93  1  7111  
163  123  2  7108  7110  
164  334  2  7107  7108  
169  63  1  7105  
176  37  1  7108  
181  19  2  7100  7104  
204  100  3  7100  7107  7108  
246  56  1  7111  
284  13  1  7100  
288  244  3  7105  7107  7111  
293  321  2  7107  7112  
295  54  2  7107  7109  
299  140  1  7105  
301  199  1  7105  
318  31  1  7104  
323  47  1  7107  
328  86  1  7110  
334  9  1  7104  
343  14  1  7104  
345  14  1  7104  
346  5  1  7104  
351  4  1  7104  
377  12  1  7101  
384  145  2  7107  7110  
401  79  3  7108  7110  7112  
402  41  2  7101  7104  
416  8  1  7101  
428  9  1  7104  
431  732  5  7107  7108  7109  7110  7112  
435  4  1  7104  
436  6  1  7104  
437  17  3  7100  7101  7111  
441  1  1  7101  
448  1  1  7103  
450  5  1  7104  
454  3  1  7104  
460  4  1  7104  
465  3  1  7110  
478  1  1  7104  
479  1  1  7104  
480  1  1  7104  
481  7  1  7104  
482  1  1  7104  
494  142  3  7107  7108  7109  
567  14  1  7106  
578  150  1  7105  
626  83  2  7105  7107  
635  118  1  7109  
644  28  1  7106  
645  95  1  7108  
649  105  2  7106  7109  
661  264  1  7109  
676  232  1  7114  
695  77  1  7110  
700  34  1  7107  
702  773  2  7110  7111  
705  146  1  7111  
719  224  4  7107  7108  7109  7110  
722  12  1  7107  
723  113  1  7112  
724  317  3  7107  7108  7112  
746  272  2  7110  7111  
758  165  1  7110  
759  249  1  7107  
793  97  2  7109  7110  
825  24  1  7109  
829  119  1  7108  
832  9  1  7108  
847  149  1  7107  
861  46  1  7105  
864  80  1  7108  
875  34  1  7108  
882  16  2  7107  7108  
895  36  1  7111  
904  1  1  7105  
907  77  2  7107  7108  
909  292  1  7110  
914  238  1  7107  
917  297  4  7107  7108  7109  7110  
948  135  1  7106  
955  86  1  7107  
961  21  1  7107  
968  44  1  7107  
972  196  1  7111  
977  156  1  7108  
982  2  1  7107  
1009  305  2  7107  7108  
1038  399  3  7107  7111  7112  
1054  472  3  7107  7108  7109  
1066  599  7  7107  7108  7109  7110  7111  7112  7114  
1067  158  2  7109  7110  
1084  79  2  7107  7109  
1085  43  1  7110  
1100  107  1  7110  
1102  66  2  7107  7108  
1107  26  1  7112  
1110  218  1  7109  
1111  79  2  7107  7111  
1142  5  1  7107  
1150  51  1  7107  
1156  45  1  7110  
1189  76  1  7110  
1197  290  2  7109  7110  
1211  181  2  7107  7108  
1240  117  2  7107  7108  
1242  121  1  7107  
1261  462  5  7107  7109  7110  7111  7114  
1267  63  1  7109  
1271  37  1  7110  
1282  199  1  7110  
1303  41  1  7110  
1312  183  1  7107  
1325  41  2  7107  7108  
1346  48  1  7110  
1354  156  2  7109  7112  
1361  44  1  7107  
1368  117  2  7107  7110  
1370  64  1  7108  
1372  157  1  7107  
1376  210  3  7107  7108  7111  
1377  28  1  7109  
1400  99  1  7108  
1417  81  1  7107  
1421  244  1  7107  
1425  28  1  7107  
1427  587  1  7110  
1433  79  2  7107  7109  
1441  27  1  7107  
1443  46  1  7107  
1452  1  1  7105  
1456  1  1  7109  
1460  102  2  7108  7114  
1461  5  1  7111  
1468  114  1  7107  
1481  355  3  7108  7110  7111  
1486  15  1  7107  
1488  162  1  7107  
1494  80  1  7107  
1496  39  1  7107  
1500  12  1  7107  
1515  48  1  7107  
1532  66  1  7110  
1541  18  1  7107  
1570  93  1  7107  
1586  96  3  7109  7111  7112  
1597  19  1  7107  
1598  45  1  7111  
1614  7  1  7108  
1616  76  1  7108  
1617  68  2  7107  7110  
1624  16  1  7107  
1629  47  1  7114  
1633  27  1  7107  
1634  97  1  7110  
1639  141  4  7107  7108  7109  7110  
1648  57  1  7107  
1656  31  1  7107  
1660  38  1  7114  
1664  20  1  7108  
1666  19  1  7107  
1671  129  3  7107  7108  7110  
1677  105  2  7110  7111  
1678  10  1  7107  
1680  90  1  7109  
1681  7  1  7108  
1691  6  1  7110  
1694  73  1  7111  
1697  57  3  7107  7110  7111  
1712  8  2  7107  7108  
1741  36  2  7107  7108  
1744  36  1  7110  
1749  51  2  7107  7110  
1765  33  1  7112  
1769  112  1  7108  
1772  204  2  7109  7110  
1807  31  1  7107  
1812  31  1  7107  
1817  181  2  7110  7111  
1821  34  1  7108  
1829  56  1  7107  
1834  36  1  7111  
1841  88  1  7107  
1843  39  1  7107  
1888  14  1  7108  
1898  121  2  7107  7108  
1901  50  1  7107  
1908  121  2  7107  7108  
1930  22  1  7107  
1936  11  1  7107  
1948  113  1  7107  
1950  122  1  7107  
1956  44  2  7110  7111  
1960  129  2  7107  7108  
1966  3  1  7107  
1970  23  1  7111  
1971  145  3  7107  7110  7114  
1979  4  1  7108  
1981  41  2  7107  7108  
1983  18  1  7107  
1984  26  1  7107  
1985  3  1  7107  
1991  32  3  7107  7108  7109  
1996  65  1  7108  
2042  15  1  7111  
2045  28  1  7108  
2053  14  1  7110  
2055  75  1  7108  
2056  241  1  7110  
2059  108  4  7107  7108  7110  7111  
2067  3  1  7108  
2068  25  1  7108  
2073  247  3  7108  7110  7111  
2075  95  1  7111  
2077  1  1  7108  
2078  1  1  7108  
2079  1  1  7108  
2091  8  1  7108  
2092  4  1  7108  
2095  5  1  7107  
2102  120  1  7110  
2109  164  1  7110  
2111  67  1  7111  
2120  3  1  7110  
2125  3  1  7110  
2127  3  1  7110  
2128  2  1  7110  
2129  2  1  7110  
2130  3  1  7110  
2131  2  1  7110  
2132  3  1  7110  
2134  111  2  7111  7112  
2137  252  2  7110  7111  
2138  215  3  7108  7110  7111  
2142  36  1  7110  
2166  12  1  7107  
2177  189  1  7112  
2188  71  2  7109  7111  
2190  72  1  7110  
2204  62  1  7110  
2216  141  2  7110  7111  
2221  37  1  7108  
2267  4  1  7110  
2271  75  2  7108  7110  
2272  103  1  7108  
2273  142  1  7111  
2277  6  1  7109  
2283  324  1  7112  
2301  100  1  7113  
2313  44  1  7112  
2321  7  1  7110  
2329  47  1  7110  
2334  37  1  7110  
2335  93  1  7111  
2340  105  3  7110  7111  7112  
2343  26  1  7108  
2346  12  1  7109  
2348  77  2  7107  7109  
2350  82  2  7109  7111  
2351  180  1  7110  
2356  893  3  7109  7110  7111  
2357  32  1  7109  
2358  5  1  7109  
2367  146  2  7110  7112  
2376  60  2  7110  7111  
2382  32  1  7109  
2398  29  1  7110  
2404  53  2  7110  7111  
2408  108  1  7110  
2431  39  1  7110  
2436  269  2  7110  7111  
2438  113  1  7111  
2439  104  1  7111  
2440  49  1  7110  
2458  103  2  7110  7112  
2469  156  2  7110  7112  
2471  618  3  7110  7111  7112  
2474  44  1  7110  
2475  19  1  7110  
2476  149  2  7110  7112  
2478  7  1  7111  
2483  168  1  7111  
2486  61  1  7110  
2489  18  1  7110  
2494  200  2  7110  7111  
2499  21  1  7110  
2507  3  1  7108  
2528  1  1  7108  
2562  173  1  7110  
2563  15  1  7110  
2587  43  1  7109  
2599  1  1  7109  
2604  124  2  7110  7111  
2620  139  2  7110  7111  
2632  282  2  7110  7111  
2633  87  2  7110  7111  
2666  57  1  7111  
2697  26  1  7110  
2712  70  2  7110  7111  
2715  238  2  7110  7111  
2720  357  2  7111  7112  
2722  15  1  7110  
2729  44  1  7112  
2746  43  1  7114  
2756  123  2  7110  7111  
2766  52  1  7110  
2772  175  1  7110  
2774  189  1  7111  
2778  216  1  7114  
2782  7  1  7110  
2791  10  1  7110  
2792  12  1  7110  
2800  52  1  7110  
2812  25  1  7110  
2823  62  2  7110  7111  
2831  81  2  7112  7113  
2875  49  1  7110  
2891  9  1  7110  
2899  79  2  7110  7111  
2919  56  1  7111  
2936  41  1  7110  
2943  2  1  7110  
2960  3  1  7110  
2962  1  1  7110  
2983  95  1  7110  
3001  79  2  7110  7111  
3011  36  1  7110  
3012  58  2  7110  7112  
3017  51  1  7110  
3024  31  1  7110  
3039  5  1  7112  
3042  2  1  7110  
3060  25  1  7114  
3064  273  2  7110  7111  
3076  63  1  7112  
3102  156  1  7111  
3112  89  1  7110  
3121  1  1  7110  
3122  30  1  7110  
3123  1  1  7110  
3124  3  1  7110  
3125  1  1  7110  
3126  1  1  7110  
3127  2  1  7110  
3128  1  1  7110  
3129  1  1  7110  
3137  88  1  7112  
3144  271  1  7112  
3146  314  1  7112  
3148  98  1  7111  
3151  148  2  7110  7111  
3153  241  1  7112  
3158  101  2  7112  7113  
3167  21  1  7110  
3172  53  1  7111  
3183  2  1  7110  
3184  2  1  7110  
3185  3  1  7110  
3186  1  1  7110  
3187  1  1  7110  
3188  3  1  7110  
3189  10  1  7110  
3190  1  1  7110  
3191  114  2  7110  7111  
3192  3  1  7110  
3193  1  1  7110  
3205  6  1  7111  
3245  40  1  7111  
3251  147  1  7111  
3264  156  1  7112  
3268  13  1  7111  
3290  144  2  7110  7111  
3304  91  2  7110  7112  
3306  48  1  7111  
3307  82  1  7112  
3314  212  1  7111  
3315  362  1  7112  
3318  9  1  7111  
3327  9  1  7111  
3331  38  1  7110  
3332  87  1  7111  
3338  144  2  7111  7112  
3383  15  1  7111  
3388  11  1  7111  
3395  85  3  7111  7112  7113  
3411  11  1  7112  
3426  16  1  7110  
3432  12  1  7111  
3442  99  2  7110  7112  
3443  232  1  7112  
3446  27  1  7114  
3457  5  1  7111  
3465  53  2  7110  7111  
3466  94  1  7111  
3467  47  2  7110  7111  
3544  33  1  7112  
3546  17  1  7110  
3550  4  1  7111  
3557  7  1  7112  
3577  26  1  7111  
3578  30  1  7111  
3592  89  1  7111  
3601  145  2  7112  7113  
3602  14  1  7111  
3615  7  2  7110  7111  
3621  4  1  7110  
3625  15  1  7111  
3640  1  1  7110  
3641  2  1  7110  
3642  6  1  7110  
3643  1  1  7110  
3648  147  1  7111  
3649  15  1  7111  
3652  104  1  7111  
3657  257  1  7112  
3666  23  1  7111  
3690  15  1  7111  
3691  1  1  7111  
3704  155  1  7112  
3808  112  1  7113  
3810  42  1  7112  
3879  278  1  7114  
3903  32  1  7114  
3906  40  1  7112  
3921  50  1  7112  
4021  18  1  7112  
4035  153  1  7112  
4083  100  1  7112  
4152  228  1  7112  
4169  114  1  7112  
4196  57  1  7112  
4220  121  2  7112  7114  
4288  73  1  7112  
4319  168  2  7112  7113  
4380  79  2  7112  7113  
4440  361  2  7112  7113  
4452  16  1  7112  
4485  139  1  7112  
4486  172  2  7112  7114  
4531  271  1  7112  
4611  139  2  7112  7113  
4612  101  2  7112  7114  
4614  217  1  7112  
4616  41  1  7112  
4620  152  1  7114  
4623  211  1  7112  
4624  312  2  7112  7113  
4625  80  2  7112  7113  
4629  10  1  7112  
4669  19  1  7112  
4715  61  1  7112  
4732  3  1  7112  
4733  16  1  7112  
4747  30  1  7114  
4817  37  1  7112  
4836  17  1  7112  
4840  44  1  7112  
4844  19  1  7113  
4866  21  1  7113  
4901  389  2  7112  7114  
4908  243  2  7112  7114  
4909  26  1  7112  
4911  14  1  7112  
4951  105  1  7114  
4962  30  1  7112  
4977  66  1  7112  
4986  28  1  7112  
5002  21  1  7112  
5045  49  1  7112  
5050  50  1  7112  
5105  13  1  7112  
5113  14  1  7112  
5133  222  1  7114  
5135  385  1  7114  
5139  83  1  7112  
5144  79  1  7112  
5145  41  1  7112  
5147  144  2  7112  7114  
5149  84  2  7112  7114  
5150  75  1  7114  
5151  67  1  7112  
5155  98  1  7112  
5160  12  1  7112  
5166  11  1  7112  
5182  92  1  7112  
5186  24  1  7112  
5191  50  1  7112  
5225  9  1  7112  
5239  33  1  7112  
5317  17  1  7112  
5466  12  1  7112  
5479  18  1  7114  
5497  35  1  7114  
5519  88  1  7112  
5520  11  1  7112  
5521  76  1  7112  
5522  1  1  7112  
5523  9  1  7112  
5524  1  1  7112  
5525  1  1  7112  
5542  78  1  7114  
5546  190  1  7114  
5563  108  1  7114  
5582  81  1  7114  
5606  29  1  7114  
5647  2  1  7114  
5673  28  1  7114  
5713  17  1  7114  
5755  10  1  7114  
5867  3  1  7114  
5897  2  1  7114  
5898  1  1  7114  
5899  2  1  7114  
