3  302  12  701  714  724  725  732  736  746  753  759  786  791  799  
5  182  13  713  714  732  736  740  743  750  755  774  786  792  794  796  
6  81  2  786  796  
7  86  3  701  713  714  
8  743  31  700  701  707  714  725  727  732  736  737  739  740  743  750  755  758  759  761  766  767  768  769  774  778  782  786  787  791  792  794  796  799  
9  65  7  701  727  739  743  755  768  786  
11  114  1  731  
13  15  3  724  750  786  
17  187  7  701  737  761  768  782  789  792  
18  76  8  701  724  728  736  767  782  796  799  
20  74  4  701  728  743  786  
21  309  10  705  737  746  750  761  778  782  785  786  791  
22  90  2  786  792  
24  102  1  794  
25  133  5  724  732  786  787  792  
26  150  10  724  743  761  767  768  770  786  791  794  796  
28  15  1  786  
32  65  2  737  782  
33  227  8  746  750  768  774  778  786  787  789  
36  41  3  714  727  755  
38  30  2  767  786  
39  89  4  743  750  756  782  
40  4  1  786  
42  8  1  799  
43  59  3  768  774  786  
44  146  4  724  753  774  786  
45  21  1  750  
48  24  1  725  
50  39  2  740  786  
52  64  3  719  727  729  
54  13  2  724  750  
55  38  1  782  
56  94  1  789  
63  44  1  719  
65  275  2  707  758  
66  109  1  724  
67  164  6  724  728  736  753  774  786  
69  69  9  705  719  724  728  737  740  750  791  792  
70  31  1  707  
72  25  1  796  
73  41  2  727  786  
74  53  5  719  724  750  786  792  
75  59  5  714  724  732  750  786  
81  122  5  728  729  753  786  794  
82  195  4  701  707  724  767  
85  72  1  753  
89  80  5  714  724  732  786  787  
96  5  1  746  
104  95  12  724  728  743  767  768  769  774  786  787  791  794  796  
105  29  2  768  786  
107  89  6  750  761  768  778  787  796  
115  9  1  786  
116  213  3  701  758  785  
119  29  1  719  
120  25  1  724  
121  132  2  739  778  
122  80  3  746  786  792  
125  29  2  725  761  
131  72  8  732  740  750  778  786  791  796  799  
132  37  6  727  736  740  755  761  778  
136  94  3  739  750  799  
138  18  1  705  
140  58  3  728  732  753  
143  74  5  740  767  774  786  791  
146  61  3  729  761  786  
149  44  1  786  
158  93  5  724  761  767  768  787  
160  9  2  724  786  
162  70  3  737  782  786  
163  123  1  785  
164  334  16  700  705  707  724  728  737  739  746  750  753  756  766  782  786  789  799  
167  39  3  739  786  799  
168  19  2  753  778  
169  63  6  732  750  761  768  774  794  
170  17  1  761  
173  79  2  739  786  
176  37  1  714  
180  13  2  736  761  
181  19  1  786  
190  21  2  750  756  
192  31  1  761  
197  6  1  707  
204  100  2  719  766  
212  13  3  701  740  786  
214  25  1  724  
219  23  2  778  786  
223  39  2  774  786  
224  41  1  701  
227  5  1  786  
228  8  2  736  792  
236  15  1  719  
241  25  2  786  792  
242  86  6  701  714  724  732  750  792  
243  10  1  707  
246  56  4  705  737  750  782  
251  31  1  760  
252  13  2  766  774  
255  30  2  724  750  
256  14  1  782  
261  7  2  736  778  
263  76  6  724  728  729  746  750  753  
265  2  1  707  
272  71  1  701  
286  79  4  724  729  743  753  
288  244  13  701  713  728  729  732  743  750  761  768  786  791  794  796  
290  142  9  724  746  750  768  774  782  786  787  789  
292  230  17  701  705  713  714  719  724  728  732  739  740  746  750  774  786  794  796  799  
293  321  13  701  705  719  724  729  739  743  759  774  786  787  789  799  
294  227  26  705  713  719  724  728  729  732  736  737  739  740  746  750  753  755  767  768  769  774  778  786  789  791  792  794  796  
295  54  3  729  786  799  
297  77  14  701  713  714  727  732  736  740  750  761  768  774  786  791  792  
299  140  19  705  724  728  729  739  746  753  756  759  768  774  778  782  786  791  792  794  796  799  
301  199  11  701  724  732  737  739  746  750  755  759  774  786  
302  7  1  778  
303  27  2  705  750  
306  14  3  724  750  778  
309  8  1  786  
310  13  1  724  
316  41  8  724  755  761  768  769  778  791  792  
317  46  1  769  
321  80  5  737  750  755  782  791  
323  47  2  725  761  
328  86  2  701  782  
330  21  2  705  750  
337  18  1  705  
350  117  6  724  756  774  778  786  796  
355  37  2  724  750  
364  11  2  750  761  
377  12  1  705  
384  145  2  768  774  
389  21  4  768  774  787  796  
400  6  2  768  786  
403  6  1  753  
405  5  2  767  769  
408  157  13  701  705  732  736  746  750  767  769  774  778  789  792  796  
430  5  1  750  
431  732  9  700  724  743  759  766  785  786  789  799  
438  12  1  778  
458  14  3  724  736  761  
459  10  1  750  
493  24  1  737  
494  142  1  700  
501  22  1  705  
504  121  8  705  737  750  761  778  782  786  791  
523  3  1  701  
531  26  1  724  
535  18  1  728  
536  22  1  787  
538  8  1  761  
540  12  1  791  
548  214  12  705  728  732  737  750  761  774  782  785  787  792  794  
549  9  1  737  
561  10  1  732  
565  11  2  774  786  
567  14  1  713  
572  31  3  736  737  750  
577  55  7  705  724  732  750  753  786  791  
578  150  4  737  746  774  782  
579  66  4  714  737  786  791  
580  11  1  740  
581  25  4  724  768  786  791  
583  31  6  728  743  750  756  786  791  
587  46  3  732  756  794  
588  27  1  791  
589  16  3  750  786  791  
590  17  1  743  
591  32  2  766  786  
593  40  10  713  714  724  727  728  732  736  743  753  791  
594  98  11  701  714  728  732  740  750  761  782  786  787  796  
603  14  1  786  
606  158  12  705  724  728  732  750  755  774  782  786  792  796  799  
607  13  2  731  778  
616  16  1  786  
619  2  1  750  
626  83  6  705  737  739  759  782  789  
629  47  2  724  732  
631  24  2  750  791  
635  118  4  705  724  746  791  
637  100  4  724  728  750  787  
643  81  5  701  724  739  786  787  
644  28  3  729  756  786  
645  95  8  701  713  724  737  750  761  766  768  
646  123  10  705  719  728  729  737  746  759  782  786  789  
647  51  4  700  719  724  794  
649  105  6  705  719  724  729  786  789  
651  19  1  729  
654  23  2  737  786  
661  264  12  701  705  719  724  746  750  758  760  769  774  785  786  
664  6  3  724  778  787  
667  5  1  750  
669  34  2  768  786  
671  4  1  786  
672  8  1  761  
675  4  2  786  794  
676  232  1  770  
680  93  8  705  724  743  750  761  768  786  791  
686  66  4  724  732  739  750  
695  77  4  705  724  761  786  
698  50  2  724  768  
699  68  5  701  750  753  778  786  
700  34  1  701  
702  773  8  701  724  750  758  759  785  786  799  
705  146  6  736  739  746  750  761  796  
708  3  2  732  750  
715  2  1  707  
717  9  3  732  736  750  
719  224  5  701  724  743  785  786  
723  113  4  705  778  787  791  
724  317  8  705  719  728  729  732  750  774  786  
725  41  5  705  727  728  736  750  
726  2  1  727  
728  18  2  724  729  
729  60  3  724  728  782  
730  6  2  731  732  
731  5  3  732  750  796  
733  1  1  736  
734  2  2  736  761  
735  6  2  736  768  
736  4  2  705  761  
737  6  1  740  
739  90  5  724  746  758  786  799  
741  1  1  740  
743  34  3  725  739  750  
744  3  1  750  
745  3  2  750  755  
746  272  7  739  750  755  758  787  792  799  
747  3  1  750  
748  2  2  750  761  
749  29  5  719  731  750  761  799  
751  2  1  755  
752  1  1  755  
753  16  1  755  
754  1  1  755  
755  11  1  746  
756  15  1  724  
758  165  2  759  760  
759  249  2  701  799  
762  3  1  761  
763  12  1  761  
764  3  1  761  
765  1  1  761  
766  26  1  701  
767  4  1  769  
768  36  6  743  769  774  786  792  794  
770  7  1  767  
771  61  2  701  767  
772  30  2  774  782  
773  1  1  774  
774  45  4  728  729  739  786  
775  1  1  768  
776  1  1  768  
777  8  1  768  
780  2  1  786  
781  39  1  786  
782  16  3  724  786  796  
783  99  2  786  791  
784  2  1  786  
785  91  2  758  786  
790  3  1  778  
791  5  1  778  
793  97  6  705  719  743  778  786  794  
795  1  1  796  
798  38  2  786  789  
799  59  4  719  739  759  786  
801  5  1  778  
807  122  2  743  758  
812  7  1  728  
814  1  1  791  
815  1  1  791  
816  1  1  791  
817  1  1  791  
818  1  1  791  
821  6  1  728  
824  10  1  778  
827  2  1  778  
829  119  3  731  743  786  
836  27  4  705  724  728  729  
847  149  4  737  759  789  799  
850  6  1  705  
857  18  2  724  729  
859  22  1  782  
861  46  1  729  
864  80  1  789  
866  30  1  759  
869  110  3  701  786  787  
870  27  1  700  
875  34  1  786  
877  42  5  700  701  719  756  786  
881  22  1  739  
888  16  1  724  
891  11  2  719  786  
892  72  6  724  728  739  743  786  799  
899  65  1  739  
902  16  2  724  786  
903  47  2  728  786  
905  7  1  724  
906  6  2  724  786  
907  77  3  724  725  739  
909  292  2  785  787  
913  1  1  728  
914  238  8  701  724  739  746  759  766  786  799  
915  45  2  724  739  
917  297  6  700  701  743  746  753  787  
918  30  1  724  
919  4  1  724  
920  60  2  701  724  
921  1  1  724  
922  1  1  724  
923  18  2  724  786  
924  12  1  724  
925  5  2  724  746  
926  138  8  724  737  739  746  766  786  789  799  
933  23  2  705  786  
943  41  1  758  
948  135  9  705  707  719  737  739  743  746  782  799  
951  39  1  786  
953  33  1  786  
955  86  1  787  
960  41  2  705  785  
961  21  1  705  
962  9  1  705  
963  1  1  705  
964  24  2  705  743  
965  1  1  705  
966  2  1  705  
967  3  1  705  
972  196  3  707  759  799  
973  1  1  719  
974  2  1  719  
975  1  1  719  
977  156  5  700  701  737  766  782  
979  16  1  786  
988  74  2  758  782  
1008  88  2  739  785  
1009  305  2  700  787  
1022  60  1  737  
1025  39  1  782  
1029  20  1  787  
1030  37  2  739  743  
1034  62  1  746  
1038  399  2  739  758  
1040  115  4  701  739  746  766  
1041  135  1  746  
1042  3  1  739  
1046  48  1  799  
1054  472  5  700  701  766  787  799  
1062  24  2  743  782  
1064  39  1  786  
1065  13  2  786  799  
1066  599  6  700  701  758  770  785  786  
1067  158  5  739  743  759  786  799  
1069  29  1  785  
1084  79  1  701  
1085  43  2  707  731  
1093  31  2  787  799  
1095  5  1  739  
1100  107  2  701  785  
1102  66  1  799  
1104  61  2  737  782  
1110  218  4  700  701  737  770  
1120  77  3  701  725  737  
1132  14  1  759  
1135  103  1  799  
1140  35  1  799  
1143  2  1  739  
1144  10  1  739  
1145  8  1  739  
1146  77  2  701  739  
1150  51  1  789  
1156  45  2  725  782  
1173  69  2  743  782  
1174  124  4  707  746  759  799  
1179  31  1  782  
1180  65  2  701  782  
1182  16  1  799  
1183  34  1  799  
1185  33  3  743  759  799  
1188  9  1  746  
1189  76  1  787  
1191  5  1  725  
1197  290  9  701  737  743  746  758  759  782  785  789  
1198  20  1  746  
1211  181  2  700  746  
1240  117  1  759  
1247  91  2  746  799  
1250  22  1  785  
1252  4  1  707  
1255  40  2  743  785  
1256  33  1  707  
1261  462  4  701  759  770  785  
1264  33  2  759  799  
1267  63  1  799  
1268  52  1  746  
1273  61  3  707  746  766  
1282  199  3  766  770  789  
1307  8  1  759  
1308  52  2  759  799  
1312  183  2  701  766  
1325  41  1  799  
1326  20  1  746  
1341  5  1  746  
1346  48  1  707  
1347  26  1  701  
1354  156  1  799  
1355  72  2  789  799  
1357  91  1  785  
1364  52  4  707  746  759  799  
1370  64  1  731  
1372  157  4  700  759  789  799  
1376  210  3  700  701  758  
1377  28  1  707  
1380  48  1  787  
1381  38  1  799  
1386  41  1  707  
1389  16  2  707  799  
1400  99  1  799  
1401  139  1  799  
1416  68  1  785  
1418  5  1  707  
1419  1  1  707  
1420  1  1  707  
1421  244  2  707  787  
1422  1  1  707  
1423  1  1  707  
1424  1  1  707  
1427  587  6  700  701  758  770  785  787  
1433  79  1  746  
1441  27  1  700  
1442  8  1  746  
1443  46  1  746  
1458  87  1  700  
1463  13  1  789  
1468  114  1  758  
1474  4  1  789  
1479  3  1  789  
1480  2  1  789  
1481  355  3  701  766  787  
1487  73  1  766  
1494  80  1  766  
1506  1  1  731  
1507  1  1  731  
1533  6  1  785  
1558  25  1  758  
1570  93  1  713  
1574  47  1  701  
1602  55  1  700  
1617  68  2  785  787  
1623  89  1  787  
1636  67  1  701  
1639  141  2  700  766  
1648  57  1  700  
1666  19  1  787  
1671  129  1  701  
1674  43  1  787  
1676  41  1  758  
1677  105  1  785  
1683  49  1  701  
1695  16  1  787  
1696  28  1  766  
1697  57  3  700  758  766  
1706  16  1  766  
1723  22  2  700  766  
1738  44  2  701  785  
1741  36  1  700  
1749  51  1  766  
1768  20  1  700  
1769  112  4  700  701  766  787  
1772  204  2  760  785  
1809  13  1  701  
1817  181  1  758  
1821  34  1  787  
1835  66  1  701  
1836  16  1  700  
1841  88  2  700  766  
1843  39  1  700  
1897  4  1  701  
1898  121  2  700  766  
1908  121  1  787  
1933  45  2  713  758  
1948  113  2  700  701  
1949  5  2  701  785  
1950  122  2  700  701  
1955  3  1  700  
1960  129  2  701  787  
1962  146  1  758  
1983  18  1  700  
1998  17  1  785  
2019  4  1  787  
2037  11  1  758  
2044  34  2  700  785  
2048  143  1  785  
2052  36  1  787  
2053  14  1  758  
2055  75  2  700  785  
2059  108  1  785  
2068  25  1  785  
2069  22  1  758  
2072  31  1  787  
2073  247  3  701  713  760  
2074  49  1  701  
2089  48  2  785  787  
2090  32  1  770  
2102  120  2  758  760  
2109  164  1  758  
2111  67  1  785  
2134  111  1  760  
2137  252  2  758  760  
2138  215  3  701  758  787  
2165  57  1  758  
2173  77  1  785  
2177  189  1  770  
2179  124  1  785  
2183  49  1  701  
2216  141  1  758  
2231  11  1  787  
2232  1  1  787  
2233  2  1  787  
2271  75  2  701  785  
2272  103  2  701  785  
2273  142  1  701  
2283  324  3  701  758  785  
2285  21  1  758  
2301  100  1  758  
2304  69  1  701  
2307  68  1  701  
2335  93  1  701  
2343  26  1  701  
2346  12  1  701  
2348  77  1  701  
2350  82  1  701  
2351  180  3  758  760  785  
2356  893  5  701  758  760  770  785  
2367  146  1  701  
2369  12  1  701  
2382  32  1  701  
2383  45  1  785  
2385  13  1  701  
2394  14  1  701  
2398  29  1  701  
2403  22  1  701  
2404  53  1  785  
2405  46  1  758  
2431  39  1  701  
2436  269  2  758  785  
2438  113  2  713  758  
2439  104  2  758  760  
2445  164  2  758  785  
2458  103  2  758  785  
2461  40  1  770  
2469  156  2  758  785  
2471  618  2  758  785  
2473  26  1  785  
2476  149  1  785  
2479  64  1  785  
2483  168  2  713  758  
2486  61  1  785  
2487  75  1  785  
2489  18  1  785  
2490  103  2  758  785  
2494  200  2  758  760  
2499  21  1  701  
2514  16  1  785  
2517  28  1  701  
2520  25  1  758  
2530  2  1  701  
2537  29  1  701  
2562  173  2  760  785  
2564  18  1  701  
2572  9  1  701  
2587  43  2  701  785  
2591  1  1  701  
2592  1  1  701  
2604  124  1  758  
2620  139  2  713  758  
2632  282  3  758  760  785  
2633  87  1  713  
2641  28  1  785  
2691  123  1  758  
2712  70  2  758  785  
2715  238  1  758  
2720  357  2  713  758  
2726  6  1  785  
2745  7  1  758  
2752  31  1  785  
2756  123  1  758  
2766  52  1  785  
2772  175  2  758  785  
2774  189  1  758  
2778  216  1  785  
2802  48  1  770  
2806  42  1  785  
2834  37  1  785  
2860  16  1  785  
2877  88  1  713  
2891  9  1  785  
2899  79  1  758  
2905  41  1  760  
2919  56  2  758  760  
2923  22  1  785  
2926  13  1  758  
2936  41  1  785  
2965  3  1  785  
2978  37  1  758  
2983  95  1  760  
3014  10  1  770  
3036  15  1  758  
3045  18  1  758  
3064  273  2  758  760  
3100  33  1  760  
3102  156  3  713  758  760  
3137  88  1  758  
3151  148  1  758  
3166  23  1  758  
3167  21  1  758  
3172  53  1  760  
3177  24  1  758  
3208  29  1  758  
3214  64  3  713  760  770  
3226  81  1  758  
3245  40  1  758  
3251  147  2  758  760  
3290  144  3  713  758  760  
3299  64  1  758  
3308  63  1  760  
3314  212  1  758  
3315  362  2  713  770  
3317  40  2  758  760  
3318  9  1  758  
3320  9  2  713  760  
3327  9  1  758  
3331  38  1  758  
3333  36  1  758  
3353  75  3  713  758  760  
3388  11  1  758  
3391  93  1  758  
3442  99  1  758  
3451  23  1  758  
3465  53  1  758  
3467  47  1  758  
3489  15  1  713  
3578  30  1  760  
3592  89  1  758  
3638  3  1  770  
3648  147  1  758  
3649  15  1  758  
3651  9  1  758  
3654  21  1  758  
3658  89  1  770  
3674  131  1  758  
3682  115  1  758  
3685  86  1  781  
3700  2  1  758  
3701  1  1  758  
3702  1  1  758  
3703  8  1  758  
3704  155  1  758  
3705  1  1  758  
3975  15  1  770  
3990  70  1  770  
4008  22  1  770  
4180  24  1  770  
4319  168  1  770  
4440  361  1  770  
4470  115  1  770  
4497  5  1  770  
4514  26  1  770  
4571  54  1  770  
4608  122  1  770  
4680  33  1  770  
4863  12  1  770  
4901  389  1  770  
4906  39  1  770  
4908  243  1  770  
5069  10  1  770  
5079  14  1  770  
5110  75  1  770  
5133  222  1  770  
5135  385  1  770  
5140  27  1  770  
5144  79  1  770  
5477  53  1  770  
5488  19  1  770  
5542  78  1  770  
5546  190  1  770  
5563  108  1  770  
5583  35  1  770  
5676  85  1  770  
5713  17  1  770  
5741  43  1  770  
5784  7  1  770  
5792  91  1  770  
5794  93  1  770  
5933  42  1  770  
5937  11  1  770  
6011  7  1  770  
6026  191  1  770  
6032  44  1  770  
6054  57  1  770  
6088  7  1  770  
6093  18  1  770  
6139  7  1  770  
6152  142  1  770  
6162  16  1  770  
