0  23  3  330  331  350  
1  29  4  323  342  349  392  
3  302  29  301  304  307  321  330  331  337  339  340  341  342  349  350  352  356  357  358  367  368  369  371  373  379  382  383  384  392  397  398  
5  182  28  301  304  321  323  330  331  337  339  341  342  349  350  352  356  357  358  366  367  368  369  371  373  379  382  383  392  397  398  
6  81  16  307  321  330  337  342  349  356  357  358  367  368  369  371  379  397  398  
7  86  4  301  382  383  384  
8  743  11  301  304  307  314  316  320  332  351  383  384  392  
9  65  5  331  337  341  367  384  
10  11  1  323  
11  114  16  306  307  320  337  342  347  350  356  357  367  368  371  373  379  397  398  
12  50  2  347  394  
14  45  6  321  337  340  356  357  368  
16  39  1  350  
17  187  16  303  304  307  321  330  332  342  347  349  350  356  357  358  368  379  382  
18  76  4  316  337  349  398  
20  74  2  307  383  
21  309  10  303  316  330  349  352  357  368  384  392  394  
22  90  16  304  307  321  330  331  337  339  342  349  350  352  356  358  384  392  398  
23  95  25  307  321  323  330  331  337  339  340  341  342  349  350  352  356  357  358  366  367  368  371  373  392  396  397  398  
24  102  14  301  307  330  341  349  350  352  356  358  367  371  373  379  398  
25  133  11  301  304  307  337  349  368  373  379  382  383  392  
26  150  13  304  330  337  339  341  366  368  371  373  379  383  384  392  
28  15  2  304  382  
29  4  1  347  
30  24  2  373  379  
32  65  15  321  330  337  341  349  352  356  357  358  367  368  371  379  392  398  
33  227  14  304  307  314  316  330  337  349  352  356  368  371  373  379  394  
34  20  2  307  349  
35  14  1  392  
36  41  5  301  307  323  384  392  
38  30  7  304  321  337  339  356  379  398  
39  89  8  330  337  356  357  368  373  384  392  
41  44  3  351  367  368  
43  59  13  307  330  347  349  350  356  357  358  368  371  373  379  384  
44  146  8  304  306  316  337  366  379  382  392  
45  21  3  337  368  397  
46  15  3  342  349  373  
48  24  1  307  
51  7  3  337  352  371  
52  64  9  303  307  330  337  349  352  358  379  384  
53  24  2  347  392  
54  13  1  392  
55  38  2  304  307  
56  94  9  349  350  351  356  357  368  384  394  397  
59  17  3  342  349  392  
63  44  4  320  340  371  379  
64  17  3  337  368  382  
65  275  2  347  358  
66  109  6  301  337  349  368  379  392  
67  164  9  303  304  307  323  337  349  350  384  398  
68  13  3  342  357  371  
69  69  3  303  316  337  
70  31  1  349  
72  25  1  342  
73  41  12  347  356  357  358  367  368  369  373  392  396  397  398  
74  53  5  323  337  349  368  384  
75  59  7  301  304  307  321  337  349  379  
78  8  1  350  
81  122  6  307  314  368  382  384  392  
82  195  5  330  342  351  373  384  
85  72  4  303  320  384  394  
89  80  11  304  306  307  330  331  337  349  366  379  382  392  
94  5  1  357  
95  16  1  382  
97  68  2  349  368  
98  30  4  337  347  356  373  
103  190  1  392  
104  95  1  304  
105  29  3  352  356  357  
107  89  3  321  349  382  
115  9  2  332  347  
116  213  2  380  394  
119  29  1  303  
120  25  1  303  
121  132  6  307  314  328  358  379  394  
122  80  5  330  337  351  358  384  
124  13  1  337  
125  29  3  307  349  384  
126  10  7  330  331  341  349  352  368  379  
128  7  2  371  379  
129  99  3  331  337  366  
131  72  2  349  352  
132  37  1  304  
133  30  15  321  323  330  331  337  339  340  342  349  358  366  367  373  379  392  
135  25  8  331  340  342  349  350  366  379  384  
136  94  13  316  321  342  349  352  356  357  358  367  368  371  373  379  
138  18  1  368  
140  58  1  301  
142  28  2  350  384  
143  74  4  304  320  379  384  
146  61  8  304  330  349  356  379  382  384  392  
149  44  3  307  373  384  
153  32  1  316  
158  93  1  394  
163  123  2  368  394  
164  334  6  303  304  316  328  351  392  
167  39  1  316  
168  19  1  351  
169  63  3  350  373  382  
170  17  3  330  331  384  
171  54  3  331  349  379  
173  79  2  382  384  
175  4  1  303  
176  37  5  304  330  352  371  392  
179  2  1  349  
180  13  1  351  
181  19  2  358  383  
182  21  4  307  339  379  394  
183  5  1  347  
186  11  1  306  
192  31  1  384  
204  100  5  303  314  330  332  347  
205  8  1  303  
209  10  5  321  323  330  367  379  
210  4  1  330  
211  19  8  307  323  330  337  339  383  392  398  
212  13  2  379  384  
214  25  2  304  384  
215  5  1  384  
216  6  2  368  392  
218  50  5  303  358  368  373  379  
219  23  1  379  
223  39  6  301  307  330  331  337  383  
224  41  2  352  368  
225  3  1  339  
228  8  1  307  
229  2  1  384  
234  11  4  323  392  397  398  
242  86  4  301  307  350  382  
244  8  1  356  
246  56  1  337  
248  8  3  321  337  382  
249  22  1  321  
255  30  4  303  321  330  373  
258  7  2  330  369  
260  56  3  337  382  394  
263  76  5  351  384  392  397  398  
266  7  2  339  366  
272  71  1  351  
273  35  1  328  
278  10  2  382  392  
283  1  1  341  
284  13  5  331  340  342  349  366  
286  79  1  304  
287  7  1  304  
288  244  9  301  304  307  314  350  383  384  392  394  
289  5  3  304  356  379  
290  142  4  303  304  332  394  
291  1  1  304  
292  230  6  304  306  314  320  332  384  
293  321  4  303  304  306  384  
294  227  9  301  303  304  307  314  316  320  383  384  
295  54  1  304  
296  1  1  304  
297  77  2  304  384  
298  3  1  304  
299  140  3  303  304  316  
300  3  1  304  
301  199  8  304  307  349  350  358  380  382  384  
302  7  1  304  
307  25  1  392  
308  12  2  330  384  
310  13  3  307  337  352  
313  4  1  392  
318  31  3  307  337  350  
321  80  7  316  323  352  356  358  371  379  
322  30  2  373  384  
323  47  6  306  330  341  349  373  384  
326  3  1  330  
327  9  2  330  350  
328  86  3  330  380  394  
329  8  1  384  
330  21  1  307  
332  2  1  337  
333  11  3  307  321  337  
334  9  2  307  337  
335  6  2  321  337  
336  1  1  337  
338  2  2  321  339  
341  1  1  342  
342  3  1  341  
343  14  1  349  
344  8  3  349  356  368  
345  14  4  349  356  358  368  
346  5  1  349  
347  1  1  349  
348  1  1  349  
350  117  1  352  
351  4  2  352  368  
353  3  2  356  396  
354  1  1  356  
355  37  5  307  332  356  371  383  
370  1  1  371  
372  42  2  303  373  
374  1  1  379  
375  7  1  379  
376  6  1  379  
377  12  2  303  379  
378  1  1  379  
380  20  1  379  
381  5  2  379  380  
382  19  1  379  
383  34  3  301  307  379  
384  145  4  351  379  383  392  
385  1  1  379  
386  2  1  379  
387  6  2  379  384  
388  1  1  379  
389  21  1  380  
390  1  1  379  
391  3  1  392  
392  4  1  382  
394  9  1  398  
401  79  1  384  
402  41  3  304  323  347  
408  157  4  303  314  380  384  
422  15  2  332  394  
429  4  1  304  
436  6  1  347  
438  12  1  347  
459  10  2  304  307  
460  4  2  304  394  
473  5  1  384  
485  5  1  347  
490  7  1  351  
493  24  1  316  
494  142  3  351  392  394  
504  121  5  303  351  382  384  394  
515  2  1  350  
531  26  1  351  
532  5  1  350  
533  3  1  350  
534  13  1  380  
548  214  6  303  306  332  351  384  394  
549  9  1  303  
551  8  1  307  
562  35  2  301  307  
565  11  1  384  
577  55  2  301  384  
578  150  2  316  394  
579  66  1  384  
580  11  1  384  
588  27  1  392  
589  16  1  384  
593  40  1  384  
594  98  1  314  
603  14  1  394  
606  158  2  303  384  
610  19  1  314  
615  5  1  384  
616  16  2  307  383  
621  3  1  384  
626  83  4  316  320  351  384  
632  3  2  301  307  
635  118  4  306  307  328  351  
637  100  2  303  314  
639  8  2  383  384  
643  81  1  328  
645  95  1  384  
646  123  3  303  351  384  
647  51  3  303  316  384  
649  105  3  303  384  394  
652  4  1  314  
654  23  2  316  384  
661  264  3  328  380  384  
680  93  1  306  
686  66  1  384  
698  50  1  306  
702  773  5  314  328  332  380  394  
705  146  4  303  314  320  332  
715  2  1  384  
716  8  1  384  
717  9  1  384  
718  1  1  384  
719  224  4  320  328  384  394  
720  1  1  384  
721  2  1  384  
723  113  4  303  384  392  394  
724  317  2  328  384  
728  18  1  384  
729  60  2  303  351  
731  5  1  306  
738  6  1  380  
743  34  2  306  384  
746  272  3  314  332  384  
758  165  1  394  
759  249  5  314  351  380  384  392  
764  3  1  384  
768  36  2  316  394  
781  39  1  394  
793  97  2  384  394  
811  3  1  384  
813  3  1  384  
825  24  1  380  
826  5  1  384  
829  119  2  351  384  
836  27  1  303  
839  7  1  384  
843  17  2  303  316  
845  10  1  384  
847  149  3  316  384  392  
864  80  2  316  394  
869  110  3  316  332  380  
871  29  1  306  
875  34  1  384  
877  42  2  303  394  
891  11  1  320  
892  72  2  303  316  
895  36  1  394  
899  65  3  306  384  392  
903  47  2  320  384  
907  77  2  314  316  
909  292  2  314  394  
914  238  3  316  380  392  
915  45  1  303  
917  297  5  314  316  328  332  380  
918  30  1  351  
920  60  1  380  
926  138  1  320  
929  44  2  314  316  
942  9  1  314  
946  6  1  303  
948  135  1  303  
953  33  3  303  351  394  
955  86  2  392  394  
957  6  1  384  
960  41  1  314  
961  21  2  332  351  
964  24  1  384  
968  44  1  351  
970  4  1  303  
972  196  2  303  394  
977  156  2  303  380  
988  74  2  306  384  
996  5  1  320  
1008  88  1  394  
1009  305  1  332  
1025  39  1  316  
1029  20  1  332  
1030  37  1  384  
1034  62  1  392  
1037  57  1  320  
1038  399  1  328  
1040  115  3  314  316  384  
1041  135  1  332  
1042  3  1  384  
1046  48  1  394  
1047  14  1  351  
1052  1  1  384  
1054  472  7  314  328  332  351  380  392  394  
1062  24  1  316  
1064  39  1  384  
1066  599  6  314  328  332  351  380  394  
1067  158  1  384  
1069  29  2  332  384  
1084  79  1  380  
1085  43  1  384  
1090  4  1  394  
1100  107  1  380  
1103  22  1  316  
1110  218  4  316  332  351  380  
1135  103  1  384  
1144  10  1  316  
1146  77  1  384  
1156  45  1  316  
1158  8  1  384  
1174  124  2  314  394  
1185  33  1  384  
1189  76  1  394  
1193  3  1  316  
1194  1  1  316  
1195  1  1  316  
1196  1  1  316  
1197  290  2  316  380  
1198  20  1  316  
1211  181  3  384  392  394  
1212  6  1  394  
1240  117  3  351  384  392  
1242  121  1  351  
1247  91  2  380  394  
1248  18  1  384  
1255  40  1  394  
1256  33  1  384  
1261  462  1  384  
1264  33  1  384  
1277  32  1  394  
1282  199  3  314  380  384  
1303  41  1  332  
1312  183  1  392  
1325  41  1  384  
1347  26  1  380  
1350  24  1  384  
1352  20  1  328  
1357  91  2  351  380  
1361  44  1  351  
1363  26  1  392  
1368  117  2  351  384  
1370  64  1  384  
1376  210  1  394  
1377  28  1  328  
1381  38  1  384  
1400  99  1  380  
1401  139  2  314  392  
1417  81  2  351  392  
1421  244  1  314  
1427  587  4  314  332  384  394  
1430  81  2  384  394  
1433  79  3  332  384  392  
1460  102  1  392  
1468  114  1  351  
1481  355  5  314  332  380  384  392  
1487  73  1  351  
1488  162  3  351  384  392  
1495  50  1  392  
1496  39  1  384  
1518  19  1  394  
1532  66  1  392  
1554  9  1  380  
1561  50  1  351  
1562  3  1  351  
1570  93  1  392  
1574  47  1  380  
1585  6  1  351  
1586  96  2  351  392  
1616  76  1  332  
1618  35  1  394  
1621  23  1  384  
1623  89  2  314  351  
1633  27  1  314  
1634  97  1  384  
1636  67  2  380  392  
1639  141  1  314  
1680  90  1  332  
1682  11  1  384  
1695  16  1  384  
1712  8  1  384  
1738  44  1  384  
1744  36  1  392  
1745  5  1  384  
1749  51  1  380  
1769  112  4  314  380  384  392  
1791  3  1  384  
1792  2  1  384  
1793  2  1  384  
1817  181  1  394  
1835  66  2  332  380  
1841  88  2  314  392  
1843  39  1  392  
1847  1  1  392  
1850  63  1  332  
1857  13  1  394  
1898  121  1  314  
1908  121  2  314  332  
1925  55  1  332  
1946  20  1  332  
1948  113  2  332  394  
1950  122  2  314  394  
1960  129  3  314  332  380  
1970  23  1  394  
1990  3  1  332  
1994  29  1  314  
2029  31  1  332  
2048  143  1  332  
2049  49  2  314  394  
2050  66  1  314  
2051  12  1  314  
2052  36  1  314  
2073  247  2  332  380  
2089  48  1  314  
2109  164  2  314  394  
2133  19  1  314  
2134  111  2  328  394  
2137  252  1  394  
2138  215  3  314  332  380  
2177  189  1  314  
2213  4  1  314  
2216  141  1  394  
2221  37  1  314  
2222  7  1  314  
2223  1  1  314  
2268  3  1  332  
2271  75  1  332  
2272  103  2  332  380  
2273  142  2  380  394  
2283  324  1  394  
2303  46  1  332  
2307  68  1  380  
2335  93  2  380  394  
2348  77  1  380  
2350  82  2  380  394  
2351  180  2  328  394  
2356  893  3  328  380  394  
2382  32  1  332  
2383  45  1  394  
2388  9  1  394  
2391  64  1  380  
2408  108  3  332  380  383  
2436  269  2  380  394  
2438  113  1  394  
2439  104  1  394  
2443  307  2  328  394  
2444  12  1  394  
2445  164  1  394  
2456  13  1  332  
2460  7  1  332  
2469  156  1  394  
2471  618  2  328  394  
2476  149  1  394  
2477  18  1  394  
2491  9  1  328  
2494  200  1  394  
2517  28  1  380  
2560  4  1  380  
2562  173  1  394  
2564  18  1  380  
2587  43  1  380  
2604  124  1  394  
2669  11  1  394  
2691  123  1  394  
2715  238  1  394  
2720  357  1  383  
2751  28  1  394  
2755  51  1  394  
2774  189  1  394  
2777  50  1  394  
2779  45  1  394  
2881  26  1  394  
2915  20  1  394  
2916  10  1  394  
3044  6  1  394  
3048  15  1  394  
3064  273  1  394  
3088  19  1  394  
3099  4  1  394  
3137  88  1  394  
3146  314  1  328  
3150  319  2  328  383  
3191  114  1  328  
3196  11  1  394  
3221  6  1  394  
3234  1  1  394  
3235  1  1  394  
3236  1  1  394  
3237  8  1  394  
3278  52  1  328  
3338  144  1  328  
3443  232  1  328  
3483  35  1  328  
3601  145  2  328  383  
3631  21  1  328  
3656  89  1  328  
3681  29  1  328  
3685  86  1  328  
3704  155  1  328  
3742  76  1  383  
3748  16  1  328  
3800  65  1  328  
4038  31  1  383  
4102  40  1  328  
4176  46  1  328  
4196  57  1  383  
4198  59  1  328  
4269  13  1  328  
4312  2  1  328  
