26  150  1  6349  
33  227  1  6343  
65  275  2  6302  6379  
67  164  1  6334  
103  190  1  6335  
129  99  1  6355  
188  17  1  6334  
350  117  1  6332  
384  145  1  6359  
401  79  1  6388  
410  6  1  6388  
431  732  6  6306  6307  6334  6335  6379  6388  
676  232  6  6302  6334  6349  6369  6379  6388  
680  93  1  6332  
702  773  5  6306  6307  6332  6335  6379  
758  165  1  6314  
785  91  1  6388  
909  292  1  6302  
1009  305  5  6302  6322  6332  6369  6388  
1046  48  1  6332  
1054  472  3  6332  6335  6379  
1066  599  2  6334  6335  
1261  462  7  6302  6306  6332  6335  6349  6355  6388  
1272  35  2  6334  6388  
1421  244  2  6334  6355  
1427  587  1  6306  
1485  68  4  6322  6332  6335  6359  
1674  43  1  6335  
1676  41  1  6334  
1772  204  1  6343  
1845  63  3  6302  6334  6355  
1850  63  1  6334  
1851  27  1  6332  
1950  122  2  6332  6369  
1971  145  1  6334  
2066  38  2  6349  6355  
2109  164  1  6379  
2134  111  1  6332  
2177  189  2  6307  6334  
2216  141  1  6357  
2252  42  1  6388  
2283  324  1  6388  
2351  180  1  6332  
2356  893  12  6302  6306  6307  6332  6334  6335  6349  6355  6366  6379  6388  6396  
2384  49  1  6396  
2405  46  1  6332  
2443  307  5  6302  6306  6334  6379  6388  
2461  40  1  6355  
2490  103  1  6355  
2665  12  1  6355  
2684  2  1  6363  
2685  62  1  6355  
2691  123  3  6318  6332  6355  
2802  48  1  6355  
2813  34  1  6344  
2823  62  2  6332  6335  
2999  69  2  6332  6388  
3090  180  5  6306  6334  6335  6349  6355  
3144  271  3  6322  6344  6388  
3150  319  1  6307  
3154  166  2  6306  6359  
3156  92  1  6355  
3253  45  1  6302  
3264  156  3  6306  6355  6388  
3277  12  1  6334  
3307  82  2  6349  6355  
3315  362  4  6302  6349  6357  6388  
3362  95  1  6359  
3428  22  1  6349  
3443  232  2  6332  6335  
3554  7  1  6349  
3596  90  1  6363  
3652  104  3  6302  6335  6388  
3658  89  3  6318  6320  6349  
3674  131  2  6335  6388  
3738  12  1  6302  
3749  84  1  6335  
3762  9  2  6322  6388  
3800  65  3  6306  6349  6396  
3852  23  1  6362  
3879  278  4  6306  6307  6332  6388  
3914  55  1  6379  
3919  80  1  6355  
3929  39  1  6388  
3990  70  4  6306  6349  6355  6388  
3994  202  4  6307  6332  6334  6335  
4009  4  1  6388  
4035  153  3  6306  6335  6343  
4036  12  1  6346  
4039  50  1  6307  
4047  3  1  6388  
4062  9  1  6334  
4064  14  1  6320  
4122  71  1  6334  
4152  228  3  6349  6379  6388  
4183  13  1  6318  
4220  121  2  6306  6334  
4225  62  1  6332  
4263  53  2  6302  6334  
4267  3  1  6332  
4285  62  1  6335  
4288  73  2  6320  6388  
4305  20  2  6349  6355  
4319  168  1  6362  
4367  28  2  6334  6396  
4380  79  1  6396  
4422  31  1  6355  
4427  214  4  6302  6307  6334  6379  
4437  60  1  6311  
4453  53  1  6379  
4462  4  1  6334  
4470  115  1  6355  
4514  26  5  6343  6344  6355  6359  6365  
4531  271  3  6307  6349  6366  
4546  14  1  6307  
4551  54  1  6335  
4552  127  4  6302  6306  6335  6349  
4555  33  3  6335  6351  6398  
4586  16  4  6313  6314  6330  6343  
4608  122  5  6307  6334  6349  6355  6388  
4614  217  3  6302  6306  6314  
4620  152  2  6355  6388  
4623  211  2  6302  6355  
4624  312  2  6343  6369  
4631  32  1  6334  
4634  22  1  6334  
4646  8  1  6334  
4663  24  1  6355  
4672  44  1  6355  
4715  61  1  6388  
4799  3  1  6355  
4800  40  1  6349  
4831  63  5  6332  6335  6355  6362  6394  
4832  26  1  6334  
4901  389  11  6302  6306  6332  6334  6335  6349  6355  6357  6379  6388  6396  
4908  243  2  6334  6388  
4919  137  1  6334  
4951  105  2  6355  6359  
4962  30  1  6394  
5012  139  15  6306  6311  6313  6318  6320  6322  6330  6334  6343  6357  6359  6362  6363  6394  6396  
5013  5  1  6394  
5051  230  1  6396  
5082  13  1  6349  
5099  9  1  6334  
5110  75  1  6362  
5112  42  1  6332  
5113  14  1  6306  
5129  191  3  6334  6355  6388  
5133  222  7  6307  6322  6332  6335  6349  6379  6388  
5135  385  11  6302  6306  6313  6332  6334  6335  6349  6355  6357  6388  6396  
5137  33  1  6311  
5139  83  5  6334  6349  6362  6366  6379  
5143  29  1  6306  
5144  79  4  6318  6349  6357  6388  
5147  144  3  6302  6306  6335  
5149  84  1  6334  
5150  75  3  6349  6355  6388  
5152  61  1  6307  
5153  20  1  6335  
5155  98  6  6306  6307  6349  6355  6362  6388  
5158  15  1  6332  
5182  92  1  6388  
5218  19  1  6307  
5224  52  2  6332  6335  
5255  3  1  6355  
5257  14  2  6306  6307  
5285  4  1  6334  
5294  81  2  6334  6335  
5302  68  4  6302  6334  6335  6379  
5313  25  2  6332  6335  
5325  80  5  6302  6307  6335  6349  6388  
5335  39  1  6335  
5359  32  1  6335  
5382  26  1  6349  
5383  1  1  6359  
5401  24  1  6318  
5423  13  1  6355  
5460  14  1  6388  
5488  19  1  6355  
5495  75  4  6306  6332  6335  6396  
5519  88  6  6320  6357  6366  6369  6379  6388  
5521  76  1  6334  
5528  52  4  6334  6349  6388  6396  
5542  78  3  6349  6388  6394  
5546  190  5  6302  6332  6334  6349  6355  
5554  19  1  6306  
5557  23  1  6306  
5563  108  4  6313  6349  6366  6369  
5582  81  2  6313  6320  
5583  35  1  6369  
5606  29  2  6311  6318  
5639  70  2  6307  6355  
5655  58  1  6332  
5676  85  7  6306  6313  6355  6357  6359  6362  6398  
5684  101  6  6334  6335  6355  6366  6388  6396  
5685  2  1  6363  
5689  8  1  6355  
5699  54  1  6388  
5706  33  2  6332  6334  
5708  2  1  6335  
5735  9  1  6307  
5737  29  1  6369  
5740  35  2  6311  6388  
5743  58  2  6302  6334  
5748  4  1  6355  
5771  12  1  6334  
5772  177  6  6302  6307  6332  6335  6379  6388  
5789  160  11  6311  6334  6335  6349  6355  6357  6359  6362  6366  6388  6396  
5790  18  1  6355  
5792  91  7  6307  6311  6322  6334  6335  6359  6365  
5793  104  8  6306  6334  6349  6359  6362  6369  6379  6396  
5794  93  4  6320  6355  6357  6359  
5798  135  3  6306  6332  6335  
5815  4  1  6355  
5824  7  1  6355  
5826  11  1  6334  
5874  100  8  6306  6322  6334  6349  6355  6362  6388  6398  
5908  10  1  6334  
5915  22  1  6359  
5921  77  3  6334  6343  6359  
5933  42  1  6334  
5936  11  1  6349  
5946  3  1  6311  
5948  6  1  6306  
6012  5  1  6302  
6019  31  1  6334  
6021  28  1  6306  
6025  49  4  6349  6355  6359  6388  
6026  191  6  6302  6306  6318  6334  6335  6394  
6033  95  7  6311  6313  6332  6349  6359  6388  6394  
6035  54  3  6306  6334  6388  
6049  65  2  6322  6332  
6054  57  2  6335  6355  
6058  68  1  6396  
6068  5  1  6349  
6077  6  1  6349  
6093  18  2  6349  6369  
6094  81  6  6306  6332  6334  6335  6349  6355  
6095  19  4  6314  6343  6344  6355  
6124  8  1  6313  
6143  14  1  6307  
6145  36  2  6335  6349  
6147  161  4  6302  6332  6335  6379  
6149  27  2  6332  6335  
6152  142  7  6302  6306  6334  6355  6379  6388  6396  
6154  40  1  6363  
6155  98  3  6306  6332  6334  
6156  37  3  6302  6332  6335  
6157  118  5  6302  6306  6307  6334  6335  
6171  70  5  6332  6334  6335  6349  6355  
6175  123  6  6302  6306  6307  6311  6334  6379  
6178  2  1  6355  
6180  93  4  6306  6311  6335  6355  
6186  15  1  6355  
6189  15  1  6355  
6191  2  1  6330  
6197  12  1  6306  
6205  7  1  6334  
6211  2  1  6355  
6213  11  1  6344  
6215  24  1  6335  
6216  30  5  6320  6335  6357  6359  6396  
6231  10  1  6335  
6243  2  1  6318  
6266  14  2  6362  6388  
6294  47  1  6306  
6296  12  1  6332  
6300  101  4  6306  6332  6334  6335  
6306  15  1  6302  
6307  9  1  6302  
6308  21  2  6306  6334  
6310  21  2  6307  6334  
6321  3  2  6322  6355  
6334  19  2  6306  6335  
6335  89  2  6302  6332  
6336  12  2  6332  6349  
6345  1  1  6346  
6347  4  1  6355  
6349  13  2  6332  6355  
6352  2  1  6355  
6353  1  1  6355  
6354  1  1  6355  
6356  2  1  6355  
6364  15  5  6349  6365  6369  6379  6388  
6367  1  1  6366  
6371  6  1  6349  
6372  2  1  6349  
6373  2  1  6349  
6375  1  1  6349  
6391  4  1  6388  
6393  9  1  6302  
6395  1  1  6388  
6403  4  1  6306  
6405  38  1  6332  
6406  7  1  6306  
6407  3  1  6334  
6411  25  1  6335  
6414  24  1  6335  
6415  52  3  6302  6306  6379  
6428  2  1  6334  
6436  9  2  6307  6334  
6453  10  1  6335  
6459  39  3  6332  6334  6379  
6465  4  1  6306  
6478  9  1  6306  
6485  1  1  6334  
6486  1  1  6334  
6493  27  1  6335  
6611  4  1  6335  
6616  14  1  6332  
6623  5  1  6307  
6624  12  1  6307  
6626  26  3  6307  6332  6335  
6639  19  1  6332  
6657  30  3  6302  6307  6379  
6667  6  1  6332  
6672  50  1  6307  
6674  8  1  6332  
6680  13  1  6332  
6691  2  2  6332  6335  
6696  20  1  6302  
6698  35  1  6302  
6699  11  1  6379  
6708  1  1  6332  
6709  4  1  6332  
6710  4  1  6332  
6711  7  1  6332  
6741  4  1  6307  
6764  2  1  6302  
6768  24  2  6302  6307  
6778  6  1  6302  
6797  30  1  6302  
6798  21  1  6302  
6821  3  1  6302  
6900  19  2  6302  6307  
6910  20  2  6302  6307  
6913  9  1  6307  
7002  10  1  6302  
7018  3  1  6302  
7020  7  1  6302  
7034  4  1  6307  
7043  1  1  6302  
7044  1  1  6302  
7045  2  1  6302  
7046  1  1  6302  
7047  1  1  6302  
7049  11  1  6307  
7088  1  1  6307  
7089  1  1  6307  
7090  1  1  6307  
