3  302  13  1512  1519  1523  1525  1528  1533  1540  1549  1559  1562  1571  1585  1587  
6  81  2  1523  1586  
8  743  36  1500  1501  1505  1509  1510  1512  1517  1519  1520  1523  1524  1525  1528  1529  1532  1533  1540  1543  1549  1550  1557  1558  1559  1562  1567  1570  1571  1575  1576  1583  1585  1586  1587  1595  1597  1598  
9  65  2  1501  1510  
11  114  1  1586  
12  50  1  1586  
13  15  1  1543  
17  187  3  1550  1562  1598  
18  76  3  1576  1586  1595  
20  74  1  1510  
21  309  10  1505  1512  1517  1529  1540  1567  1574  1586  1592  1597  
25  133  1  1510  
30  24  1  1586  
33  227  3  1571  1576  1595  
39  89  1  1586  
41  44  1  1586  
44  146  3  1586  1592  1595  
55  38  1  1567  
56  94  1  1505  
57  9  2  1586  1595  
63  44  2  1586  1597  
65  275  6  1505  1509  1517  1550  1558  1575  
66  109  1  1508  
67  164  3  1509  1586  1587  
69  69  1  1505  
73  41  3  1523  1525  1533  
81  122  2  1543  1587  
82  195  2  1586  1587  
85  72  3  1500  1509  1510  
97  68  2  1540  1575  
103  190  3  1500  1549  1587  
104  95  1  1570  
107  89  3  1505  1571  1586  
116  213  4  1509  1524  1592  1597  
122  80  4  1540  1574  1583  1598  
125  29  1  1505  
129  99  1  1505  
131  72  2  1587  1595  
135  25  2  1519  1532  
138  18  1  1505  
140  58  4  1548  1574  1597  1598  
143  74  8  1505  1510  1519  1520  1523  1525  1532  1533  
146  61  2  1500  1587  
153  32  2  1505  1587  
155  9  1  1595  
158  93  1  1574  
162  70  4  1510  1559  1562  1595  
163  123  3  1505  1549  1586  
164  334  21  1500  1501  1505  1510  1512  1520  1523  1525  1529  1532  1533  1543  1559  1562  1567  1571  1576  1583  1586  1595  1598  
168  19  1  1587  
171  54  1  1571  
173  79  1  1587  
175  4  1  1549  
176  37  1  1510  
188  17  2  1505  1533  
192  31  1  1586  
193  12  1  1587  
204  100  3  1500  1570  1595  
212  13  1  1505  
217  6  1  1571  
223  39  1  1549  
224  41  1  1517  
236  15  4  1510  1519  1523  1525  
241  25  1  1587  
243  10  1  1571  
246  56  2  1523  1586  
252  13  2  1592  1595  
255  30  3  1532  1586  1595  
260  56  1  1586  
263  76  2  1587  1592  
264  39  2  1505  1587  
272  71  3  1575  1586  1595  
278  10  1  1587  
286  79  4  1523  1525  1533  1586  
288  244  5  1505  1517  1570  1571  1583  
290  142  3  1525  1532  1543  
292  230  9  1505  1512  1517  1520  1543  1586  1587  1592  1595  
293  321  10  1505  1510  1512  1520  1529  1567  1570  1583  1586  1597  
294  227  11  1510  1512  1519  1520  1525  1532  1543  1562  1570  1571  1595  
297  77  1  1587  
298  3  1  1586  
299  140  3  1512  1532  1595  
301  199  4  1540  1550  1567  1592  
307  25  1  1558  
317  46  1  1597  
318  31  1  1505  
321  80  1  1586  
350  117  3  1505  1575  1595  
353  3  1  1523  
355  37  1  1505  
361  45  1  1517  
377  12  1  1592  
380  20  1  1574  
383  34  2  1519  1532  
384  145  11  1501  1505  1512  1519  1523  1525  1529  1532  1533  1587  1592  
401  79  1  1598  
408  157  7  1500  1519  1532  1540  1575  1586  1592  
431  732  12  1500  1505  1510  1519  1525  1529  1549  1550  1574  1586  1595  1597  
440  10  1  1586  
453  3  1  1587  
494  142  4  1529  1550  1567  1586  
504  121  2  1586  1597  
508  8  1  1510  
520  5  1  1586  
523  3  1  1533  
530  34  1  1558  
532  5  1  1510  
548  214  3  1505  1532  1586  
560  2  1  1510  
578  150  5  1558  1559  1576  1586  1592  
587  46  1  1587  
606  158  2  1532  1558  
607  13  1  1587  
608  7  1  1597  
610  19  1  1597  
626  83  2  1529  1586  
635  118  5  1510  1528  1557  1586  1587  
637  100  2  1508  1570  
643  81  1  1505  
645  95  10  1508  1520  1523  1525  1532  1533  1540  1543  1550  1587  
646  123  5  1532  1533  1571  1587  1595  
649  105  4  1505  1519  1574  1587  
651  19  1  1567  
654  23  1  1509  
661  264  8  1505  1509  1512  1517  1540  1574  1586  1587  
686  66  2  1501  1509  
695  77  2  1567  1586  
698  50  1  1567  
699  68  3  1505  1586  1587  
700  34  1  1570  
702  773  9  1505  1517  1524  1550  1558  1574  1575  1586  1592  
704  2  1  1586  
705  146  7  1501  1505  1509  1523  1586  1587  1595  
707  7  3  1512  1571  1595  
719  224  9  1505  1523  1525  1533  1549  1558  1575  1576  1597  
723  113  1  1570  
724  317  8  1505  1510  1517  1524  1528  1529  1548  1550  
725  41  1  1505  
728  18  2  1505  1510  
729  60  4  1524  1562  1586  1587  
732  16  2  1519  1597  
739  90  3  1500  1505  1529  
743  34  3  1549  1585  1587  
746  272  9  1517  1524  1529  1532  1574  1586  1592  1595  1598  
749  29  2  1519  1567  
758  165  2  1550  1575  
759  249  14  1505  1508  1510  1512  1524  1532  1543  1549  1550  1557  1574  1586  1587  1592  
766  26  2  1574  1592  
768  36  2  1586  1587  
771  61  3  1524  1550  1592  
772  30  3  1558  1575  1595  
774  45  4  1501  1586  1592  1595  
781  39  4  1510  1520  1525  1562  
782  16  1  1595  
783  99  3  1509  1543  1549  
785  91  1  1549  
787  13  1  1570  
793  97  1  1586  
797  11  1  1525  
798  38  3  1512  1525  1557  
799  59  1  1505  
800  29  7  1519  1524  1525  1533  1543  1559  1598  
825  24  4  1509  1517  1524  1592  
829  119  8  1501  1505  1520  1548  1570  1585  1586  1587  
840  7  1  1586  
843  17  2  1505  1586  
845  10  1  1540  
847  149  5  1505  1525  1532  1557  1587  
852  21  1  1557  
857  18  1  1567  
859  22  3  1586  1592  1595  
861  46  1  1592  
864  80  2  1570  1571  
866  30  1  1505  
869  110  2  1505  1524  
870  27  1  1549  
871  29  2  1583  1595  
875  34  3  1540  1586  1587  
881  22  1  1505  
882  16  1  1571  
896  11  1  1583  
899  65  4  1512  1532  1550  1587  
903  47  1  1598  
907  77  2  1549  1598  
909  292  5  1505  1549  1558  1570  1575  
914  238  14  1501  1505  1509  1512  1517  1532  1549  1559  1567  1570  1576  1586  1595  1598  
915  45  2  1505  1575  
917  297  10  1505  1509  1510  1517  1519  1524  1548  1574  1592  1597  
918  30  5  1523  1525  1532  1533  1586  
926  138  1  1587  
942  9  1  1570  
943  41  2  1509  1512  
948  135  4  1525  1532  1533  1549  
951  39  2  1529  1550  
953  33  1  1587  
955  86  2  1505  1519  
961  21  2  1529  1586  
968  44  2  1583  1595  
969  46  4  1501  1505  1533  1550  
972  196  11  1505  1510  1519  1520  1523  1525  1532  1533  1549  1557  1570  
977  156  8  1505  1529  1558  1570  1574  1575  1583  1592  
979  16  2  1525  1550  
988  74  1  1586  
1001  8  1  1586  
1008  88  3  1505  1509  1570  
1009  305  6  1505  1517  1524  1570  1583  1598  
1022  60  1  1586  
1025  39  1  1587  
1032  62  8  1505  1523  1524  1529  1533  1543  1571  1575  
1033  13  1  1512  
1034  62  1  1559  
1037  57  2  1509  1597  
1038  399  6  1532  1549  1550  1558  1587  1597  
1040  115  4  1517  1535  1570  1586  
1041  135  5  1509  1517  1570  1575  1592  
1046  48  1  1559  
1054  472  11  1505  1517  1550  1567  1570  1574  1576  1583  1586  1592  1598  
1064  39  3  1524  1529  1576  
1065  13  1  1549  
1066  599  10  1505  1509  1524  1548  1549  1550  1558  1567  1574  1586  
1067  158  6  1505  1512  1532  1548  1587  1598  
1069  29  1  1505  
1083  9  1  1524  
1084  79  2  1574  1587  
1085  43  5  1505  1519  1533  1586  1587  
1093  31  2  1532  1540  
1100  107  4  1505  1509  1549  1592  
1101  35  2  1587  1595  
1102  66  5  1532  1567  1570  1571  1586  
1103  22  4  1505  1549  1562  1567  
1104  61  4  1505  1519  1533  1549  
1107  26  4  1505  1523  1533  1550  
1110  218  5  1529  1548  1576  1586  1598  
1111  79  6  1519  1532  1548  1550  1571  1574  
1115  65  1  1505  
1120  77  1  1558  
1129  33  2  1570  1571  
1135  103  4  1505  1512  1532  1571  
1140  35  2  1505  1532  
1142  5  1  1587  
1146  77  2  1505  1533  
1147  21  1  1520  
1150  51  5  1508  1523  1549  1587  1597  
1156  45  1  1505  
1162  61  4  1543  1570  1576  1586  
1173  69  2  1505  1519  
1174  124  12  1501  1505  1510  1512  1520  1523  1525  1532  1533  1543  1585  1595  
1176  10  1  1576  
1178  20  4  1558  1567  1592  1595  
1179  31  3  1558  1592  1595  
1180  65  2  1558  1575  
1189  76  3  1505  1549  1574  
1197  290  7  1505  1509  1517  1519  1524  1549  1592  
1198  20  1  1595  
1211  181  14  1500  1505  1510  1512  1519  1525  1529  1548  1550  1567  1570  1575  1583  1597  
1214  12  1  1505  
1221  3  2  1505  1510  
1227  62  6  1500  1510  1543  1550  1585  1595  
1240  117  17  1500  1505  1510  1520  1523  1528  1529  1532  1533  1543  1548  1550  1570  1571  1586  1587  1595  
1242  121  11  1500  1501  1510  1520  1529  1532  1549  1567  1583  1586  1595  
1246  20  2  1510  1587  
1247  91  7  1512  1520  1532  1543  1549  1571  1595  
1252  4  1  1571  
1255  40  1  1549  
1261  462  10  1505  1509  1517  1519  1524  1549  1550  1574  1586  1598  
1264  33  2  1523  1532  
1265  14  2  1592  1595  
1267  63  2  1510  1574  
1268  52  3  1533  1558  1574  
1273  61  3  1512  1520  1586  
1277  32  2  1549  1574  
1282  199  11  1500  1512  1540  1567  1570  1571  1574  1583  1592  1597  1598  
1287  3  1  1505  
1301  13  1  1505  
1304  12  3  1505  1510  1525  
1307  8  1  1519  
1312  183  17  1500  1501  1505  1508  1519  1520  1525  1532  1533  1543  1549  1550  1567  1571  1583  1586  1595  
1316  1  1  1567  
1325  41  2  1510  1533  
1331  7  1  1512  
1346  48  3  1505  1571  1586  
1347  26  1  1524  
1350  24  3  1505  1571  1587  
1353  7  1  1543  
1354  156  5  1512  1529  1532  1570  1571  
1355  72  7  1500  1508  1512  1532  1543  1571  1595  
1357  91  6  1517  1549  1558  1562  1567  1598  
1361  44  5  1500  1505  1529  1570  1586  
1363  26  2  1567  1571  
1364  52  5  1505  1520  1585  1586  1595  
1368  117  18  1501  1505  1510  1512  1519  1525  1529  1532  1533  1540  1543  1549  1559  1562  1571  1576  1587  1595  
1370  64  6  1524  1528  1533  1550  1570  1571  
1372  157  12  1505  1512  1520  1523  1525  1529  1532  1559  1562  1570  1571  1595  
1376  210  11  1505  1517  1519  1524  1525  1529  1567  1570  1571  1587  1595  
1379  12  1  1529  
1380  48  2  1586  1587  
1381  38  2  1505  1557  
1383  3  1  1510  
1384  6  1  1505  
1385  4  1  1586  
1386  41  8  1520  1523  1525  1533  1543  1549  1550  1586  
1400  99  5  1505  1549  1570  1575  1583  
1401  139  4  1500  1509  1558  1570  
1403  4  1  1562  
1404  35  7  1500  1505  1520  1523  1525  1540  1586  
1416  68  1  1597  
1417  81  4  1567  1570  1571  1595  
1421  244  3  1500  1519  1570  
1427  587  25  1500  1505  1512  1517  1519  1524  1529  1532  1543  1548  1549  1550  1558  1567  1570  1571  1574  1575  1583  1585  1586  1592  1595  1597  1598  
1428  42  1  1597  
1430  81  6  1500  1505  1517  1570  1576  1586  
1431  20  1  1550  
1433  79  13  1501  1505  1508  1512  1529  1543  1549  1559  1562  1567  1570  1571  1587  
1441  27  4  1549  1557  1570  1571  
1443  46  2  1500  1574  
1445  3  1  1587  
1447  24  3  1510  1523  1532  
1457  13  3  1525  1549  1587  
1458  87  3  1505  1509  1575  
1460  102  10  1512  1517  1525  1532  1543  1549  1567  1570  1592  1595  
1461  5  1  1587  
1463  13  2  1510  1549  
1468  114  20  1500  1501  1510  1512  1520  1523  1525  1529  1532  1533  1540  1559  1562  1567  1571  1576  1583  1586  1587  1595  
1470  29  1  1505  
1478  10  2  1525  1528  
1480  2  1  1532  
1481  355  22  1500  1501  1505  1512  1519  1520  1525  1533  1540  1543  1548  1557  1559  1562  1570  1571  1576  1583  1586  1587  1592  1598  
1483  12  2  1512  1595  
1487  73  3  1500  1540  1586  
1488  162  24  1500  1505  1508  1510  1512  1519  1520  1523  1525  1528  1529  1532  1533  1540  1543  1549  1550  1559  1567  1576  1585  1586  1595  1598  
1492  4  1  1595  
1494  80  4  1567  1570  1583  1597  
1495  50  2  1570  1571  
1500  12  2  1501  1540  
1502  2  1  1505  
1503  6  1  1505  
1504  3  2  1505  1532  
1509  1  1  1510  
1510  3  2  1509  1532  
1511  36  2  1509  1510  
1515  48  2  1532  1586  
1516  2  1  1519  
1517  5  1  1519  
1522  1  1  1523  
1524  2  1  1525  
1529  9  2  1532  1567  
1530  1  1  1532  
1531  1  1  1532  
1533  6  1  1587  
1538  55  3  1500  1540  1550  
1539  5  1  1540  
1541  18  1  1517  
1553  2  1  1512  
1554  9  2  1512  1524  
1555  1  1  1512  
1558  25  2  1592  1595  
1560  2  1  1562  
1561  50  2  1562  1592  
1564  1  1  1571  
1565  1  1  1571  
1566  4  1  1571  
1567  70  2  1505  1571  
1568  1  1  1571  
1569  1  1  1571  
1570  93  3  1567  1571  1583  
1571  112  3  1519  1570  1592  
1574  47  2  1576  1592  
1575  4  1  1574  
1576  34  4  1548  1567  1574  1592  
1580  9  1  1567  
1584  1  1  1587  
1585  6  1  1587  
1586  96  3  1529  1567  1587  
1588  10  1  1595  
1589  14  1  1595  
1590  1  1  1595  
1591  14  1  1595  
1592  1  1  1595  
1593  1  1  1595  
1594  1  1  1595  
1596  1  1  1585  
1600  18  1  1598  
1602  55  1  1505  
1609  9  1  1592  
1616  76  2  1509  1517  
1617  68  2  1505  1517  
1618  35  2  1586  1598  
1621  23  2  1529  1597  
1623  89  5  1500  1529  1567  1570  1586  
1624  16  2  1500  1598  
1630  1  1  1557  
1633  27  1  1570  
1634  97  2  1500  1575  
1636  67  1  1550  
1639  141  5  1509  1517  1570  1592  1598  
1648  57  1  1570  
1653  11  1  1529  
1658  26  2  1505  1575  
1659  44  2  1505  1586  
1663  48  1  1500  
1664  20  1  1500  
1671  129  5  1550  1570  1574  1586  1592  
1674  43  2  1505  1519  
1676  41  1  1558  
1680  90  3  1505  1517  1524  
1681  7  1  1505  
1683  49  1  1586  
1688  2  1  1586  
1697  57  3  1576  1583  1598  
1710  12  1  1567  
1723  22  1  1583  
1724  3  1  1586  
1725  1  1  1586  
1726  1  1  1586  
1727  5  1  1586  
1728  1  1  1586  
1729  9  1  1586  
1730  33  3  1574  1586  1598  
1731  3  1  1586  
1739  4  1  1567  
1741  36  1  1517  
1744  36  2  1505  1548  
1764  2  1  1529  
1765  33  1  1529  
1766  1  1  1529  
1767  1  1  1529  
1768  20  1  1570  
1769  112  2  1567  1583  
1772  204  6  1505  1549  1574  1575  1586  1592  
1775  22  2  1505  1586  
1807  31  1  1567  
1811  18  2  1575  1592  
1812  31  1  1592  
1817  181  2  1505  1575  
1821  34  1  1576  
1824  47  1  1570  
1829  56  2  1505  1570  
1835  66  6  1505  1509  1517  1524  1574  1592  
1836  16  1  1570  
1841  88  5  1567  1570  1576  1586  1598  
1843  39  1  1570  
1845  63  2  1505  1549  
1850  63  2  1576  1586  
1868  1  1  1597  
1885  3  1  1567  
1886  4  2  1567  1598  
1887  1  1  1567  
1888  14  2  1567  1586  
1897  4  1  1517  
1898  121  6  1505  1548  1570  1576  1583  1586  
1899  21  2  1576  1598  
1901  50  1  1505  
1905  17  1  1586  
1908  121  8  1509  1517  1524  1570  1576  1586  1592  1598  
1913  1  1  1576  
1914  1  1  1576  
1925  55  1  1586  
1928  2  1  1598  
1930  22  1  1570  
1933  45  1  1505  
1941  4  1  1558  
1944  39  1  1575  
1946  20  1  1592  
1948  113  4  1505  1517  1570  1583  
1950  122  2  1570  1583  
1957  8  2  1517  1592  
1960  129  7  1509  1517  1524  1570  1574  1586  1592  
1962  146  2  1505  1597  
1971  145  4  1509  1524  1549  1574  
1981  41  2  1548  1570  
1991  32  1  1574  
1993  16  1  1549  
2008  61  1  1574  
2029  31  3  1505  1517  1524  
2035  15  1  1583  
2036  1  1  1583  
2037  11  1  1583  
2044  34  1  1570  
2048  143  3  1549  1586  1597  
2049  49  2  1505  1570  
2050  66  2  1509  1575  
2052  36  1  1586  
2055  75  1  1549  
2056  241  5  1505  1509  1558  1575  1597  
2059  108  1  1505  
2060  14  1  1570  
2068  25  1  1549  
2072  31  1  1570  
2073  247  5  1509  1517  1524  1574  1592  
2075  95  1  1519  
2080  58  2  1524  1597  
2087  31  3  1505  1524  1570  
2089  48  1  1570  
2093  1  1  1535  
2097  17  2  1505  1549  
2098  6  1  1570  
2109  164  3  1505  1570  1592  
2133  19  1  1570  
2134  111  2  1505  1597  
2137  252  4  1505  1558  1575  1597  
2138  215  5  1509  1517  1524  1570  1592  
2165  57  1  1575  
2166  12  1  1570  
2172  14  1  1549  
2173  77  2  1574  1575  
2179  124  1  1574  
2180  7  1  1570  
2183  49  3  1509  1524  1558  
2186  45  1  1558  
2188  71  1  1550  
2193  66  2  1519  1550  
2204  62  1  1575  
2205  2  1  1570  
2215  34  1  1570  
2216  141  3  1505  1550  1570  
2219  6  1  1570  
2221  37  2  1505  1592  
2236  35  4  1505  1509  1517  1592  
2271  75  3  1509  1574  1592  
2272  103  6  1509  1517  1524  1558  1574  1592  
2273  142  3  1517  1574  1592  
2275  35  1  1574  
2283  324  6  1509  1519  1558  1574  1592  1597  
2285  21  1  1505  
2303  46  1  1575  
2304  69  2  1505  1517  
2307  68  3  1505  1519  1524  
2321  7  1  1558  
2335  93  2  1509  1592  
2339  34  1  1505  
2340  105  1  1549  
2342  70  1  1519  
2343  26  1  1586  
2346  12  1  1524  
2348  77  4  1509  1517  1574  1592  
2350  82  1  1597  
2356  893  11  1505  1509  1517  1524  1549  1550  1558  1574  1575  1592  1597  
2361  1  1  1586  
2367  146  5  1505  1549  1550  1558  1574  
2369  12  3  1517  1524  1586  
2385  13  1  1517  
2391  64  1  1558  
2394  14  1  1592  
2403  22  2  1517  1524  
2408  108  1  1505  
2411  3  1  1586  
2412  1  1  1586  
2432  18  1  1517  
2436  269  3  1558  1575  1597  
2438  113  1  1558  
2439  104  1  1549  
2443  307  3  1550  1558  1597  
2445  164  1  1505  
2469  156  2  1549  1558  
2470  13  1  1505  
2471  618  6  1505  1519  1549  1550  1558  1575  
2473  26  1  1549  
2475  19  1  1505  
2476  149  1  1505  
2479  64  1  1558  
2480  45  1  1505  
2481  15  1  1505  
2482  74  1  1575  
2483  168  3  1505  1549  1575  
2484  19  1  1505  
2485  80  2  1505  1550  
2486  61  2  1505  1549  
2487  75  1  1592  
2490  103  2  1505  1549  
2494  200  4  1505  1549  1575  1597  
2499  21  2  1509  1597  
2517  28  3  1509  1517  1524  
2519  39  1  1509  
2521  79  1  1597  
2522  1  1  1509  
2523  1  1  1509  
2529  5  1  1524  
2530  2  1  1549  
2536  1  1  1517  
2537  29  2  1517  1597  
2538  1  1  1517  
2539  1  1  1517  
2540  40  3  1517  1574  1592  
2546  46  2  1574  1575  
2547  35  1  1505  
2562  173  2  1505  1575  
2564  18  1  1592  
2582  11  1  1505  
2585  18  1  1505  
2587  43  1  1592  
2594  6  1  1592  
2600  21  1  1505  
2604  124  2  1505  1549  
2607  3  1  1592  
2608  1  1  1592  
2609  1  1  1592  
2610  1  1  1592  
2611  1  1  1592  
2612  1  1  1592  
2613  44  1  1592  
2614  2  1  1592  
2615  1  1  1592  
2627  6  1  1574  
2632  282  4  1549  1550  1558  1575  
2633  87  3  1549  1574  1575  
2657  29  3  1505  1574  1575  
2660  8  1  1549  
2669  11  1  1574  
2671  1  1  1574  
2672  2  1  1574  
2673  3  1  1574  
2674  2  1  1574  
2685  62  2  1519  1558  
2690  7  1  1505  
2691  123  1  1505  
2702  10  2  1558  1575  
2715  238  2  1558  1597  
2716  55  2  1505  1549  
2720  357  2  1550  1558  
2745  7  1  1505  
2746  43  1  1505  
2756  123  2  1505  1575  
2766  52  2  1505  1549  
2772  175  4  1505  1558  1575  1597  
2774  189  2  1505  1549  
2777  50  1  1505  
2778  216  1  1550  
2785  14  1  1505  
2791  10  1  1505  
2798  9  1  1505  
2800  52  1  1505  
2820  20  1  1505  
2834  37  1  1549  
2837  37  1  1549  
2841  5  1  1558  
2858  3  1  1549  
2877  88  4  1505  1549  1558  1597  
2878  18  1  1558  
2907  24  1  1505  
2915  20  1  1575  
2916  10  1  1505  
2919  56  1  1597  
2926  13  1  1597  
2936  41  1  1549  
2952  13  1  1505  
2964  28  1  1558  
2965  3  1  1575  
2983  95  1  1558  
2996  2  1  1558  
3003  2  1  1505  
3004  2  1  1549  
3011  36  2  1558  1575  
3012  58  2  1505  1549  
3013  8  1  1549  
3015  1  1  1549  
3017  51  1  1505  
3024  31  1  1505  
3045  18  1  1558  
3051  3  1  1505  
3056  13  1  1575  
3058  35  1  1505  
3064  273  5  1505  1550  1558  1575  1597  
3088  19  1  1505  
3096  15  1  1505  
3097  2  1  1505  
3099  4  1  1505  
3100  33  1  1505  
3101  10  1  1505  
3102  156  4  1505  1558  1575  1597  
3110  122  2  1558  1597  
3112  89  1  1558  
3122  30  1  1558  
3144  271  1  1558  
3145  3  1  1558  
3146  314  3  1519  1550  1558  
3147  27  1  1558  
3148  98  1  1597  
3149  131  1  1558  
3150  319  2  1550  1558  
3151  148  3  1558  1575  1597  
3152  68  1  1550  
3153  241  2  1558  1597  
3154  166  3  1558  1575  1597  
3160  56  1  1558  
3172  53  1  1575  
3174  102  1  1597  
3181  16  1  1575  
3200  9  1  1575  
3213  6  1  1575  
3214  64  1  1575  
3240  14  1  1550  
3251  147  1  1558  
3253  45  1  1558  
3289  205  1  1519  
3290  144  3  1558  1575  1597  
3297  22  1  1575  
3303  32  1  1597  
3308  63  1  1597  
3314  212  2  1550  1558  
3315  362  1  1519  
3319  13  1  1575  
3330  39  1  1597  
3331  38  2  1575  1597  
3333  36  2  1575  1597  
3337  20  1  1550  
3338  144  3  1519  1550  1597  
3391  93  1  1597  
3408  30  1  1558  
3443  232  1  1550  
3449  113  2  1519  1558  
3451  23  1  1558  
3498  82  1  1558  
3518  1  1  1575  
3549  29  1  1597  
3551  15  1  1550  
3592  89  1  1558  
3596  90  2  1550  1597  
3601  145  1  1519  
3622  28  1  1597  
3631  21  1  1550  
3648  147  1  1519  
3652  104  1  1558  
3656  89  1  1558  
3657  257  3  1519  1550  1558  
3674  131  2  1558  1597  
3679  111  2  1519  1550  
3683  33  1  1597  
3740  37  2  1558  1597  
3742  76  1  1550  
3748  16  1  1550  
3749  84  1  1558  
3750  43  1  1558  
3800  65  1  1597  
3808  112  1  1550  
3811  41  2  1519  1558  
3844  24  1  1558  
3884  29  2  1550  1597  
3931  2  1  1597  
3941  5  1  1558  
3982  12  1  1558  
3986  24  1  1558  
4021  18  1  1558  
4035  153  1  1519  
4038  31  1  1550  
4056  11  1  1558  
4072  5  1  1558  
4081  1  1  1558  
4082  45  1  1558  
4152  228  1  1550  
4169  114  1  1550  
4196  57  1  1550  
4226  46  1  1550  
4232  15  1  1550  
4256  34  1  1550  
4309  28  1  1550  
4315  101  1  1519  
4320  78  1  1550  
4350  30  1  1550  
4384  169  2  1519  1550  
4392  2  1  1519  
4427  214  1  1550  
4439  25  1  1550  
4440  361  1  1519  
4470  115  1  1550  
4473  28  1  1550  
4485  139  1  1550  
4531  271  1  1550  
4555  33  1  1550  
4557  84  1  1550  
4596  24  1  1550  
4612  101  1  1519  
4615  49  1  1519  
4622  31  1  1519  
4623  211  1  1519  
4625  80  1  1519  
4630  4  1  1550  
4662  2  1  1550  
4663  24  1  1550  
4730  32  1  1519  
4971  28  1  1519  
5045  49  1  1519  
5051  230  1  1519  
5122  32  1  1519  
5152  61  1  1519  
5157  41  1  1519  
