3  302  1  4285  
8  743  4  4214  4217  4227  4289  
21  309  5  4214  4217  4220  4285  4289  
24  102  1  4223  
33  227  3  4220  4225  4275  
34  20  1  4236  
39  89  1  4217  
41  44  1  4288  
44  146  1  4236  
50  39  2  4236  4263  
65  275  2  4284  4288  
66  109  2  4236  4274  
81  122  1  4227  
82  195  4  4220  4223  4236  4248  
85  72  1  4236  
103  190  8  4217  4220  4223  4225  4248  4279  4288  4291  
114  8  1  4288  
116  213  2  4220  4227  
121  132  1  4236  
129  99  4  4221  4225  4279  4288  
163  123  1  4291  
164  334  1  4217  
169  63  1  4223  
205  8  1  4236  
273  35  4  4227  4236  4270  4274  
293  321  2  4220  4236  
317  46  1  4217  
328  86  1  4236  
333  11  1  4236  
350  117  1  4236  
372  42  1  4217  
384  145  1  4236  
408  157  1  4214  
422  15  1  4236  
424  9  1  4236  
431  732  14  4217  4220  4221  4223  4225  4236  4248  4263  4275  4284  4285  4288  4290  4291  
494  142  3  4220  4227  4288  
501  22  1  4220  
504  121  1  4236  
512  15  1  4236  
528  30  1  4217  
530  34  3  4234  4236  4289  
548  214  1  4217  
578  150  1  4248  
581  25  1  4220  
587  46  1  4236  
635  118  2  4220  4236  
637  100  1  4236  
649  105  1  4236  
661  264  3  4236  4290  4291  
676  232  3  4220  4221  4284  
686  66  1  4223  
695  77  1  4271  
699  68  1  4220  
702  773  17  4214  4217  4220  4221  4223  4225  4227  4236  4248  4263  4271  4274  4275  4285  4288  4290  4291  
723  113  3  4279  4288  4291  
724  317  6  4214  4220  4223  4225  4285  4290  
729  60  1  4236  
746  272  3  4220  4236  4275  
758  165  2  4236  4277  
783  99  3  4220  4225  4285  
807  122  1  4236  
824  10  1  4289  
833  9  1  4236  
870  27  3  4236  4271  4289  
873  9  1  4290  
895  36  1  4236  
909  292  1  4236  
917  297  3  4220  4236  4290  
937  5  1  4234  
943  41  2  4214  4236  
951  39  1  4220  
959  49  1  4289  
972  196  2  4236  4290  
978  29  1  4225  
987  95  5  4217  4220  4221  4225  4284  
1008  88  1  4236  
1009  305  1  4263  
1030  37  1  4236  
1032  62  1  4270  
1038  399  10  4214  4221  4227  4234  4236  4270  4275  4285  4289  4290  
1041  135  1  4220  
1054  472  4  4214  4220  4275  4285  
1066  599  7  4220  4225  4227  4236  4248  4275  4290  
1067  158  1  4236  
1079  10  1  4227  
1084  79  4  4227  4236  4289  4290  
1100  107  1  4289  
1104  61  1  4285  
1107  26  1  4248  
1110  218  2  4288  4291  
1127  11  1  4236  
1140  35  1  4236  
1146  77  1  4274  
1183  34  1  4227  
1238  3  1  4288  
1261  462  3  4220  4271  4290  
1272  35  1  4275  
1282  199  1  4214  
1312  183  1  4214  
1352  20  1  4289  
1354  156  5  4220  4236  4285  4288  4290  
1357  91  3  4214  4217  4227  
1372  157  2  4223  4236  
1376  210  2  4217  4236  
1377  28  1  4236  
1380  48  1  4236  
1401  139  1  4236  
1416  68  1  4236  
1421  244  5  4220  4223  4225  4248  4275  
1427  587  4  4220  4227  4270  4290  
1430  81  1  4236  
1481  355  2  4220  4288  
1485  68  1  4221  
1486  15  1  4291  
1487  73  2  4214  4236  
1495  50  1  4288  
1496  39  1  4225  
1511  36  1  4248  
1518  19  1  4289  
1532  66  1  4284  
1570  93  1  4236  
1571  112  5  4217  4220  4223  4236  4288  
1586  96  1  4236  
1588  10  1  4220  
1598  45  1  4236  
1601  42  2  4236  4279  
1616  76  1  4290  
1629  47  3  4217  4220  4221  
1636  67  1  4220  
1660  38  3  4225  4248  4288  
1663  48  2  4236  4285  
1671  129  1  4236  
1677  105  1  4271  
1683  49  1  4214  
1705  47  2  4220  4236  
1730  33  1  4236  
1809  13  1  4227  
1817  181  3  4220  4221  4288  
1829  56  1  4236  
1830  17  1  4236  
1834  36  3  4217  4220  4236  
1925  55  1  4217  
1939  47  1  4236  
1947  23  1  4236  
1948  113  1  4236  
1950  122  2  4236  4274  
1956  44  1  4236  
1962  146  4  4220  4236  4248  4271  
1970  23  1  4236  
1971  145  3  4236  4285  4291  
1993  16  1  4221  
2030  17  1  4236  
2035  15  1  4236  
2042  15  1  4291  
2056  241  4  4227  4236  4275  4289  
2064  8  1  4236  
2073  247  5  4236  4274  4288  4290  4291  
2074  49  1  4227  
2075  95  3  4220  4223  4275  
2080  58  3  4214  4220  4290  
2090  32  1  4288  
2109  164  1  4214  
2137  252  1  4236  
2138  215  5  4217  4220  4225  4284  4288  
2173  77  2  4227  4236  
2177  189  3  4220  4284  4288  
2183  49  1  4220  
2188  71  1  4236  
2190  72  2  4275  4290  
2193  66  1  4220  
2204  62  1  4236  
2240  50  2  4220  4236  
2256  31  2  4236  4275  
2273  142  1  4236  
2279  7  1  4236  
2283  324  2  4220  4275  
2290  6  1  4248  
2313  44  1  4214  
2335  93  1  4236  
2340  105  5  4214  4223  4227  4236  4291  
2342  70  2  4271  4290  
2348  77  1  4285  
2351  180  1  4214  
2355  50  1  4220  
2356  893  11  4214  4217  4221  4227  4236  4263  4271  4272  4274  4285  4289  
2357  32  1  4220  
2367  146  1  4290  
2376  60  1  4236  
2385  13  1  4236  
2395  7  1  4220  
2404  53  1  4289  
2405  46  1  4220  
2407  8  1  4227  
2408  108  1  4271  
2436  269  5  4236  4272  4274  4285  4290  
2440  49  3  4220  4236  4288  
2442  44  1  4225  
2443  307  3  4221  4225  4236  
2445  164  4  4220  4225  4285  4290  
2451  126  6  4220  4223  4275  4279  4288  4291  
2469  156  3  4223  4225  4236  
2471  618  13  4214  4217  4220  4221  4223  4225  4227  4263  4275  4285  4288  4289  4291  
2476  149  2  4217  4236  
2477  18  1  4236  
2482  74  4  4217  4236  4289  4290  
2491  9  2  4227  4236  
2519  39  1  4217  
2521  79  1  4236  
2537  29  1  4227  
2546  46  1  4236  
2547  35  1  4225  
2562  173  1  4272  
2596  50  5  4221  4234  4236  4274  4277  
2620  139  3  4227  4234  4274  
2632  282  5  4214  4227  4271  4274  4285  
2647  14  1  4220  
2660  8  2  4236  4289  
2666  57  2  4220  4236  
2670  4  1  4285  
2672  2  1  4236  
2685  62  1  4236  
2687  36  4  4227  4236  4285  4290  
2707  47  1  4236  
2715  238  5  4214  4227  4236  4285  4289  
2716  55  1  4236  
2720  357  11  4214  4220  4225  4227  4236  4248  4274  4285  4288  4289  4290  
2735  55  1  4225  
2746  43  1  4248  
2756  123  2  4220  4263  
2761  44  1  4290  
2770  52  1  4236  
2772  175  2  4214  4220  
2773  39  2  4220  4275  
2774  189  6  4223  4271  4272  4273  4274  4277  
2778  216  5  4220  4225  4274  4284  4288  
2779  45  1  4236  
2780  38  1  4236  
2802  48  2  4214  4217  
2812  25  1  4220  
2813  34  2  4214  4289  
2820  20  1  4271  
2823  62  1  4236  
2829  12  1  4225  
2831  81  4  4220  4223  4275  4288  
2844  5  1  4217  
2878  18  1  4236  
2899  79  1  4236  
2918  68  1  4220  
2936  41  1  4285  
2937  3  1  4285  
2964  28  1  4220  
2999  69  5  4225  4227  4236  4284  4289  
3008  20  1  4220  
3012  58  4  4220  4221  4236  4279  
3025  5  1  4289  
3045  18  1  4236  
3058  35  1  4217  
3059  5  1  4236  
3062  55  1  4214  
3064  273  4  4220  4225  4227  4236  
3066  5  2  4284  4289  
3076  63  2  4220  4271  
3087  41  2  4236  4275  
3089  42  1  4288  
3090  180  3  4217  4221  4263  
3098  60  1  4214  
3102  156  3  4227  4236  4277  
3110  122  4  4227  4236  4285  4289  
3112  89  1  4220  
3137  88  1  4220  
3142  21  2  4220  4290  
3144  271  14  4220  4221  4223  4225  4236  4270  4271  4272  4274  4277  4285  4288  4289  4290  
3146  314  14  4214  4220  4223  4225  4227  4236  4270  4271  4275  4285  4288  4289  4290  4291  
3148  98  6  4236  4270  4272  4274  4289  4290  
3149  131  4  4214  4220  4227  4285  
3150  319  13  4214  4217  4220  4225  4227  4234  4236  4248  4270  4285  4288  4289  4290  
3151  148  3  4227  4236  4289  
3152  68  3  4236  4285  4290  
3153  241  9  4214  4217  4220  4223  4227  4236  4285  4288  4291  
3154  166  4  4214  4227  4272  4275  
3155  69  1  4288  
3156  92  2  4220  4263  
3157  22  1  4284  
3158  101  5  4221  4271  4272  4273  4288  
3159  54  3  4220  4270  4289  
3160  56  4  4214  4227  4236  4289  
3163  17  1  4236  
3173  42  2  4275  4290  
3175  18  1  4236  
3191  114  2  4220  4236  
3196  11  1  4236  
3208  29  1  4236  
3251  147  3  4214  4220  4236  
3264  156  4  4217  4220  4248  4288  
3278  52  2  4288  4290  
3280  12  1  4285  
3284  24  1  4275  
3289  205  4  4220  4223  4275  4285  
3290  144  1  4291  
3304  91  1  4236  
3307  82  2  4220  4275  
3314  212  6  4217  4220  4221  4263  4275  4288  
3315  362  13  4217  4220  4221  4223  4225  4248  4263  4275  4279  4284  4288  4290  4291  
3316  44  1  4220  
3330  39  1  4275  
3338  144  3  4220  4271  4274  
3395  85  6  4217  4220  4227  4236  4271  4290  
3403  10  1  4289  
3408  30  1  4220  
3425  9  1  4236  
3442  99  4  4220  4271  4288  4290  
3443  232  8  4220  4221  4223  4236  4270  4271  4289  4290  
3446  27  1  4225  
3447  46  1  4220  
3449  113  5  4227  4236  4272  4285  4289  
3456  10  2  4285  4290  
3465  53  1  4236  
3466  94  1  4290  
3474  2  1  4236  
3479  20  2  4236  4289  
3483  35  5  4214  4220  4288  4289  4290  
3490  18  1  4285  
3492  8  1  4220  
3498  82  2  4214  4220  
3511  4  1  4220  
3532  9  1  4285  
3536  43  5  4236  4270  4272  4274  4290  
3544  33  1  4236  
3548  42  2  4217  4290  
3549  29  2  4214  4236  
3551  15  2  4225  4288  
3554  7  1  4273  
3562  5  1  4227  
3583  85  1  4288  
3596  90  6  4214  4220  4227  4274  4285  4289  
3601  145  6  4220  4225  4236  4270  4271  4274  
3610  32  1  4275  
3617  57  2  4220  4223  
3622  28  1  4227  
3626  7  1  4274  
3631  21  1  4220  
3648  147  3  4220  4285  4290  
3652  104  5  4214  4236  4270  4272  4274  
3653  68  6  4220  4223  4227  4274  4285  4288  
3656  89  7  4221  4227  4234  4272  4273  4274  4289  
3657  257  11  4214  4220  4223  4225  4227  4248  4275  4285  4288  4289  4291  
3658  89  1  4214  
3672  27  1  4236  
3674  131  3  4221  4284  4285  
3679  111  1  4290  
3681  29  1  4236  
3682  115  2  4236  4270  
3685  86  5  4227  4236  4270  4289  4290  
3686  77  2  4220  4236  
3704  155  8  4220  4221  4223  4234  4270  4272  4274  4275  
3706  1  1  4291  
3715  12  1  4289  
3717  6  1  4214  
3721  25  1  4236  
3736  64  1  4290  
3740  37  2  4221  4236  
3742  76  2  4288  4290  
3748  16  1  4236  
3749  84  1  4220  
3755  16  1  4217  
3767  8  1  4220  
3800  65  5  4214  4227  4236  4274  4289  
3801  53  3  4271  4274  4291  
3808  112  9  4214  4221  4225  4227  4234  4236  4270  4285  4289  
3813  17  2  4236  4270  
3844  24  3  4217  4227  4289  
3848  11  1  4236  
3852  23  1  4217  
3860  6  1  4289  
3870  38  4  4220  4225  4236  4288  
3879  278  9  4217  4220  4223  4225  4248  4271  4275  4284  4288  
3881  5  1  4234  
3884  29  1  4236  
3895  7  1  4290  
3898  12  2  4220  4236  
3903  32  1  4236  
3906  40  2  4217  4220  
3919  80  1  4221  
3921  50  1  4248  
3939  11  1  4227  
3971  17  1  4214  
3990  70  1  4227  
3994  202  6  4220  4223  4225  4227  4236  4291  
3995  18  2  4214  4225  
3996  7  1  4236  
4001  36  1  4225  
4024  2  1  4220  
4028  16  1  4271  
4034  7  1  4220  
4035  153  5  4220  4223  4248  4288  4290  
4036  12  2  4220  4285  
4037  20  1  4289  
4038  31  1  4236  
4039  50  1  4288  
4058  15  2  4227  4236  
4064  14  1  4248  
4067  9  1  4274  
4068  14  1  4236  
4071  19  2  4220  4289  
4073  81  2  4285  4288  
4078  9  1  4279  
4082  45  2  4236  4285  
4083  100  1  4220  
4096  33  1  4236  
4102  40  1  4275  
4103  2  1  4236  
4109  5  1  4234  
4112  9  3  4272  4273  4274  
4113  27  1  4285  
4114  11  1  4227  
4115  2  1  4220  
4124  15  2  4275  4285  
4128  7  1  4220  
4152  228  4  4223  4285  4290  4291  
4153  12  1  4214  
4169  114  3  4248  4271  4288  
4175  19  1  4227  
4176  46  2  4274  4290  
4178  6  3  4214  4220  4236  
4187  96  8  4220  4223  4225  4248  4279  4284  4288  4291  
4189  1  1  4236  
4192  20  1  4285  
4196  57  1  4225  
4197  23  2  4214  4236  
4198  59  6  4214  4227  4236  4270  4285  4289  
4213  3  1  4234  
4214  3  1  4285  
4218  8  2  4214  4236  
4220  121  4  4225  4236  4284  4288  
4222  3  1  4227  
4223  11  1  4227  
4224  1  1  4227  
4225  62  5  4220  4227  4248  4263  4291  
4226  46  1  4227  
4231  36  1  4289  
4232  15  1  4234  
4233  1  1  4234  
4235  4  1  4236  
4237  1  1  4236  
4238  3  1  4236  
4239  1  1  4236  
4240  11  2  4214  4236  
4241  1  1  4236  
4242  3  1  4236  
4243  2  1  4236  
4244  2  1  4236  
4245  2  1  4236  
4246  2  1  4236  
4247  18  2  4236  4285  
4248  38  1  4270  
4249  3  1  4214  
4256  34  2  4270  4289  
4263  53  2  4220  4225  
4268  1  1  4270  
4269  13  2  4270  4289  
4271  2  1  4272  
4272  1  1  4274  
4278  1  1  4289  
4279  3  2  4284  4289  
4280  1  1  4289  
4281  20  3  4263  4284  4289  
4282  2  1  4289  
4283  1  1  4289  
4284  1  1  4289  
4285  62  3  4214  4271  4289  
4286  2  1  4289  
4287  1  1  4289  
4292  2  1  4291  
4304  46  4  4217  4221  4248  4288  
4305  20  2  4271  4290  
4314  1  1  4214  
4315  101  6  4214  4271  4275  4285  4288  4290  
4316  2  1  4214  
4319  168  7  4220  4225  4248  4263  4284  4288  4290  
4320  78  1  4220  
4350  30  2  4225  4285  
4369  4  1  4288  
4380  79  1  4279  
4384  169  3  4225  4248  4275  
4418  17  1  4285  
4427  214  3  4220  4285  4290  
4434  8  1  4248  
4437  60  1  4223  
4439  25  1  4290  
4440  361  11  4217  4220  4221  4223  4225  4248  4263  4275  4284  4288  4291  
4452  16  1  4271  
4453  53  1  4220  
4454  43  1  4220  
4468  1  1  4285  
4469  1  1  4285  
4470  115  3  4217  4221  4285  
4473  28  1  4290  
4485  139  1  4271  
4486  172  4  4217  4248  4284  4288  
4489  43  1  4275  
4490  26  1  4220  
4496  18  1  4220  
4516  13  1  4279  
4522  10  1  4220  
4531  271  7  4220  4223  4225  4248  4271  4288  4291  
4540  8  1  4288  
4552  127  2  4217  4225  
4557  84  5  4220  4223  4225  4288  4291  
4564  13  1  4290  
4567  9  1  4223  
4569  69  2  4220  4288  
4571  54  2  4275  4290  
4583  51  3  4220  4225  4248  
4596  24  1  4220  
4604  48  2  4217  4275  
4606  41  2  4220  4288  
4607  29  1  4275  
4608  122  1  4263  
4609  6  1  4220  
4610  35  1  4290  
4611  139  3  4220  4271  4290  
4612  101  8  4217  4220  4223  4225  4275  4284  4288  4291  
4614  217  6  4220  4223  4275  4288  4290  4291  
4615  49  1  4288  
4616  41  1  4290  
4619  68  1  4271  
4620  152  8  4217  4220  4221  4223  4248  4263  4288  4291  
4623  211  9  4217  4220  4221  4225  4248  4263  4271  4288  4290  
4624  312  7  4220  4225  4271  4275  4288  4290  4291  
4625  80  1  4220  
4628  18  2  4220  4225  
4648  21  1  4220  
4672  44  1  4220  
4680  33  2  4221  4225  
4684  59  1  4225  
4685  75  3  4271  4288  4290  
4691  12  2  4225  4263  
4694  9  1  4221  
4710  22  1  4271  
4711  16  1  4220  
4715  61  2  4225  4248  
4727  24  3  4217  4220  4223  
4741  7  1  4290  
4790  37  1  4220  
4794  12  1  4271  
4811  9  1  4275  
4812  4  1  4271  
4814  48  4  4223  4279  4288  4291  
4818  3  1  4220  
4820  6  2  4220  4248  
4828  66  4  4248  4279  4284  4288  
4836  17  1  4220  
4837  19  1  4220  
4838  8  1  4220  
4839  2  1  4220  
4840  44  1  4288  
4865  22  1  4275  
4901  389  9  4217  4220  4221  4223  4225  4248  4263  4275  4291  
4905  6  1  4271  
4908  243  7  4217  4220  4221  4248  4263  4275  4284  
4919  137  3  4223  4263  4275  
4951  105  5  4217  4221  4225  4248  4288  
4968  3  1  4290  
4973  16  1  4288  
4977  66  1  4291  
4981  15  1  4220  
4982  22  1  4275  
4984  2  1  4271  
4986  28  1  4225  
4988  4  1  4291  
4989  3  1  4271  
4992  36  3  4220  4248  4275  
4996  1  1  4271  
5002  21  1  4288  
5003  1  1  4271  
5012  139  4  4220  4225  4279  4284  
5035  4  1  4288  
5045  49  1  4290  
5050  50  3  4220  4223  4275  
5051  230  9  4217  4220  4221  4225  4248  4263  4284  4288  4291  
5065  44  1  4223  
5080  45  1  4248  
5093  4  1  4220  
5105  13  1  4284  
5112  42  1  4217  
5122  32  1  4275  
5129  191  7  4217  4220  4223  4225  4248  4263  4288  
5131  12  3  4223  4288  4291  
5132  23  4  4223  4279  4288  4291  
5133  222  3  4220  4263  4284  
5135  385  10  4217  4220  4221  4225  4248  4263  4279  4284  4288  4291  
5137  33  2  4220  4223  
5139  83  1  4288  
5143  29  2  4220  4284  
5144  79  3  4221  4248  4284  
5147  144  3  4217  4220  4284  
5149  84  1  4223  
5150  75  3  4284  4288  4291  
5151  67  3  4221  4263  4291  
5154  22  3  4217  4220  4248  
5155  98  2  4279  4284  
5169  41  1  4288  
5182  92  1  4220  
5186  24  1  4220  
5191  50  2  4220  4288  
5240  4  1  4284  
5241  42  1  4275  
5263  11  1  4291  
5281  10  1  4284  
5294  81  4  4220  4225  4248  4284  
5302  68  3  4217  4220  4248  
5316  30  2  4223  4279  
5317  17  1  4220  
5325  80  2  4217  4263  
5331  6  1  4248  
5335  39  1  4275  
5339  4  1  4221  
5359  32  1  4275  
5366  18  1  4275  
5380  11  1  4275  
5397  2  1  4275  
5398  3  1  4275  
5399  1  1  4275  
5400  2  1  4275  
5476  31  2  4217  4220  
5477  53  3  4220  4288  4291  
5479  18  2  4221  4225  
5482  17  2  4225  4284  
5497  35  1  4220  
5502  10  1  4225  
5520  11  1  4223  
5521  76  1  4225  
5541  7  1  4291  
5542  78  2  4221  4291  
5546  190  7  4217  4220  4221  4225  4263  4279  4288  
5550  3  1  4291  
5552  10  1  4284  
5556  2  1  4284  
5557  23  1  4223  
5559  44  1  4263  
5560  6  2  4220  4291  
5563  108  4  4220  4221  4279  4291  
5575  11  1  4217  
5582  81  5  4220  4221  4223  4263  4284  
5583  35  2  4223  4291  
5590  17  2  4221  4263  
5592  1  1  4291  
5593  4  1  4291  
5594  3  1  4291  
5606  29  1  4217  
5622  11  1  4220  
5643  12  1  4220  
5653  28  1  4217  
5655  58  1  4225  
5660  8  2  4220  4225  
5673  28  1  4284  
5676  85  1  4284  
5678  22  2  4221  4225  
5684  101  1  4217  
5699  54  2  4217  4221  
5705  2  1  4221  
5706  33  1  4248  
5710  29  2  4221  4263  
5713  17  1  4221  
5720  1  1  4284  
5721  1  1  4284  
5722  1  1  4284  
5723  2  1  4284  
5724  5  1  4284  
5725  21  1  4284  
5726  1  1  4284  
5731  5  1  4217  
5732  2  1  4217  
5741  43  2  4221  4225  
5742  3  1  4225  
5771  12  1  4220  
5772  177  1  4220  
5780  10  1  4220  
5782  4  1  4220  
5783  18  1  4217  
5789  160  2  4221  4263  
5800  9  1  4220  
5801  50  1  4220  
5826  11  1  4220  
5827  5  1  4220  
5872  11  1  4263  
5874  100  1  4221  
5893  33  1  4263  
5913  1  1  4217  
5914  1  1  4217  
5915  22  1  4217  
5916  2  1  4217  
5930  8  1  4263  
5966  1  1  4221  
5967  4  1  4221  
5973  1  1  4263  
