0  23  4  25  27  36  51  
1  29  8  5  7  25  27  35  52  53  70  
2  23  14  3  5  7  20  27  30  35  47  51  52  58  70  84  88  
3  302  23  0  5  7  16  20  25  26  27  30  31  32  35  36  47  51  52  53  58  75  81  84  88  89  
4  24  12  3  25  27  29  32  35  51  52  58  70  88  99  
5  182  20  3  7  16  20  25  27  30  31  33  36  46  47  51  52  53  58  70  75  81  84  
6  81  15  5  7  20  25  27  30  31  51  52  53  58  70  75  81  89  
7  86  15  0  3  5  16  20  25  27  30  31  35  47  51  84  88  99  
8  743  27  3  5  7  12  16  20  25  26  27  30  31  32  33  35  46  47  51  52  53  58  67  70  81  84  88  90  99  
9  65  6  5  25  27  53  67  75  
10  11  2  25  27  
11  114  13  0  7  20  25  27  29  46  51  52  53  58  70  90  
12  50  14  5  20  25  27  29  30  35  46  51  52  53  58  90  99  
13  15  2  25  27  
14  45  12  0  5  7  25  27  29  30  32  47  51  52  90  
15  12  3  27  33  52  
16  39  12  0  3  20  25  27  30  35  47  51  52  58  84  
17  187  16  0  3  16  27  30  31  33  47  51  52  53  58  70  75  84  99  
18  76  9  25  27  32  51  58  70  81  84  99  
19  2  1  27  
20  74  9  26  27  30  35  36  47  52  75  89  
21  309  13  0  5  12  16  25  27  30  31  32  33  47  51  67  
22  90  17  0  3  5  16  20  25  26  27  30  32  47  51  52  70  75  81  89  
23  95  16  0  3  16  20  25  30  31  35  36  47  51  52  53  75  84  88  
24  102  7  3  12  16  25  31  52  88  
25  133  19  0  3  5  16  26  30  31  32  35  46  47  51  52  53  58  70  75  81  89  
26  150  16  0  5  7  20  25  30  36  47  51  52  53  70  81  88  90  99  
28  15  4  25  46  70  90  
29  4  1  70  
30  24  6  5  25  35  47  51  53  
31  5  4  0  3  36  51  
32  65  5  0  30  36  47  51  
33  227  10  12  25  32  35  47  51  52  75  81  84  
34  20  2  47  51  
35  14  4  51  52  53  70  
36  41  10  3  5  20  25  26  30  32  47  51  75  
37  11  3  30  51  52  
38  30  6  0  25  30  51  53  70  
39  89  11  16  20  25  31  47  51  52  53  70  75  99  
40  4  1  51  
41  44  2  12  51  
42  8  3  5  51  52  
43  59  4  0  33  51  53  
44  146  15  0  5  7  16  25  36  47  51  52  53  58  67  75  88  89  
45  21  4  25  51  81  89  
46  15  2  25  51  
47  14  4  20  25  51  58  
48  24  8  30  36  51  52  53  67  75  88  
49  1  1  51  
50  39  3  12  25  51  
51  7  2  0  25  
52  64  12  3  5  25  26  33  35  53  58  70  75  81  89  
53  24  5  3  25  46  58  99  
54  13  2  52  58  
55  38  11  12  20  25  47  52  58  70  75  84  88  89  
56  94  8  0  12  25  30  46  53  58  81  
57  9  1  58  
59  17  1  3  
60  1  1  3  
61  1  1  3  
62  2  2  3  84  
63  44  4  3  25  52  53  
64  17  3  30  53  70  
65  275  7  5  12  29  53  67  70  90  
66  109  10  16  30  32  47  52  70  75  81  88  89  
67  164  6  5  12  25  36  53  84  
68  13  5  0  5  25  70  90  
69  69  8  25  26  32  46  52  53  70  81  
70  31  5  5  25  29  53  89  
71  2  1  5  
72  25  3  5  25  46  
73  41  4  5  25  46  53  
74  53  7  5  26  47  52  70  88  89  
75  59  7  5  26  30  47  52  70  81  
76  18  6  5  25  29  52  88  99  
77  1  1  88  
78  8  1  30  
79  1  1  30  
80  1  1  30  
81  122  6  12  30  32  47  52  53  
82  195  12  5  12  25  26  30  32  33  52  53  67  70  81  
83  1  1  30  
84  29  5  12  30  32  53  81  
85  72  11  12  20  25  26  30  32  36  52  67  70  81  
86  2  2  30  52  
87  5  2  88  99  
89  80  9  0  16  20  25  36  53  75  81  88  
90  2  1  7  
91  2  2  7  25  
92  8  3  7  53  81  
93  24  1  7  
94  5  2  7  31  
95  16  3  25  53  70  
96  5  1  90  
97  68  4  25  70  75  90  
98  30  5  25  52  70  89  90  
99  3  2  89  90  
100  9  3  25  52  90  
101  4  1  90  
102  2  1  90  
103  190  1  90  
104  95  3  26  46  90  
105  29  5  0  36  75  81  90  
106  1  1  90  
107  89  9  5  12  25  26  29  53  70  89  90  
108  1  1  90  
109  3  1  90  
110  2  1  90  
111  1  1  90  
112  1  1  90  
113  1  1  90  
114  8  3  12  25  90  
115  9  1  90  
116  213  2  12  90  
117  1  1  90  
118  3  1  90  
119  29  5  25  26  32  33  52  
120  25  4  26  52  70  81  
121  132  4  0  12  25  32  
122  80  3  25  26  81  
123  4  1  52  
124  13  2  53  81  
125  29  3  16  32  53  
129  99  4  12  16  53  75  
131  72  7  0  16  25  33  52  81  84  
132  37  6  0  5  25  46  70  81  
133  30  4  31  36  53  75  
135  25  1  31  
136  94  7  0  16  25  26  32  33  75  
140  58  1  25  
142  28  2  53  89  
143  74  4  25  26  75  81  
144  21  6  25  32  47  52  53  70  
145  1  1  47  
146  61  7  12  20  25  26  36  47  75  
147  28  5  12  47  70  84  99  
148  4  1  47  
149  44  4  20  26  47  53  
150  7  2  25  70  
153  32  3  25  52  70  
154  4  1  84  
156  8  1  32  
157  3  1  36  
158  93  4  25  32  70  81  
161  3  2  25  75  
162  70  2  20  32  
163  123  1  20  
164  334  3  12  32  81  
166  1  1  52  
167  39  3  16  26  32  
168  19  1  53  
169  63  2  0  67  
171  54  2  0  75  
173  79  2  53  81  
176  37  4  25  26  33  81  
181  19  5  25  36  53  70  89  
182  21  1  81  
190  21  4  33  52  70  75  
191  6  1  25  
194  12  1  81  
197  6  1  25  
200  2  1  25  
204  100  3  25  32  89  
205  8  1  81  
207  2  1  52  
209  10  1  25  
210  4  1  25  
211  19  3  0  25  75  
212  13  1  25  
213  1  1  25  
214  25  3  25  52  67  
215  5  2  25  32  
216  6  1  25  
217  6  1  25  
218  50  4  25  32  81  89  
219  23  2  25  31  
220  1  1  25  
221  1  1  25  
222  2  1  25  
223  39  3  25  75  89  
224  41  3  25  53  70  
225  3  1  25  
226  1  1  25  
227  5  1  25  
229  2  1  25  
230  2  1  25  
231  4  2  25  53  
232  3  2  25  53  
233  1  1  25  
234  11  1  25  
235  1  1  25  
236  15  2  12  25  
238  8  3  29  75  89  
241  25  3  52  70  99  
242  86  4  26  32  33  53  
243  10  1  75  
244  8  1  16  
246  56  1  26  
249  22  1  75  
251  31  5  26  29  32  46  70  
255  30  2  0  81  
258  7  1  31  
260  56  5  12  25  70  75  89  
263  76  2  12  53  
264  39  2  16  31  
266  7  2  0  16  
269  1  1  31  
270  1  1  31  
271  1  1  31  
272  71  1  32  
273  35  1  67  
274  6  1  0  
277  5  1  53  
284  13  2  70  89  
285  3  2  75  89  
286  79  2  26  81  
288  244  4  5  26  33  81  
289  5  2  52  70  
290  142  5  12  26  32  33  81  
292  230  4  32  33  53  81  
293  321  6  12  26  32  53  67  81  
294  227  4  5  26  33  81  
295  54  3  26  32  53  
297  77  3  5  33  67  
299  140  3  26  32  33  
301  199  3  5  12  36  
303  27  2  32  81  
305  1  1  75  
306  14  1  75  
308  12  2  36  75  
309  8  1  75  
310  13  2  70  75  
311  6  1  75  
312  1  1  75  
313  4  2  75  89  
315  2  2  52  89  
316  41  4  26  33  53  81  
317  46  3  12  53  89  
318  31  4  12  25  70  81  
321  80  3  32  33  81  
322  30  1  81  
323  47  1  25  
324  2  1  52  
326  3  1  70  
327  9  2  36  53  
330  21  1  81  
333  11  1  81  
334  9  1  70  
335  6  1  53  
337  18  1  52  
343  14  1  70  
344  8  2  53  70  
345  14  2  25  46  
346  5  1  70  
350  117  5  12  26  53  67  81  
355  37  3  32  33  81  
361  45  2  12  53  
363  3  1  5  
365  1  1  12  
372  42  1  32  
380  20  1  70  
382  19  1  53  
384  145  2  12  67  
391  3  1  36  
392  4  1  32  
399  7  1  53  
402  41  7  25  29  36  46  53  70  99  
406  5  1  46  
408  157  1  33  
415  8  1  81  
416  8  2  25  46  
418  1  1  25  
419  2  2  25  52  
421  1  1  25  
422  15  2  25  70  
423  1  1  25  
424  9  1  25  
425  1  1  25  
426  1  1  25  
428  9  4  5  25  46  70  
429  4  1  25  
431  732  5  12  32  53  61  67  
432  4  1  99  
433  3  2  25  70  
434  4  2  25  70  
435  4  3  25  70  99  
436  6  3  25  29  99  
438  12  1  29  
439  1  1  29  
442  1  1  99  
445  8  1  81  
449  4  2  81  99  
450  5  2  70  99  
451  1  1  99  
454  3  1  70  
456  2  1  5  
457  2  2  5  70  
458  14  2  5  81  
460  4  1  81  
461  1  1  46  
466  4  1  5  
481  7  1  81  
484  4  1  52  
485  5  2  36  70  
487  2  1  70  
488  1  1  70  
489  3  3  46  52  70  
490  7  2  12  70  
491  1  1  52  
492  2  1  52  
493  24  2  32  52  
494  142  1  52  
495  1  1  52  
496  1  1  52  
497  4  1  52  
498  1  1  52  
499  1  1  52  
500  2  1  46  
504  121  3  12  32  81  
509  4  1  53  
518  4  1  53  
530  34  1  53  
531  26  2  53  81  
534  13  1  81  
535  18  1  32  
536  22  1  32  
538  8  1  33  
541  1  1  36  
542  1  1  36  
543  2  1  36  
544  1  1  36  
545  2  1  81  
548  214  6  12  26  32  33  67  81  
567  14  1  81  
572  31  2  32  81  
577  55  1  81  
578  150  2  12  32  
579  66  2  26  32  
583  31  1  81  
587  46  1  67  
588  27  2  32  81  
589  16  2  26  67  
591  32  1  32  
594  98  1  33  
603  14  2  32  81  
606  158  5  32  33  53  67  81  
608  7  1  53  
615  5  1  81  
616  16  1  81  
629  47  1  81  
631  24  1  33  
635  118  4  12  33  53  81  
637  100  2  12  67  
641  4  1  12  
644  28  1  32  
645  95  3  32  33  53  
646  123  2  32  81  
647  51  1  26  
649  105  3  12  32  53  
654  23  1  32  
661  264  3  33  67  81  
666  32  1  67  
669  34  2  32  81  
672  8  1  81  
677  8  2  5  81  
680  93  2  67  81  
686  66  1  81  
691  2  1  53  
695  77  4  32  33  67  81  
697  8  1  26  
698  50  1  12  
699  68  1  12  
702  773  3  12  67  81  
705  146  1  53  
717  9  1  5  
719  224  2  32  53  
722  12  2  12  81  
723  113  3  12  67  81  
724  317  3  32  53  67  
725  41  2  12  32  
728  18  1  81  
737  6  1  32  
739  90  1  32  
742  4  1  5  
743  34  1  32  
745  3  1  33  
746  272  2  67  81  
749  29  2  12  67  
756  15  1  26  
758  165  2  12  67  
759  249  1  53  
771  61  1  53  
772  30  1  53  
781  39  2  12  81  
783  99  2  12  67  
787  13  1  81  
793  97  4  12  32  67  81  
798  38  1  81  
799  59  1  32  
807  122  1  32  
821  6  1  81  
822  26  1  81  
824  10  1  81  
829  119  1  32  
830  2  1  81  
834  12  1  81  
835  2  1  81  
836  27  1  81  
837  9  1  81  
838  3  1  81  
840  7  1  81  
841  4  1  81  
842  1  1  81  
843  17  1  81  
844  1  1  81  
845  10  1  81  
846  6  1  81  
847  149  1  32  
848  1  1  81  
849  1  1  81  
864  80  2  32  53  
866  30  1  32  
869  110  3  32  53  67  
872  8  1  53  
875  34  1  53  
877  42  1  53  
892  72  1  32  
895  36  1  12  
899  65  2  32  53  
905  7  1  12  
906  6  1  32  
907  77  2  32  67  
914  238  2  32  53  
915  45  2  12  32  
917  297  2  12  53  
926  138  1  32  
941  14  1  32  
948  135  1  32  
953  33  1  12  
955  86  1  12  
959  49  1  12  
968  44  1  32  
969  46  1  12  
972  196  2  12  53  
977  156  1  32  
978  29  1  32  
979  16  1  12  
988  74  2  12  32  
1008  88  2  12  53  
1009  305  1  53  
1017  2  1  12  
1022  60  2  12  67  
1030  37  1  67  
1032  62  1  32  
1033  13  1  32  
1037  57  1  53  
1038  399  2  12  67  
1041  135  3  53  61  67  
1046  48  1  12  
1047  14  1  53  
1054  472  3  12  53  67  
1062  24  1  32  
1064  39  1  12  
1066  599  3  12  53  67  
1067  158  2  32  53  
1079  10  1  12  
1084  79  2  53  67  
1085  43  1  53  
1090  4  1  12  
1093  31  3  12  32  67  
1100  107  1  53  
1101  35  1  32  
1102  66  1  53  
1110  218  3  32  53  67  
1115  65  2  12  67  
1127  11  1  12  
1133  16  1  32  
1134  20  1  32  
1136  6  1  32  
1140  35  1  32  
1141  11  1  67  
1146  77  1  12  
1150  51  1  61  
1156  45  1  32  
1173  69  1  32  
1174  124  1  32  
1179  31  2  12  67  
1180  65  2  32  67  
1183  34  1  32  
1184  7  1  32  
1189  76  1  32  
1197  290  2  32  53  
1218  6  1  53  
1223  6  1  32  
1224  1  1  32  
1249  3  1  12  
1261  462  2  53  67  
1271  37  1  53  
1282  199  1  12  
1312  183  1  61  
1326  20  1  61  
1346  48  1  53  
1354  156  3  12  53  67  
1355  72  1  53  
1372  157  1  67  
1376  210  1  12  
1377  28  1  12  
1379  12  1  53  
1380  48  1  53  
1381  38  1  61  
1401  139  1  12  
1409  11  1  67  
1416  68  1  53  
1417  81  1  12  
1421  244  1  12  
1427  587  3  12  53  61  
1430  81  2  12  53  
1431  20  1  53  
1447  24  1  53  
1476  16  1  12  
1481  355  1  12  
1487  73  1  12  
1488  162  2  53  61  
1495  50  1  12  
1515  48  2  12  53  
1532  66  1  12  
1544  8  1  67  
1566  4  1  53  
1567  70  1  12  
1571  112  3  12  53  67  
1576  34  1  67  
1586  96  3  12  53  67  
1598  45  1  12  
1601  42  1  12  
1617  68  1  61  
1618  35  2  12  53  
1634  97  1  12  
1639  141  1  53  
1648  57  1  12  
1656  31  1  53  
1664  20  1  12  
1671  129  1  67  
1680  90  1  53  
1694  73  1  12  
1705  47  1  12  
1730  33  1  53  
1765  33  1  12  
1769  112  1  53  
1772  204  1  67  
1774  5  1  12  
1807  31  1  53  
1823  2  1  12  
1835  66  1  53  
1836  16  1  53  
1841  88  1  53  
1857  13  1  12  
1873  22  1  67  
1898  121  1  67  
1908  121  1  53  
1954  3  1  12  
1960  129  1  53  
1962  146  1  12  
1970  23  1  12  
1984  26  1  12  
1994  29  1  12  
2000  3  1  12  
2044  34  1  12  
2050  66  1  12  
2052  36  1  53  
2056  241  1  12  
2059  108  1  12  
2073  247  2  12  53  
2087  31  1  53  
2090  32  2  12  67  
2109  164  1  12  
2111  67  1  53  
2134  111  2  12  67  
2150  4  1  53  
2173  77  1  12  
2176  17  1  12  
2177  189  1  12  
2190  72  2  12  67  
2193  66  1  67  
2204  62  1  67  
2215  34  1  12  
2236  35  1  53  
2240  50  1  12  
2256  31  1  67  
2271  75  1  53  
2273  142  1  53  
2301  100  1  12  
2304  69  1  12  
2329  47  1  12  
2335  93  1  67  
2337  11  1  12  
2348  77  1  53  
2355  50  2  12  67  
2356  893  1  53  
2357  32  1  12  
2358  5  1  12  
2360  5  1  53  
2367  146  1  53  
2376  60  1  12  
2378  12  1  67  
2382  32  1  53  
2383  45  1  12  
2384  49  1  12  
2403  22  1  12  
2405  46  1  12  
2408  108  1  12  
2432  18  1  53  
2436  269  1  12  
2440  49  2  12  67  
2442  44  1  12  
2443  307  1  67  
2445  164  1  67  
2451  126  1  12  
2471  618  1  67  
2476  149  1  12  
2485  80  1  67  
2519  39  2  12  67  
2525  7  1  12  
2529  5  1  53  
2532  23  2  12  67  
2546  46  1  12  
2547  35  1  12  
2562  173  1  12  
2603  1  1  67  
2613  44  1  12  
2632  282  1  67  
2685  62  1  12  
2691  123  1  12  
2700  19  1  67  
2720  357  1  12  
2729  44  1  12  
2746  43  1  67  
2750  3  1  12  
2772  175  1  67  
2773  39  1  12  
2774  189  1  67  
2778  216  2  12  67  
2787  14  1  12  
2827  37  1  12  
2883  10  1  12  
2892  2  1  12  
2899  79  1  67  
2906  6  1  67  
2918  68  1  90  
2980  3  1  12  
2983  95  1  12  
2984  2  1  12  
2994  3  1  12  
2999  69  1  67  
3008  20  1  12  
3064  273  1  67  
3076  63  1  67  
3087  41  1  67  
3089  42  1  67  
3090  180  1  12  
3096  15  1  12  
3098  60  1  67  
3140  20  1  12  
3142  21  2  12  67  
3146  314  2  12  67  
3149  131  1  12  
3150  319  2  12  67  
3153  241  1  12  
3155  69  1  12  
3156  92  1  12  
3158  101  1  67  
3159  54  1  67  
3174  102  1  67  
3208  29  1  12  
3209  71  1  12  
3238  6  1  12  
3251  147  1  12  
3253  45  1  12  
3278  52  1  12  
3284  24  1  12  
3299  64  1  67  
3304  91  2  12  67  
3314  212  2  12  67  
3315  362  2  12  67  
3316  44  2  12  67  
3359  4  1  12  
3363  8  1  67  
3395  85  1  12  
3411  11  1  12  
3442  99  1  12  
3443  232  2  12  67  
3446  27  1  67  
3447  46  2  12  67  
3459  45  1  12  
3465  53  1  12  
3466  94  1  12  
3479  20  1  12  
3498  82  1  12  
3548  42  1  67  
3562  5  1  12  
3583  85  1  12  
3587  23  1  12  
3596  90  2  12  67  
3601  145  2  12  67  
3602  14  1  12  
3607  20  1  12  
3610  32  1  12  
3626  7  1  12  
3631  21  1  12  
3633  2  1  12  
3648  147  1  12  
3649  15  1  12  
3652  104  2  12  67  
3653  68  1  12  
3657  257  1  12  
3679  111  1  67  
3680  17  1  12  
3681  29  1  67  
3682  115  2  12  67  
3685  86  2  12  67  
3704  155  2  12  67  
3722  50  2  12  67  
3742  76  1  12  
3767  8  1  12  
3781  2  1  12  
3801  53  1  67  
3870  38  1  12  
3879  278  2  12  67  
3883  4  1  12  
3884  29  1  12  
3906  40  2  67  90  
3919  80  2  12  67  
3972  11  1  67  
3991  6  1  12  
3994  202  1  12  
4000  14  1  67  
4035  153  1  12  
4037  20  1  67  
4039  50  1  12  
4040  15  1  67  
4062  9  1  12  
4067  9  1  12  
4083  100  1  90  
4096  33  1  67  
4104  10  1  12  
4113  27  1  12  
4122  71  1  12  
4124  15  1  12  
4133  1  1  67  
4146  4  1  67  
4150  4  1  12  
4163  11  1  12  
4176  46  1  67  
4220  121  1  12  
4240  11  1  12  
4246  2  1  12  
4256  34  1  67  
4266  14  1  12  
4275  27  1  12  
4315  101  1  67  
4319  168  2  12  90  
4384  169  1  12  
4387  2  1  12  
4388  2  1  12  
4390  2  1  12  
4395  2  1  12  
4397  2  1  12  
4405  2  1  12  
4414  3  1  12  
4427  214  1  12  
4440  361  1  12  
4442  8  1  12  
4454  43  1  67  
4459  23  2  12  67  
4470  115  1  67  
4473  28  1  67  
4482  9  1  67  
4485  139  2  67  90  
4496  18  1  12  
4531  271  1  12  
4540  8  1  12  
4549  14  1  12  
4557  84  1  12  
4564  13  1  67  
4567  9  1  12  
4569  69  1  12  
4591  13  1  12  
4604  48  1  12  
4607  29  1  67  
4610  35  1  67  
4611  139  2  67  90  
4612  101  1  12  
4614  217  1  12  
4624  312  3  12  67  90  
4625  80  1  90  
4631  32  1  12  
4646  8  1  12  
4684  59  1  12  
4685  75  1  12  
4715  61  1  12  
4730  32  1  12  
4763  15  2  12  67  
4790  37  1  12  
4817  37  1  12  
4860  28  1  12  
4865  22  1  12  
4868  30  1  12  
4892  7  1  67  
4908  243  2  12  67  
4909  26  2  12  67  
4911  14  1  12  
4913  3  1  67  
4919  137  1  12  
4953  12  1  12  
4956  11  1  12  
4957  5  1  12  
4958  27  1  12  
4970  11  1  12  
4975  2  1  12  
4977  66  1  12  
4982  22  2  12  67  
4986  28  1  12  
4992  36  1  12  
5002  21  1  12  
5023  5  2  12  67  
5031  8  1  67  
5045  49  2  12  67  
5049  1  1  67  
5050  50  2  12  67  
5051  230  1  67  
5052  1  1  67  
5065  44  1  12  
5082  13  1  12  
5090  4  1  12  
5105  13  1  12  
5118  23  1  12  
5122  32  1  12  
5129  191  1  12  
5138  16  1  12  
5140  27  1  12  
5143  29  1  12  
5151  67  1  12  
5152  61  1  12  
5180  8  1  12  
5182  92  1  12  
5186  24  1  12  
5208  5  1  12  
5218  19  1  12  
5222  5  1  12  
5225  9  1  12  
5290  3  1  12  
5297  5  1  12  
5313  25  1  12  
5317  17  1  12  
5359  32  1  12  
5366  18  1  12  
5427  22  1  12  
5428  3  1  12  
5430  3  1  12  
5443  1  1  12  
5444  7  1  12  
5445  3  1  12  
5446  1  1  12  
5447  3  1  12  
5448  1  1  12  
5449  2  1  12  
5450  1  1  12  
5451  1  1  12  
5452  1  1  12  
5453  1  1  12  
5454  3  1  12  
5455  1  1  12  
5456  2  1  12  
5457  1  1  12  
5458  2  1  12  
5459  2  1  12  
5460  14  1  12  
5461  1  1  12  
5462  6  1  12  
5463  2  1  12  
5464  3  1  12  
5465  1  1  12  
5466  12  1  12  
5467  1  1  12  
5468  1  1  12  
5469  4  1  12  
5470  3  1  12  
