3  302  1  5051  
17  187  1  5065  
21  309  1  5065  
24  102  1  5083  
33  227  2  5051  5065  
50  39  1  5000  
65  275  7  5012  5028  5035  5051  5069  5075  5085  
66  109  2  5028  5065  
67  164  1  5037  
82  195  5  5037  5038  5051  5075  5078  
97  68  1  5028  
103  190  4  5051  5065  5080  5098  
107  89  1  5069  
116  213  1  5009  
129  99  3  5037  5079  5080  
147  28  1  5085  
158  93  1  5079  
164  334  2  5065  5098  
169  63  1  5038  
188  17  1  5028  
218  50  2  5078  5083  
246  56  1  5065  
290  142  1  5065  
292  230  3  5009  5069  5093  
293  321  1  5083  
297  77  1  5037  
317  46  1  5083  
375  7  1  5080  
408  157  2  5009  5047  
431  732  19  5000  5009  5020  5035  5037  5038  5047  5051  5056  5065  5069  5075  5078  5079  5080  5083  5093  5097  5098  
440  10  1  5065  
494  142  1  5051  
528  30  1  5009  
531  26  1  5028  
548  214  1  5065  
635  118  1  5098  
676  232  3  5051  5079  5098  
680  93  1  5085  
695  77  1  5029  
699  68  1  5009  
702  773  12  5008  5009  5028  5038  5047  5065  5069  5075  5078  5080  5083  5093  
723  113  2  5038  5060  
724  317  4  5037  5069  5083  5093  
746  272  1  5093  
758  165  5  5000  5078  5081  5083  5085  
783  99  1  5038  
793  97  1  5083  
807  122  1  5080  
873  9  1  5097  
917  297  3  5008  5009  5037  
928  8  1  5065  
951  39  1  5037  
955  86  1  5028  
959  49  3  5047  5051  5083  
972  196  2  5037  5065  
978  29  2  5028  5035  
987  95  2  5065  5080  
1008  88  1  5083  
1009  305  3  5051  5079  5098  
1022  60  1  5037  
1038  399  3  5000  5035  5093  
1054  472  5  5008  5047  5065  5069  5083  
1066  599  4  5051  5065  5069  5083  
1107  26  1  5000  
1179  31  2  5038  5098  
1180  65  1  5097  
1197  290  1  5080  
1227  62  3  5009  5035  5037  
1261  462  10  5028  5037  5047  5051  5065  5069  5075  5078  5083  5098  
1303  41  1  5075  
1354  156  2  5057  5065  
1355  72  1  5051  
1357  91  1  5065  
1376  210  1  5075  
1386  41  1  5037  
1403  4  1  5037  
1421  244  5  5051  5065  5080  5083  5098  
1427  587  6  5037  5047  5051  5065  5069  5075  
1474  4  1  5065  
1481  355  1  5065  
1494  80  2  5012  5080  
1511  36  1  5047  
1515  48  1  5035  
1532  66  1  5009  
1538  55  2  5078  5098  
1544  8  1  5075  
1561  50  1  5065  
1567  70  2  5065  5075  
1571  112  3  5028  5035  5065  
1601  42  1  5065  
1602  55  1  5051  
1605  9  1  5098  
1616  76  1  5079  
1629  47  1  5065  
1634  97  1  5065  
1636  67  1  5035  
1660  38  3  5038  5051  5080  
1663  48  2  5038  5047  
1671  129  3  5037  5065  5069  
1677  105  1  5078  
1683  49  1  5009  
1694  73  1  5065  
1843  39  1  5009  
1933  45  1  5037  
1945  16  1  5069  
1962  146  3  5009  5037  5083  
2008  61  1  5035  
2056  241  1  5000  
2064  8  1  5065  
2073  247  1  5060  
2074  49  2  5009  5075  
2075  95  5  5047  5069  5075  5093  5098  
2080  58  1  5065  
2109  164  1  5065  
2111  67  1  5065  
2138  215  2  5051  5065  
2141  2  1  5065  
2173  77  2  5028  5069  
2177  189  6  5021  5029  5035  5065  5080  5085  
2188  71  3  5051  5069  5083  
2190  72  3  5009  5047  5093  
2215  34  2  5069  5083  
2240  50  1  5098  
2256  31  2  5028  5098  
2283  324  5  5000  5009  5037  5047  5069  
2313  44  3  5037  5051  5083  
2329  47  1  5037  
2335  93  1  5065  
2338  7  1  5028  
2342  70  2  5009  5083  
2351  180  1  5028  
2355  50  1  5065  
2356  893  10  5000  5008  5009  5028  5037  5047  5051  5065  5080  5098  
2367  146  4  5064  5069  5075  5080  
2378  12  1  5038  
2384  49  1  5098  
2391  64  5  5008  5009  5047  5064  5069  
2408  108  1  5056  
2440  49  1  5038  
2445  164  2  5037  5075  
2451  126  3  5038  5079  5093  
2458  103  1  5083  
2461  40  2  5051  5080  
2471  618  11  5000  5009  5037  5047  5051  5075  5078  5080  5083  5093  5096  
2472  38  1  5008  
2474  44  1  5097  
2476  149  2  5065  5080  
2479  64  1  5083  
2485  80  2  5037  5056  
2487  75  1  5047  
2490  103  3  5056  5069  5078  
2494  200  2  5069  5075  
2519  39  2  5000  5037  
2550  22  1  5037  
2562  173  1  5051  
2616  16  1  5051  
2632  282  2  5009  5078  
2641  28  1  5000  
2665  12  1  5093  
2666  57  2  5000  5009  
2669  11  1  5051  
2720  357  12  5020  5047  5048  5051  5056  5069  5075  5078  5079  5083  5096  5097  
2722  15  1  5083  
2731  28  1  5079  
2735  55  2  5009  5038  
2753  15  1  5037  
2755  51  1  5096  
2761  44  2  5075  5096  
2770  52  1  5051  
2773  39  1  5051  
2774  189  2  5051  5079  
2778  216  3  5008  5009  5051  
2827  37  1  5079  
2831  81  2  5056  5065  
2848  21  1  5083  
2875  49  1  5079  
2918  68  6  5000  5009  5037  5047  5078  5083  
2936  41  2  5096  5097  
2968  6  1  5051  
3000  14  2  5008  5037  
3028  4  1  5069  
3076  63  1  5047  
3084  43  1  5083  
3090  180  4  5051  5065  5080  5098  
3098  60  8  5000  5009  5047  5056  5075  5078  5083  5096  
3101  10  1  5037  
3112  89  1  5075  
3144  271  8  5000  5035  5037  5051  5056  5078  5083  5098  
3146  314  11  5000  5008  5009  5035  5037  5038  5047  5075  5078  5083  5093  
3149  131  3  5009  5047  5093  
3150  319  9  5008  5009  5035  5047  5065  5069  5078  5080  5083  
3153  241  7  5000  5038  5051  5065  5080  5083  5098  
3154  166  1  5093  
3156  92  1  5080  
3158  101  4  5009  5035  5037  5047  
3173  42  1  5075  
3174  102  4  5047  5075  5078  5083  
3191  114  6  5009  5037  5047  5069  5083  5093  
3209  71  3  5000  5037  5051  
3238  6  1  5056  
3251  147  1  5097  
3264  156  5  5038  5065  5080  5093  5098  
3270  26  1  5035  
3278  52  5  5035  5069  5075  5078  5083  
3284  24  1  5038  
3289  205  9  5035  5038  5047  5065  5075  5078  5080  5083  5093  
3299  64  1  5038  
3307  82  1  5037  
3314  212  6  5047  5051  5065  5080  5083  5093  
3315  362  17  5000  5020  5035  5037  5047  5056  5064  5065  5069  5075  5078  5080  5083  5085  5093  5096  5098  
3316  44  1  5083  
3330  39  1  5009  
3338  144  4  5008  5037  5048  5083  
3362  95  2  5080  5098  
3441  18  1  5047  
3442  99  7  5009  5020  5037  5056  5069  5078  5098  
3443  232  3  5037  5038  5098  
3446  27  1  5065  
3447  46  1  5093  
3449  113  4  5037  5047  5078  5083  
3465  53  1  5038  
3466  94  4  5037  5069  5080  5083  
3468  20  2  5069  5075  
3483  35  1  5008  
3498  82  2  5009  5078  
3514  13  1  5037  
3548  42  2  5056  5065  
3583  85  1  5051  
3587  23  1  5000  
3601  145  2  5021  5051  
3617  57  3  5035  5083  5097  
3648  147  8  5008  5009  5035  5037  5047  5075  5078  5083  
3649  15  1  5047  
3652  104  5  5047  5075  5083  5085  5097  
3653  68  2  5008  5078  
3657  257  4  5035  5038  5080  5093  
3669  4  1  5098  
3672  27  1  5051  
3674  131  1  5098  
3679  111  7  5037  5047  5057  5069  5075  5078  5096  
3680  17  1  5038  
3682  115  1  5009  
3685  86  1  5000  
3690  15  1  5035  
3704  155  7  5028  5035  5038  5051  5065  5083  5098  
3736  64  4  5008  5009  5075  5078  
3742  76  3  5069  5075  5083  
3749  84  2  5065  5083  
3801  53  2  5078  5081  
3810  42  1  5065  
3855  52  3  5009  5078  5083  
3868  17  1  5083  
3879  278  11  5009  5029  5035  5037  5038  5051  5069  5075  5080  5083  5098  
3895  7  1  5065  
3903  32  1  5028  
3906  40  1  5065  
3919  80  5  5037  5047  5064  5075  5083  
3921  50  2  5064  5078  
3972  11  1  5065  
3974  1  1  5085  
3990  70  1  5051  
3994  202  2  5028  5038  
4009  4  1  5028  
4035  153  7  5038  5057  5080  5083  5085  5093  5098  
4037  20  1  5071  
4039  50  2  5012  5083  
4067  9  1  5083  
4073  81  4  5008  5012  5048  5083  
4083  100  4  5008  5009  5037  5056  
4090  16  1  5083  
4112  9  1  5037  
4122  71  3  5051  5056  5096  
4152  228  7  5028  5037  5038  5047  5083  5093  5098  
4169  114  5  5008  5020  5035  5078  5083  
4176  46  2  5047  5098  
4187  96  2  5038  5079  
4196  57  3  5037  5056  5083  
4217  25  1  5038  
4220  121  3  5009  5083  5093  
4225  62  4  5008  5051  5083  5098  
4226  46  1  5083  
4247  18  1  5098  
4248  38  1  5000  
4256  34  2  5078  5098  
4263  53  1  5069  
4285  62  4  5075  5080  5085  5096  
4315  101  11  5008  5009  5035  5047  5057  5069  5075  5078  5083  5085  5093  
4319  168  7  5020  5022  5051  5065  5079  5080  5097  
4320  78  1  5080  
4334  24  2  5009  5065  
4347  3  1  5009  
4367  28  1  5098  
4371  5  1  5065  
4380  79  2  5000  5064  
4384  169  4  5035  5047  5083  5093  
4409  7  1  5098  
4427  214  5  5028  5069  5075  5078  5083  
4437  60  1  5098  
4439  25  1  5037  
4440  361  15  5008  5009  5020  5035  5038  5047  5051  5056  5065  5069  5075  5078  5080  5083  5093  
4446  44  1  5083  
4448  23  1  5035  
4452  16  1  5009  
4453  53  2  5028  5065  
4460  7  1  5051  
4464  19  1  5098  
4470  115  2  5069  5078  
4473  28  1  5083  
4478  14  1  5000  
4480  14  1  5098  
4482  9  1  5037  
4485  139  6  5000  5009  5051  5057  5081  5098  
4486  172  6  5038  5051  5079  5080  5093  5098  
4489  43  1  5028  
4496  18  2  5035  5083  
4509  52  2  5028  5098  
4516  13  2  5038  5098  
4531  271  12  5021  5038  5047  5051  5060  5065  5075  5078  5080  5083  5096  5098  
4532  3  1  5009  
4546  14  1  5037  
4549  14  1  5000  
4552  127  2  5028  5065  
4555  33  1  5021  
4557  84  1  5038  
4564  13  2  5037  5083  
4569  69  4  5028  5038  5078  5098  
4571  54  2  5035  5093  
4591  13  2  5035  5083  
4594  5  1  5093  
4599  12  1  5060  
4604  48  2  5051  5065  
4608  122  4  5000  5037  5065  5079  
4610  35  4  5008  5009  5069  5083  
4611  139  13  5000  5008  5009  5037  5047  5056  5069  5075  5078  5083  5096  5097  5098  
4612  101  3  5051  5060  5065  
4613  19  1  5093  
4614  217  14  5000  5037  5038  5047  5051  5069  5075  5078  5079  5080  5083  5093  5096  5098  
4615  49  3  5035  5047  5083  
4616  41  3  5009  5035  5047  
4617  14  1  5083  
4619  68  4  5008  5009  5047  5083  
4620  152  6  5037  5038  5051  5065  5093  5098  
4622  31  4  5000  5009  5035  5069  
4623  211  12  5000  5008  5009  5035  5038  5047  5051  5065  5075  5078  5080  5083  
4624  312  16  5000  5009  5035  5037  5038  5047  5051  5056  5078  5079  5083  5085  5093  5094  5096  5098  
4625  80  5  5000  5008  5009  5037  5047  
4648  21  2  5083  5098  
4656  17  2  5028  5035  
4672  44  1  5096  
4680  33  1  5065  
4681  8  1  5000  
4684  59  4  5035  5064  5094  5096  
4685  75  7  5000  5008  5047  5056  5069  5083  5096  
4702  21  1  5009  
4711  16  2  5035  5075  
4715  61  2  5035  5093  
4727  24  1  5065  
4729  11  1  5083  
4730  32  2  5037  5047  
4741  7  1  5069  
4745  10  1  5037  
4747  30  3  5047  5056  5069  
4790  37  4  5000  5037  5038  5051  
4794  12  1  5035  
4796  2  1  5065  
4798  4  1  5037  
4800  40  1  5097  
4811  9  2  5056  5078  
4814  48  2  5038  5060  
4817  37  1  5000  
4826  26  1  5035  
4828  66  2  5079  5080  
4831  63  1  5001  
4836  17  2  5035  5080  
4837  19  2  5035  5083  
4840  44  4  5037  5051  5097  5098  
4859  9  1  5008  
4860  28  2  5037  5047  
4866  21  1  5029  
4868  30  1  5037  
4874  4  1  5078  
4888  3  1  5047  
4892  7  1  5008  
4901  389  6  5028  5038  5051  5065  5080  5098  
4905  6  1  5000  
4908  243  6  5037  5065  5075  5080  5093  5098  
4919  137  4  5038  5051  5080  5093  
4923  10  1  5065  
4927  46  1  5047  
4930  3  1  5056  
4933  13  1  5037  
4951  105  1  5065  
4956  11  1  5051  
4958  27  1  5038  
4962  30  2  5051  5079  
4971  28  3  5035  5037  5085  
4973  16  3  5009  5021  5037  
4977  66  4  5035  5047  5051  5097  
4981  15  2  5075  5098  
4986  28  1  5064  
4992  36  2  5080  5098  
4999  4  1  5000  
5005  8  2  5037  5057  
5006  1  1  5008  
5007  2  2  5008  5037  
5012  139  5  5038  5051  5060  5065  5079  
5018  3  1  5037  
5019  4  1  5020  
5033  1  1  5034  
5035  4  1  5048  
5036  1  1  5037  
5038  18  1  5083  
5043  1  1  5047  
5044  1  1  5047  
5045  49  3  5047  5083  5093  
5046  21  1  5047  
5051  230  5  5038  5065  5079  5080  5083  
5055  4  1  5056  
5059  7  1  5051  
5065  44  3  5038  5083  5098  
5068  3  1  5069  
5070  3  2  5069  5078  
5072  1  1  5075  
5073  1  1  5075  
5074  2  1  5075  
5077  1  1  5078  
5082  13  1  5083  
5084  1  1  5085  
5095  1  1  5096  
5108  9  1  5098  
5110  75  3  5001  5085  5098  
5122  32  1  5093  
5129  191  5  5012  5038  5065  5080  5098  
5131  12  1  5038  
5133  222  5  5012  5028  5051  5080  5098  
5135  385  6  5028  5051  5065  5079  5080  5098  
5138  16  1  5079  
5141  6  1  5038  
5142  21  2  5051  5093  
5144  79  2  5080  5098  
5145  41  2  5051  5098  
5147  144  4  5065  5079  5080  5098  
5149  84  1  5051  
5150  75  2  5051  5060  
5151  67  1  5098  
5152  61  1  5093  
5157  41  1  5080  
5158  15  1  5035  
5160  12  1  5035  
5164  6  1  5093  
5174  3  1  5035  
5177  1  1  5035  
5178  1  1  5035  
5179  1  1  5035  
5182  92  1  5065  
5191  50  2  5051  5080  
5208  5  1  5051  
5239  33  1  5038  
5241  42  1  5093  
5257  14  1  5051  
5302  68  2  5038  5065  
5313  25  1  5028  
5325  80  1  5080  
5359  32  1  5093  
5366  18  1  5093  
5372  18  1  5065  
5380  11  1  5093  
5389  4  1  5093  
5401  24  2  5051  5098  
5404  3  1  5028  
5427  22  3  5028  5051  5065  
5466  12  1  5051  
5480  31  3  5001  5079  5098  
5482  17  1  5038  
5488  19  1  5065  
5493  5  1  5098  
5495  75  2  5028  5098  
5497  35  1  5080  
5519  88  3  5051  5065  5080  
5521  76  2  5051  5080  
5528  52  1  5098  
5541  7  1  5060  
5542  78  2  5051  5098  
5546  190  5  5051  5065  5079  5080  5098  
5559  44  2  5051  5080  
5563  108  2  5051  5065  
5581  2  1  5065  
5582  81  3  5051  5065  5080  
5606  29  1  5065  
5621  23  1  5051  
5622  11  1  5051  
5623  1  1  5079  
5624  2  1  5079  
5639  70  1  5051  
5651  3  1  5065  
5653  28  1  5098  
5655  58  1  5001  
5670  13  1  5065  
5676  85  1  5080  
5678  22  1  5080  
5684  101  2  5065  5098  
5689  8  1  5065  
5690  17  1  5080  
5711  33  3  5012  5051  5065  
5740  35  1  5098  
5743  58  3  5065  5080  5085  
5772  177  3  5001  5028  5079  
5785  15  1  5080  
5789  160  4  5028  5051  5080  5098  
5790  18  1  5051  
5792  91  1  5051  
5793  104  1  5098  
5794  93  2  5051  5080  
5798  135  2  5028  5098  
5801  50  1  5098  
5814  2  1  5065  
5818  26  2  5080  5098  
5831  29  1  5051  
5835  4  1  5098  
5840  6  1  5079  
5856  6  1  5051  
5872  11  1  5028  
5874  100  3  5065  5085  5098  
5893  33  3  5012  5051  5080  
5921  77  2  5065  5080  
5923  24  1  5080  
5929  6  1  5028  
5930  8  1  5051  
5942  1  1  5065  
5943  1  1  5065  
5944  1  1  5065  
5945  6  1  5065  
5995  19  1  5080  
6010  19  1  5028  
6021  28  1  5080  
6025  49  1  5098  
6026  191  1  5098  
6033  95  2  5028  5098  
6041  2  1  5080  
6042  16  1  5080  
6054  57  1  5085  
6058  68  1  5085  
6063  47  3  5001  5051  5079  
6067  2  1  5051  
6068  5  1  5051  
6069  1  1  5051  
6070  2  1  5051  
6071  1  1  5051  
6072  1  1  5051  
6094  81  2  5001  5012  
6145  36  2  5028  5098  
6147  161  3  5001  5028  5079  
6149  27  1  5028  
6152  142  2  5079  5098  
6153  31  1  5028  
6155  98  1  5028  
6156  37  2  5028  5079  
6175  123  1  5079  
6180  93  2  5028  5085  
6185  18  1  5098  
6233  12  1  5028  
6267  3  1  5098  
6294  47  1  5012  
6300  101  1  5028  
6302  22  1  5098  
6306  15  1  5079  
6336  12  2  5028  5098  
6348  39  1  5012  
6364  15  1  5098  
6376  15  1  5098  
6402  1  1  5098  
6404  1  1  5098  
6414  24  1  5028  
6418  5  1  5001  
6459  39  1  5001  
6532  11  1  5028  
6626  26  1  5001  
6627  36  1  5001  
6646  2  1  5028  
6666  1  1  5028  
6667  6  1  5028  
6672  50  1  5079  
6698  35  1  5079  
6730  23  1  5001  
6764  2  1  5079  
7010  9  1  5079  
7020  7  1  5079  
7033  4  1  5079  
