17  187  1  6656  
82  195  2  6603  6612  
103  190  6  6603  6612  6617  6636  6682  6688  
107  89  1  6605  
116  213  1  6641  
147  28  6  6601  6602  6605  6606  6620  6642  
158  93  2  6637  6641  
164  334  1  6603  
169  63  1  6641  
317  46  1  6633  
401  79  1  6647  
431  732  3  6603  6612  6682  
493  24  1  6600  
528  30  1  6612  
676  232  11  6601  6603  6605  6608  6616  6618  6621  6622  6636  6641  6660  
680  93  3  6612  6635  6647  
686  66  1  6628  
698  50  1  6641  
702  773  12  6600  6603  6605  6612  6628  6636  6637  6641  6647  6656  6682  6688  
813  3  1  6641  
923  18  1  6641  
972  196  4  6628  6641  6647  6656  
1009  305  10  6600  6601  6605  6612  6616  6622  6642  6647  6656  6688  
1037  57  1  6641  
1054  472  2  6603  6688  
1066  599  4  6612  6641  6647  6656  
1100  107  1  6647  
1115  65  1  6641  
1261  462  9  6600  6603  6605  6628  6641  6647  6656  6682  6688  
1272  35  2  6636  6641  
1282  199  1  6603  
1378  6  1  6605  
1418  5  1  6621  
1421  244  5  6603  6612  6635  6682  6688  
1485  68  2  6656  6688  
1515  48  1  6641  
1571  112  1  6688  
1601  42  1  6641  
1602  55  1  6605  
1629  47  1  6601  
1636  67  1  6628  
1677  105  1  6641  
1683  49  1  6647  
1749  51  1  6647  
1826  29  1  6608  
1851  27  2  6636  6656  
1903  3  1  6688  
1971  145  3  6605  6641  6682  
2052  36  1  6637  
2059  108  2  6605  6612  
2177  189  2  6603  6616  
2190  72  1  6636  
2252  42  3  6612  6628  6642  
2280  8  1  6603  
2283  324  1  6603  
2308  8  3  6601  6603  6633  
2351  180  10  6601  6602  6603  6605  6606  6636  6637  6641  6647  6656  
2356  893  17  6600  6603  6605  6608  6612  6616  6617  6621  6628  6636  6637  6641  6642  6647  6656  6682  6688  
2367  146  3  6641  6682  6688  
2443  307  10  6601  6602  6605  6606  6628  6636  6637  6641  6647  6656  
2490  103  1  6601  
2537  29  1  6603  
2644  3  1  6636  
2716  55  1  6641  
2720  357  1  6663  
2802  48  1  6603  
2807  3  1  6664  
2823  62  1  6603  
2831  81  1  6641  
2999  69  1  6688  
3040  18  1  6636  
3087  41  1  6636  
3090  180  8  6600  6601  6605  6612  6636  6637  6656  6682  
3144  271  2  6612  6636  
3146  314  1  6682  
3191  114  1  6656  
3208  29  1  6682  
3264  156  3  6605  6612  6656  
3265  15  1  6648  
3278  52  1  6641  
3290  144  1  6628  
3412  15  1  6612  
3443  232  2  6641  6656  
3583  85  1  6605  
3592  89  1  6647  
3648  147  1  6641  
3649  15  1  6641  
3652  104  1  6612  
3658  89  2  6622  6628  
3727  2  1  6633  
3810  42  1  6641  
3879  278  4  6605  6607  6641  6647  
3914  55  1  6642  
3955  9  1  6682  
3994  202  9  6600  6603  6612  6628  6637  6641  6647  6656  6688  
4035  153  3  6605  6612  6636  
4073  81  1  6603  
4091  1  1  6682  
4122  71  1  6682  
4152  228  5  6600  6601  6637  6641  6656  
4176  46  1  6641  
4220  121  3  6621  6641  6647  
4263  53  1  6612  
4281  20  1  6603  
4288  73  1  6641  
4427  214  3  6636  6637  6656  
4439  25  1  6641  
4464  19  1  6603  
4470  115  3  6606  6612  6688  
4480  14  1  6600  
4489  43  1  6628  
4509  52  2  6605  6612  
4531  271  1  6641  
4552  127  5  6601  6603  6605  6636  6656  
4569  69  3  6635  6641  6656  
4586  16  1  6605  
4608  122  1  6601  
4614  217  4  6600  6612  6628  6641  
4623  211  1  6637  
4624  312  5  6612  6628  6637  6641  6642  
4631  32  1  6600  
4634  22  3  6601  6603  6618  
4656  17  1  6656  
4684  59  1  6647  
4727  24  1  6612  
4747  30  2  6601  6656  
4800  40  2  6600  6641  
4814  48  1  6600  
4831  63  3  6605  6641  6647  
4832  26  1  6641  
4901  389  13  6600  6603  6605  6612  6628  6636  6637  6641  6647  6656  6668  6682  6688  
4906  39  2  6603  6641  
4977  66  1  6628  
4983  7  1  6633  
5012  139  12  6602  6607  6616  6617  6618  6621  6622  6633  6637  6660  6663  6688  
5015  10  2  6641  6656  
5079  14  1  6668  
5110  75  2  6612  6617  
5113  14  1  6642  
5125  1  1  6641  
5129  191  2  6605  6682  
5133  222  6  6600  6605  6636  6641  6656  6688  
5135  385  13  6600  6601  6603  6605  6606  6612  6616  6621  6636  6647  6656  6682  6688  
5137  33  1  6602  
5139  83  6  6607  6633  6635  6660  6663  6664  
5147  144  3  6605  6641  6682  
5149  84  1  6628  
5153  20  3  6647  6682  6688  
5155  98  7  6600  6603  6605  6612  6628  6634  6641  
5158  15  1  6612  
5169  41  3  6603  6607  6612  
5182  92  1  6641  
5212  10  1  6647  
5224  52  5  6603  6636  6642  6656  6688  
5241  42  1  6605  
5270  5  1  6603  
5294  81  1  6647  
5302  68  1  6641  
5313  25  1  6688  
5322  2  1  6641  
5335  39  3  6636  6656  6682  
5363  54  1  6647  
5382  26  1  6605  
5488  19  1  6603  
5495  75  5  6605  6612  6636  6637  6688  
5497  35  1  6641  
5521  76  2  6612  6641  
5523  9  1  6603  
5542  78  1  6633  
5557  23  1  6600  
5606  29  1  6688  
5621  23  1  6642  
5639  70  2  6600  6641  
5655  58  2  6642  6689  
5666  1  1  6603  
5684  101  4  6607  6633  6637  6688  
5699  54  3  6601  6636  6647  
5737  29  1  6641  
5740  35  2  6605  6656  
5741  43  2  6642  6682  
5743  58  3  6600  6605  6682  
5772  177  18  6600  6601  6602  6603  6605  6606  6612  6617  6628  6633  6636  6637  6641  6647  6656  6660  6682  6688  
5789  160  7  6637  6641  6647  6656  6668  6682  6688  
5792  91  2  6628  6689  
5793  104  4  6602  6605  6608  6612  
5798  135  9  6600  6603  6605  6612  6628  6636  6637  6682  6688  
5807  9  2  6612  6641  
5872  11  1  6622  
5874  100  3  6600  6605  6612  
5909  3  1  6618  
5915  22  2  6637  6688  
5921  77  1  6612  
5933  42  1  6605  
5956  2  1  6612  
5986  14  1  6682  
5996  4  1  6637  
6010  19  2  6600  6647  
6012  5  1  6642  
6021  28  1  6628  
6026  191  14  6600  6601  6603  6605  6606  6612  6628  6633  6636  6637  6647  6656  6682  6688  
6033  95  1  6682  
6035  54  2  6668  6682  
6042  16  1  6682  
6049  65  1  6628  
6057  18  1  6688  
6058  68  9  6602  6606  6607  6616  6617  6618  6628  6633  6642  
6063  47  1  6616  
6081  41  1  6603  
6094  81  4  6603  6642  6682  6688  
6106  13  2  6682  6688  
6143  14  3  6647  6664  6688  
6145  36  8  6612  6628  6636  6637  6641  6656  6682  6688  
6146  21  4  6600  6612  6633  6637  
6147  161  11  6600  6603  6605  6612  6628  6636  6637  6641  6647  6656  6688  
6149  27  3  6636  6682  6688  
6152  142  10  6600  6601  6605  6612  6616  6628  6636  6637  6641  6647  
6153  31  1  6641  
6154  40  8  6600  6602  6605  6606  6621  6633  6637  6641  
6155  98  12  6600  6603  6605  6612  6628  6636  6637  6641  6647  6656  6682  6688  
6156  37  5  6616  6636  6656  6682  6688  
6157  118  4  6601  6641  6647  6688  
6171  70  3  6601  6616  6633  
6175  123  1  6600  
6176  2  1  6641  
6177  5  1  6641  
6180  93  3  6603  6605  6612  
6204  18  5  6605  6628  6637  6641  6647  
6213  11  2  6616  6688  
6216  30  1  6616  
6231  10  2  6603  6628  
6250  9  1  6612  
6251  2  1  6603  
6275  8  1  6647  
6294  47  5  6606  6612  6641  6647  6660  
6297  7  1  6612  
6300  101  14  6600  6603  6605  6608  6612  6621  6628  6636  6637  6641  6647  6656  6682  6688  
6302  22  1  6628  
6305  23  3  6612  6637  6641  
6311  1  1  6688  
6322  11  2  6682  6688  
6328  5  1  6688  
6331  5  2  6668  6688  
6334  19  2  6636  6656  
6335  89  12  6603  6606  6612  6616  6617  6618  6628  6635  6641  6668  6682  6688  
6348  39  1  6605  
6355  27  3  6636  6647  6682  
6387  21  2  6637  6656  
6389  15  1  6668  
6405  38  1  6682  
6411  25  1  6603  
6414  24  3  6600  6601  6605  
6415  52  3  6603  6628  6656  
6417  12  3  6605  6612  6637  
6420  15  1  6612  
6425  18  1  6688  
6427  10  1  6600  
6440  7  1  6603  
6459  39  2  6603  6668  
6478  9  1  6603  
6493  27  4  6601  6612  6637  6641  
6496  4  1  6600  
6509  16  1  6647  
6516  3  1  6603  
6542  31  2  6600  6612  
6554  19  6  6601  6605  6608  6612  6616  6621  
6558  7  3  6628  6682  6688  
6566  33  5  6603  6628  6636  6637  6641  
6569  3  2  6600  6607  
6578  39  3  6608  6647  6656  
6585  3  1  6601  
6598  1  1  6600  
6599  1  1  6600  
6601  4  3  6612  6616  6617  
6603  10  1  6605  
6604  2  1  6612  
6609  6  1  6612  
6610  1  1  6612  
6611  4  2  6612  6682  
6615  6  2  6628  6637  
6616  14  4  6618  6635  6641  6642  
6622  25  1  6616  
6626  26  3  6636  6637  6641  
6627  36  1  6628  
6629  2  1  6628  
6630  13  2  6628  6682  
6631  2  1  6628  
6632  3  1  6628  
6635  19  1  6636  
6638  4  2  6637  6647  
6639  19  5  6603  6637  6663  6668  6688  
6640  1  1  6641  
6643  2  1  6647  
6644  1  1  6647  
6645  1  1  6647  
6646  2  1  6647  
6652  4  1  6688  
6657  30  1  6656  
6658  2  2  6656  6688  
6659  1  1  6660  
6661  1  1  6663  
6662  45  2  6616  6663  
6665  2  1  6682  
6669  4  2  6682  6688  
6671  13  1  6682  
6672  50  1  6668  
6675  2  1  6682  
6676  1  1  6682  
6677  2  1  6682  
6678  2  1  6682  
6680  13  1  6682  
6681  2  1  6682  
6683  1  1  6688  
6684  4  1  6688  
6685  1  1  6688  
6686  1  1  6688  
6687  1  1  6688  
6726  6  1  6603  
6732  1  1  6603  
6733  1  1  6603  
6785  6  1  6635  
