8  743  4  4106  4135  4175  4176  
12  50  3  4124  4161  4172  
26  150  1  4180  
33  227  2  4102  4106  
41  44  1  4197  
50  39  1  4180  
63  44  2  4114  4197  
65  275  7  4102  4111  4113  4114  4128  4135  4151  
81  122  1  4197  
82  195  2  4152  4197  
85  72  1  4180  
97  68  1  4180  
103  190  2  4152  4197  
116  213  3  4106  4176  4197  
131  72  1  4175  
162  70  1  4199  
169  63  2  4106  4162  
273  35  3  4175  4176  4180  
288  244  1  4175  
290  142  1  4197  
293  321  2  4106  4166  
301  199  2  4113  4152  
317  46  1  4152  
328  86  2  4175  4180  
350  117  1  4175  
408  157  6  4106  4113  4124  4169  4180  4197  
430  5  1  4197  
431  732  9  4102  4113  4124  4135  4142  4169  4180  4197  4199  
494  142  1  4106  
528  30  1  4169  
530  34  5  4111  4129  4175  4176  4180  
531  26  1  4197  
608  7  1  4197  
610  19  2  4124  4197  
629  47  1  4180  
630  3  1  4124  
635  118  2  4113  4157  
637  100  3  4102  4175  4180  
643  81  1  4175  
676  232  1  4152  
680  93  1  4129  
686  66  1  4180  
695  77  2  4169  4180  
702  773  16  4106  4110  4113  4114  4124  4128  4135  4151  4152  4162  4169  4175  4176  4180  4197  4199  
723  113  1  4197  
724  317  4  4113  4124  4152  4197  
746  272  3  4106  4135  4169  
758  165  3  4106  4191  4197  
771  61  1  4161  
774  45  1  4180  
781  39  1  4197  
785  91  1  4111  
807  122  5  4106  4135  4157  4175  4176  
909  292  1  4106  
917  297  4  4102  4124  4175  4180  
959  49  1  4113  
960  41  1  4169  
988  74  1  4180  
1009  305  2  4152  4180  
1030  37  1  4106  
1032  62  1  4113  
1037  57  1  4197  
1038  399  14  4102  4106  4111  4113  4114  4124  4141  4142  4151  4162  4164  4176  4180  4190  
1041  135  1  4169  
1046  48  1  4151  
1054  472  1  4169  
1066  599  1  4180  
1084  79  4  4135  4151  4164  4175  
1162  61  1  4124  
1179  31  2  4124  4197  
1180  65  3  4135  4162  4176  
1197  290  2  4106  4114  
1228  8  1  4197  
1261  462  4  4124  4152  4169  4180  
1282  199  1  4124  
1354  156  2  4161  4197  
1401  139  1  4114  
1409  11  1  4152  
1416  68  1  4106  
1421  244  7  4106  4113  4135  4161  4162  4175  4180  
1427  587  9  4102  4106  4113  4124  4152  4162  4169  4175  4180  
1428  42  1  4135  
1481  355  1  4128  
1485  68  1  4180  
1487  73  1  4124  
1494  80  1  4106  
1495  50  1  4106  
1515  48  1  4124  
1532  66  2  4107  4197  
1548  3  1  4170  
1567  70  1  4197  
1571  112  3  4102  4106  4124  
1576  34  1  4106  
1616  76  2  4114  4129  
1663  48  1  4176  
1670  8  1  4169  
1674  43  2  4102  4152  
1676  41  1  4106  
1683  49  2  4113  4124  
1694  73  1  4152  
1720  6  1  4180  
1765  33  1  4113  
1809  13  1  4180  
1817  181  2  4124  4128  
1824  47  1  4176  
1843  39  1  4180  
1850  63  1  4197  
1851  27  1  4197  
1852  3  1  4197  
1939  47  2  4175  4180  
1945  16  1  4102  
1956  44  1  4106  
1962  146  2  4128  4175  
1970  23  1  4197  
1971  145  3  4102  4113  4197  
1996  65  1  4197  
2008  61  2  4102  4128  
2045  28  1  4175  
2056  241  9  4102  4106  4124  4135  4169  4175  4176  4180  4197  
2073  247  2  4190  4191  
2075  95  1  4180  
2109  164  3  4106  4128  4197  
2111  67  1  4113  
2134  111  1  4197  
2137  252  1  4106  
2138  215  1  4128  
2177  189  1  4113  
2179  124  1  4169  
2188  71  1  4197  
2190  72  2  4124  4197  
2193  66  4  4102  4113  4124  4169  
2204  62  1  4106  
2231  11  1  4197  
2237  2  1  4197  
2240  50  2  4162  4197  
2244  6  1  4124  
2251  2  1  4197  
2256  31  1  4199  
2280  8  1  4152  
2283  324  6  4102  4106  4124  4135  4169  4180  
2285  21  1  4162  
2313  44  1  4102  
2335  93  2  4128  4197  
2340  105  2  4176  4197  
2342  70  1  4113  
2348  77  1  4135  
2356  893  16  4106  4110  4113  4114  4124  4129  4135  4141  4151  4152  4162  4164  4169  4175  4176  4180  
2367  146  1  4135  
2376  60  1  4102  
2378  12  1  4175  
2381  13  2  4113  4146  
2391  64  1  4169  
2408  108  2  4180  4197  
2436  269  5  4106  4141  4162  4164  4176  
2438  113  1  4106  
2440  49  1  4197  
2443  307  6  4114  4141  4152  4161  4166  4170  
2445  164  2  4102  4135  
2451  126  3  4124  4180  4197  
2461  40  1  4180  
2466  13  1  4113  
2469  156  1  4142  
2471  618  17  4102  4106  4110  4113  4114  4124  4128  4141  4161  4162  4166  4169  4175  4176  4190  4197  4199  
2476  149  1  4197  
2479  64  3  4106  4169  4176  
2485  80  1  4102  
2487  75  2  4102  4164  
2519  39  1  4102  
2532  23  1  4124  
2537  29  1  4124  
2546  46  1  4162  
2547  35  2  4128  4199  
2562  173  1  4106  
2579  19  2  4110  4129  
2585  18  1  4124  
2595  39  1  4106  
2596  50  2  4114  4151  
2620  139  6  4114  4135  4151  4164  4175  4190  
2632  282  5  4113  4114  4175  4176  4180  
2647  14  2  4169  4197  
2664  6  1  4129  
2666  57  2  4113  4169  
2685  62  1  4175  
2687  36  4  4114  4135  4175  4176  
2712  70  1  4162  
2715  238  8  4102  4106  4124  4135  4169  4175  4176  4180  
2720  357  12  4106  4113  4124  4128  4135  4146  4151  4169  4175  4176  4180  4199  
2729  44  2  4175  4176  
2735  55  3  4124  4169  4197  
2742  10  1  4161  
2755  51  2  4106  4180  
2770  52  1  4106  
2772  175  3  4106  4113  4124  
2773  39  1  4102  
2774  189  9  4106  4111  4151  4157  4164  4166  4190  4191  4195  
2778  216  4  4114  4169  4175  4180  
2781  13  1  4124  
2786  7  1  4199  
2802  48  2  4113  4124  
2827  37  1  4197  
2831  81  1  4113  
2833  5  1  4124  
2847  9  1  4111  
2848  21  2  4113  4161  
2872  4  1  4106  
2877  88  1  4106  
2899  79  2  4135  4180  
2902  13  1  4161  
2905  41  2  4169  4180  
2908  3  1  4124  
2918  68  3  4113  4124  4180  
2919  56  2  4124  4162  
2935  6  1  4124  
2936  41  1  4113  
2999  69  2  4102  4106  
3001  79  3  4135  4151  4175  
3011  36  1  4113  
3012  58  1  4106  
3034  13  2  4113  4135  
3040  18  1  4124  
3045  18  1  4176  
3062  55  3  4113  4169  4176  
3064  273  3  4113  4135  4180  
3076  63  1  4102  
3087  41  1  4124  
3090  180  1  4180  
3098  60  1  4169  
3100  33  1  4110  
3102  156  1  4106  
3110  122  5  4106  4124  4135  4175  4180  
3114  4  1  4113  
3131  9  1  4175  
3144  271  11  4102  4113  4114  4169  4170  4175  4176  4180  4190  4191  4197  
3145  3  1  4106  
3146  314  11  4102  4113  4124  4135  4151  4162  4169  4175  4176  4180  4197  
3147  27  3  4106  4135  4162  
3148  98  4  4175  4176  4180  4195  
3149  131  4  4114  4124  4169  4175  
3150  319  10  4102  4106  4113  4124  4135  4169  4175  4176  4190  4191  
3151  148  5  4106  4135  4175  4176  4180  
3152  68  4  4114  4162  4175  4180  
3153  241  8  4102  4106  4113  4114  4124  4129  4135  4169  
3154  166  2  4110  4164  
3156  92  3  4102  4124  4169  
3157  22  1  4176  
3158  101  12  4106  4113  4135  4146  4151  4162  4164  4166  4172  4180  4190  4191  
3159  54  1  4135  
3160  56  3  4106  4135  4176  
3169  15  1  4170  
3174  102  4  4102  4124  4175  4176  
3191  114  4  4113  4124  4169  4180  
3206  48  2  4113  4124  
3209  71  4  4111  4141  4151  4175  
3223  2  1  4197  
3226  81  1  4106  
3251  147  4  4106  4129  4169  4176  
3252  42  1  4169  
3264  156  2  4152  4197  
3268  13  1  4106  
3278  52  1  4106  
3289  205  6  4102  4113  4124  4169  4170  4180  
3290  144  3  4106  4113  4180  
3299  64  1  4113  
3304  91  1  4175  
3307  82  4  4102  4113  4162  4180  
3312  12  1  4176  
3314  212  7  4113  4124  4152  4161  4169  4176  4197  
3315  362  3  4102  4128  4199  
3316  44  1  4106  
3330  39  1  4180  
3338  144  4  4124  4169  4175  4180  
3395  85  2  4113  4124  
3408  30  2  4169  4190  
3425  9  1  4162  
3441  18  1  4180  
3442  99  2  4102  4180  
3443  232  4  4106  4135  4175  4180  
3444  2  1  4102  
3446  27  1  4106  
3447  46  1  4169  
3449  113  7  4102  4106  4113  4135  4169  4175  4180  
3465  53  3  4106  4113  4124  
3483  35  2  4114  4175  
3490  18  1  4141  
3498  82  2  4106  4169  
3507  5  1  4124  
3513  3  1  4161  
3536  43  7  4135  4162  4164  4175  4176  4180  4190  
3548  42  1  4169  
3549  29  1  4197  
3551  15  2  4113  4197  
3554  7  1  4175  
3583  85  1  4106  
3585  15  1  4199  
3592  89  2  4106  4197  
3596  90  4  4113  4161  4176  4180  
3601  145  8  4110  4111  4114  4142  4151  4166  4191  4195  
3602  14  1  4106  
3610  32  2  4106  4175  
3615  7  1  4180  
3617  57  4  4102  4113  4161  4169  
3622  28  2  4176  4191  
3648  147  3  4102  4124  4169  
3652  104  3  4106  4111  4191  
3653  68  2  4169  4197  
3656  89  13  4106  4110  4114  4129  4135  4151  4157  4162  4164  4166  4180  4190  4191  
3657  257  9  4102  4106  4114  4135  4162  4175  4180  4197  4199  
3658  89  3  4175  4180  4191  
3671  4  1  4106  
3672  27  1  4199  
3674  131  5  4106  4128  4135  4141  4180  
3679  111  2  4113  4161  
3681  29  3  4106  4114  4142  
3682  115  1  4197  
3685  86  1  4176  
3686  77  2  4135  4180  
3704  155  5  4161  4175  4176  4180  4190  
3721  25  1  4106  
3725  41  1  4106  
3736  64  3  4124  4169  4180  
3740  37  1  4162  
3749  84  6  4106  4113  4124  4135  4176  4180  
3750  43  2  4135  4180  
3780  11  1  4180  
3800  65  3  4175  4176  4180  
3801  53  4  4113  4151  4157  4180  
3808  112  7  4106  4124  4135  4141  4175  4176  4191  
3810  42  1  4169  
3811  41  3  4106  4162  4180  
3813  17  2  4129  4175  
3844  24  3  4175  4176  4190  
3848  11  1  4197  
3850  3  1  4175  
3852  23  2  4106  4135  
3855  52  1  4124  
3860  6  1  4114  
3879  278  7  4102  4113  4124  4152  4169  4180  4197  
3881  5  1  4106  
3884  29  2  4170  4180  
3898  12  1  4180  
3903  32  3  4106  4161  4169  
3906  40  1  4124  
3914  55  1  4135  
3919  80  2  4113  4124  
3921  50  3  4124  4169  4170  
3926  6  1  4180  
3928  22  1  4180  
3929  39  1  4106  
3931  2  1  4197  
3933  2  1  4152  
3939  11  1  4175  
3941  5  1  4175  
3971  17  1  4114  
3979  5  2  4135  4180  
3982  12  1  4175  
3983  6  2  4141  4142  
3986  24  3  4175  4176  4180  
3988  3  1  4180  
3990  70  5  4106  4135  4162  4175  4180  
3993  6  1  4135  
3994  202  5  4102  4135  4141  4197  4199  
3995  18  1  4124  
3999  2  1  4175  
4001  36  3  4106  4113  4164  
4008  22  2  4106  4151  
4034  7  1  4113  
4035  153  2  4113  4169  
4036  12  1  4175  
4037  20  2  4113  4151  
4038  31  2  4113  4180  
4040  15  1  4175  
4058  15  1  4175  
4064  14  1  4161  
4067  9  1  4191  
4068  14  4  4106  4110  4111  4114  
4071  19  1  4164  
4072  5  1  4106  
4073  81  3  4106  4169  4180  
4082  45  3  4135  4164  4180  
4083  100  3  4124  4169  4180  
4092  3  1  4175  
4096  33  2  4106  4135  
4097  2  1  4106  
4102  40  1  4106  
4103  2  1  4106  
4104  10  1  4106  
4105  2  1  4106  
4109  5  1  4110  
4113  27  1  4176  
4114  11  1  4175  
4127  1  1  4129  
4128  7  1  4129  
4134  1  1  4135  
4139  4  1  4162  
4140  1  1  4141  
4152  228  5  4102  4114  4142  4169  4180  
4153  12  1  4180  
4156  1  1  4157  
4161  1  1  4162  
4168  8  1  4169  
4169  114  8  4102  4113  4124  4146  4151  4152  4161  4175  
4175  19  1  4176  
4176  46  1  4180  
4177  10  2  4114  4175  
4178  6  1  4180  
4180  24  1  4197  
4181  1  1  4180  
4182  1  1  4180  
4183  13  1  4180  
4184  1  1  4180  
4185  7  2  4146  4180  
4186  2  1  4180  
4187  96  7  4113  4128  4170  4180  4190  4197  4199  
4188  3  1  4180  
4192  20  1  4114  
4193  14  1  4175  
4196  57  4  4113  4161  4169  4175  
4197  23  2  4114  4175  
4198  59  2  4175  4176  
4199  1  1  4175  
4220  121  1  4102  
4225  62  2  4113  4180  
4226  46  1  4169  
4232  15  1  4113  
4240  11  1  4124  
4247  18  1  4170  
4256  34  2  4114  4169  
4264  4  1  4114  
4275  27  1  4102  
4285  62  2  4169  4180  
4288  73  2  4169  4180  
4304  46  4  4113  4152  4197  4199  
4315  101  3  4102  4124  4169  
4319  168  2  4142  4180  
4320  78  2  4113  4124  
4329  2  1  4124  
4331  4  1  4124  
4334  24  1  4124  
4335  2  1  4124  
4337  34  4  4113  4124  4152  4169  
4340  2  1  4124  
4341  3  1  4124  
4342  3  1  4124  
4344  5  1  4114  
4345  2  1  4124  
4355  4  2  4113  4152  
4376  2  1  4114  
4377  1  1  4114  
4378  7  1  4114  
4380  79  2  4124  4169  
4384  169  5  4102  4113  4124  4170  4199  
4393  2  1  4197  
4419  12  1  4124  
4427  214  4  4113  4124  4169  4180  
4430  3  1  4124  
4437  60  3  4102  4128  4169  
4440  361  9  4102  4113  4124  4128  4146  4169  4180  4197  4199  
4445  8  1  4170  
4446  44  3  4102  4113  4169  
4448  23  2  4102  4113  
4453  53  2  4113  4128  
4454  43  2  4169  4170  
4462  4  1  4152  
4470  115  3  4128  4152  4169  
4474  27  1  4113  
4477  10  1  4197  
4478  14  1  4180  
4479  7  1  4113  
4485  139  2  4169  4180  
4486  172  4  4102  4128  4197  4199  
4489  43  1  4169  
4490  26  2  4124  4169  
4495  4  1  4170  
4506  11  2  4113  4169  
4509  52  1  4152  
4514  26  1  4180  
4515  3  1  4169  
4519  1  1  4170  
4520  1  1  4170  
4531  271  7  4102  4113  4146  4151  4169  4180  4197  
4549  14  1  4113  
4552  127  2  4128  4180  
4557  84  2  4161  4197  
4569  69  1  4102  
4571  54  1  4197  
4582  11  1  4161  
4583  51  3  4102  4128  4199  
4585  4  1  4169  
4592  3  1  4161  
4593  4  1  4161  
4594  5  1  4161  
4595  3  1  4161  
4596  24  1  4161  
4601  5  2  4124  4180  
4604  48  2  4124  4128  
4606  41  2  4102  4169  
4609  6  1  4169  
4610  35  2  4169  4180  
4611  139  5  4113  4124  4151  4169  4180  
4614  217  4  4124  4169  4180  4197  
4615  49  1  4102  
4616  41  4  4102  4124  4151  4169  
4619  68  3  4113  4124  4169  
4622  31  1  4102  
4623  211  6  4102  4124  4128  4169  4180  4199  
4624  312  6  4102  4113  4124  4151  4169  4197  
4625  80  4  4113  4124  4169  4180  
4629  10  1  4169  
4635  15  2  4113  4152  
4638  15  2  4113  4169  
4640  13  1  4151  
4669  19  1  4113  
4672  44  1  4197  
4681  8  1  4113  
4684  59  2  4102  4146  
4685  75  3  4113  4124  4180  
4702  21  1  4113  
4713  1  1  4113  
4714  1  1  4113  
4715  61  2  4102  4169  
4723  9  1  4169  
4724  12  1  4124  
4727  24  1  4102  
4747  30  1  4152  
4749  3  1  4169  
4783  19  1  4180  
4790  37  1  4197  
4794  12  1  4146  
4798  4  1  4124  
4814  48  1  4197  
4817  37  1  4169  
4826  26  1  4102  
4828  66  1  4197  
4834  3  1  4197  
4844  19  1  4151  
4853  16  1  4102  
4855  8  2  4124  4169  
4859  9  1  4124  
4860  28  1  4102  
4863  12  2  4124  4169  
4864  1  1  4124  
4865  22  2  4124  4169  
4866  21  1  4124  
4867  1  1  4124  
4868  30  2  4124  4180  
4869  1  1  4124  
4870  12  1  4124  
4871  1  1  4124  
4872  1  1  4124  
4877  3  1  4180  
4892  7  1  4180  
4901  389  4  4128  4152  4180  4199  
4904  2  1  4199  
4908  243  3  4128  4152  4199  
4911  14  1  4169  
4924  11  1  4199  
4926  8  1  4197  
4927  46  1  4169  
4942  1  1  4180  
4943  1  1  4180  
4944  1  1  4180  
4951  105  1  4180  
4957  5  1  4197  
4958  27  1  4197  
4971  28  1  4102  
4977  66  1  4197  
4985  2  1  4169  
4986  28  1  4146  
4992  36  1  4169  
5012  139  1  4169  
5013  5  1  4169  
5014  2  1  4169  
5015  10  1  4169  
5016  1  1  4169  
5017  2  1  4169  
5018  3  1  4169  
5031  8  1  4102  
5050  50  1  4128  
5051  230  5  4102  4128  4180  4197  4199  
5065  44  1  4197  
5108  9  1  4152  
5118  23  1  4102  
5128  1  1  4146  
5129  191  2  4128  4199  
5133  222  1  4180  
5135  385  4  4128  4152  4180  4199  
5137  33  1  4102  
5141  6  1  4197  
5143  29  1  4128  
5145  41  1  4197  
5149  84  4  4128  4180  4197  4199  
5150  75  2  4152  4197  
5151  67  1  4199  
5152  61  1  4199  
5180  8  1  4102  
5181  1  1  4102  
5182  92  2  4102  4128  
5192  27  1  4152  
5241  42  1  4128  
5292  2  1  4197  
5294  81  2  4128  4180  
5380  11  1  4128  
5427  22  2  4152  4197  
5469  4  1  4197  
5495  75  1  4152  
5497  35  1  4128  
5519  88  1  4197  
5521  76  1  4180  
5546  190  1  4197  
5563  108  1  4199  
5574  17  1  4128  
5582  81  1  4128  
5583  35  1  4197  
5613  1  1  4197  
5614  1  1  4197  
5615  1  1  4197  
5616  1  1  4197  
5655  58  1  4199  
5693  7  1  4128  
5740  35  1  4152  
5742  3  1  4128  
5750  1  1  4199  
5751  1  1  4199  
5772  177  1  4128  
5787  9  1  4180  
5789  160  1  4180  
5792  91  1  4180  
5793  104  1  4180  
5794  93  1  4180  
5798  135  1  4152  
5801  50  1  4152  
5874  100  1  4152  
6019  31  1  4152  
6026  191  1  4152  
6032  44  1  4180  
6033  95  1  4152  
6058  68  1  4152  
6093  18  1  4180  
6094  81  1  4152  
6152  142  1  4152  
6155  98  1  4152  
6157  118  1  4152  
6170  1  1  4180  
6171  70  1  4180  
6175  123  1  4152  
6180  93  1  4152  
6201  7  1  4152  
6250  9  1  4152  
6300  101  1  4152  
6305  23  1  4152  
6308  21  1  4152  
6406  7  1  4152  
6515  3  1  4152  
