8  743  4  2907  2919  2983  2985  
11  114  1  2919  
21  309  1  2919  
33  227  3  2919  2983  2999  
50  39  1  2919  
65  275  3  2919  2964  2983  
67  164  1  2964  
82  195  2  2919  2964  
107  89  1  2964  
116  213  7  2903  2907  2919  2977  2979  2983  2985  
121  132  2  2907  2990  
163  123  4  2903  2969  2977  2979  
164  334  1  2964  
171  54  1  2990  
173  79  3  2919  2977  2979  
192  31  1  2919  
202  1  1  2919  
219  23  1  2919  
246  56  1  2919  
288  244  1  2918  
292  230  2  2977  2979  
293  321  3  2964  2979  2990  
301  199  1  2919  
318  31  1  2964  
328  86  4  2903  2907  2919  2969  
431  732  4  2919  2927  2979  2999  
437  17  1  2907  
494  142  1  2985  
504  121  1  2919  
520  5  1  2919  
548  214  1  2919  
577  55  1  2979  
578  150  1  2919  
594  98  1  2981  
606  158  1  2979  
629  47  2  2903  2907  
637  100  1  2999  
638  11  1  2985  
643  81  1  2979  
661  264  4  2903  2979  2980  2983  
676  232  1  2964  
680  93  1  2964  
686  66  1  2964  
700  34  1  2919  
702  773  9  2919  2927  2964  2969  2977  2979  2990  2996  2999  
705  146  2  2977  2979  
719  224  1  2990  
724  317  1  2918  
739  90  1  2919  
746  272  3  2903  2919  2983  
758  165  2  2919  2983  
759  249  4  2962  2977  2979  2983  
771  61  1  2977  
783  99  2  2964  2979  
785  91  1  2918  
807  122  3  2907  2927  2985  
867  5  1  2977  
869  110  2  2979  2981  
871  29  2  2969  2979  
896  11  1  2932  
903  47  1  2903  
909  292  10  2903  2907  2962  2969  2977  2979  2980  2983  2985  2990  
915  45  1  2919  
917  297  4  2919  2964  2979  2999  
920  60  1  2918  
951  39  1  2979  
955  86  1  2979  
968  44  1  2977  
969  46  1  2907  
972  196  1  2919  
977  156  1  2919  
988  74  2  2919  2969  
1008  88  2  2919  2999  
1009  305  3  2964  2979  2990  
1013  15  1  2903  
1022  60  1  2919  
1037  57  2  2903  2964  
1038  399  4  2918  2919  2964  2979  
1040  115  1  2979  
1041  135  2  2919  2990  
1054  472  5  2919  2964  2977  2979  2999  
1064  39  1  2964  
1066  599  11  2903  2918  2919  2964  2977  2979  2980  2983  2985  2990  2991  
1067  158  2  2927  2979  
1096  9  1  2920  
1100  107  5  2964  2969  2977  2979  2990  
1110  218  2  2977  2979  
1111  79  1  2990  
1115  65  1  2990  
1120  77  2  2977  2979  
1140  35  1  2985  
1146  77  1  2901  
1150  51  1  2999  
1174  124  1  2979  
1188  9  1  2919  
1197  290  9  2903  2920  2927  2969  2977  2979  2983  2985  2990  
1208  7  1  2919  
1211  181  3  2963  2979  2990  
1243  30  1  2919  
1247  91  2  2919  2990  
1253  7  1  2964  
1255  40  1  2903  
1256  33  2  2969  2990  
1261  462  7  2964  2969  2977  2983  2985  2990  2999  
1268  52  2  2903  2919  
1271  37  2  2907  2983  
1272  35  1  2964  
1282  199  2  2919  2990  
1303  41  1  2979  
1308  52  1  2969  
1312  183  2  2919  2983  
1353  7  1  2901  
1354  156  1  2979  
1355  72  2  2907  2964  
1357  91  1  2979  
1368  117  1  2990  
1372  157  2  2979  2983  
1376  210  4  2969  2977  2979  2983  
1378  6  1  2964  
1380  48  1  2920  
1381  38  1  2901  
1386  41  1  2979  
1400  99  2  2979  2990  
1401  139  1  2985  
1416  68  1  2985  
1417  81  1  2985  
1421  244  1  2964  
1425  28  1  2979  
1427  587  7  2919  2977  2979  2983  2985  2990  2999  
1428  42  2  2907  2919  
1443  46  2  2903  2919  
1458  87  3  2977  2979  2990  
1460  102  1  2927  
1468  114  2  2919  2979  
1470  29  1  2990  
1481  355  6  2907  2919  2977  2979  2985  2990  
1487  73  1  2979  
1494  80  2  2964  2990  
1495  50  1  2990  
1515  48  1  2964  
1532  66  1  2979  
1533  6  1  2962  
1558  25  1  2919  
1567  70  1  2977  
1570  93  1  2981  
1571  112  3  2964  2979  2985  
1576  34  1  2977  
1597  19  1  2990  
1598  45  1  2979  
1601  42  1  2964  
1602  55  2  2983  2990  
1616  76  1  2918  
1617  68  3  2903  2969  2985  
1618  35  2  2907  2985  
1634  97  1  2927  
1636  67  1  2979  
1639  141  2  2983  2985  
1648  57  1  2985  
1659  44  2  2983  2990  
1674  43  2  2964  2991  
1676  41  1  2985  
1677  105  1  2979  
1680  90  1  2979  
1697  57  1  2983  
1729  9  1  2919  
1730  33  1  2920  
1749  51  1  2979  
1768  20  1  2927  
1772  204  7  2928  2969  2977  2979  2980  2985  2990  
1785  7  1  2919  
1786  13  1  2919  
1812  31  1  2985  
1817  181  3  2903  2907  2985  
1829  56  1  2979  
1835  66  2  2977  2979  
1836  16  1  2979  
1843  39  1  2918  
1845  63  3  2969  2979  2990  
1850  63  2  2903  2977  
1873  22  1  2919  
1898  121  2  2919  2990  
1901  50  3  2919  2979  2985  
1925  55  1  2979  
1933  45  1  2901  
1939  47  1  2919  
1948  113  1  2979  
1949  5  1  2977  
1950  122  3  2920  2969  2983  
1961  14  1  2919  
1962  146  3  2963  2964  2979  
1971  145  2  2985  2990  
1984  26  1  2979  
1996  65  1  2979  
2008  61  2  2919  2964  
2029  31  1  2928  
2044  34  3  2964  2979  2990  
2045  28  1  2979  
2048  143  7  2903  2919  2962  2969  2977  2979  2990  
2050  66  2  2901  2928  
2052  36  1  2964  
2055  75  5  2969  2977  2979  2983  2990  
2056  241  2  2919  2985  
2059  108  2  2964  2985  
2068  25  1  2990  
2073  247  6  2927  2969  2979  2981  2983  2991  
2074  49  1  2979  
2075  95  2  2927  2979  
2089  48  2  2920  2962  
2097  17  1  2983  
2102  120  4  2903  2927  2983  2985  
2109  164  5  2919  2979  2983  2985  2990  
2110  48  2  2962  2979  
2111  67  2  2977  2990  
2134  111  2  2969  2985  
2137  252  6  2903  2907  2919  2927  2983  2985  
2138  215  3  2919  2983  2985  
2142  36  2  2977  2979  
2165  57  1  2983  
2167  2  1  2990  
2173  77  3  2907  2979  2985  
2177  189  1  2964  
2179  124  4  2903  2919  2962  2963  
2183  49  1  2919  
2186  45  2  2919  2927  
2188  71  1  2919  
2190  72  2  2919  2964  
2193  66  1  2999  
2204  62  2  2907  2985  
2216  141  1  2979  
2221  37  1  2977  
2240  50  1  2964  
2256  31  1  2964  
2271  75  1  2977  
2272  103  2  2977  2979  
2273  142  4  2977  2979  2983  2990  
2283  324  7  2903  2919  2964  2969  2983  2985  2999  
2294  38  4  2920  2980  2983  2990  
2304  69  3  2977  2979  2990  
2307  68  2  2979  2990  
2308  8  1  2964  
2313  44  1  2990  
2335  93  1  2985  
2340  105  2  2962  2979  
2342  70  1  2964  
2343  26  1  2901  
2350  82  2  2903  2979  
2351  180  4  2903  2907  2964  2979  
2356  893  11  2903  2919  2927  2962  2964  2969  2977  2979  2983  2985  2990  
2367  146  3  2981  2990  2999  
2376  60  2  2919  2985  
2384  49  1  2983  
2391  64  1  2977  
2404  53  1  2985  
2406  24  1  2920  
2408  108  3  2979  2980  2983  
2430  7  1  2919  
2436  269  7  2907  2927  2962  2977  2979  2983  2985  
2438  113  3  2903  2919  2985  
2439  104  6  2901  2907  2920  2979  2980  2983  
2442  44  3  2903  2907  2985  
2443  307  2  2903  2927  
2445  164  4  2919  2962  2977  2990  
2451  126  2  2918  2990  
2458  103  3  2977  2979  2990  
2466  13  2  2962  2969  
2469  156  6  2918  2920  2962  2969  2977  2990  
2471  618  11  2903  2918  2919  2927  2969  2977  2979  2983  2985  2990  2996  
2472  38  1  2990  
2473  26  3  2979  2980  2983  
2475  19  1  2990  
2479  64  4  2903  2919  2977  2999  
2480  45  3  2919  2979  2985  
2482  74  4  2977  2979  2985  2990  
2483  168  5  2903  2907  2977  2983  2985  
2484  19  1  2990  
2485  80  1  2990  
2486  61  3  2977  2979  2990  
2487  75  4  2962  2969  2977  2990  
2489  18  1  2969  
2490  103  2  2907  2983  
2494  200  6  2903  2907  2919  2983  2985  2990  
2499  21  1  2907  
2504  10  1  2927  
2506  33  1  2990  
2514  16  1  2979  
2517  28  1  2927  
2520  25  2  2901  2990  
2521  79  4  2927  2983  2985  2990  
2546  46  1  2964  
2562  173  5  2903  2907  2979  2985  2990  
2570  8  1  2927  
2574  16  1  2985  
2585  18  1  2977  
2604  124  6  2919  2920  2979  2983  2985  2990  
2617  5  1  2969  
2620  139  3  2927  2983  2985  
2632  282  6  2919  2969  2977  2979  2983  2985  
2633  87  5  2907  2969  2979  2983  2985  
2641  28  1  2999  
2644  3  1  2964  
2657  29  1  2979  
2661  18  1  2990  
2666  57  1  2985  
2668  33  1  2990  
2677  35  1  2990  
2679  19  1  2990  
2685  62  1  2919  
2686  6  1  2979  
2691  123  2  2964  2991  
2696  10  1  2979  
2697  26  1  2920  
2707  47  1  2990  
2712  70  4  2919  2977  2983  2990  
2715  238  4  2903  2919  2983  2990  
2716  55  1  2990  
2720  357  3  2919  2983  2999  
2729  44  1  2964  
2735  55  2  2903  2919  
2736  10  2  2903  2919  
2747  7  1  2919  
2751  28  2  2985  2990  
2756  123  3  2903  2977  2990  
2761  44  1  2999  
2766  52  4  2969  2977  2979  2990  
2770  52  2  2979  2990  
2772  175  7  2903  2907  2919  2927  2983  2985  2990  
2774  189  4  2977  2983  2990  2996  
2777  50  3  2903  2927  2990  
2778  216  5  2903  2907  2919  2927  2964  
2785  14  1  2985  
2790  6  1  2990  
2800  52  5  2907  2969  2977  2979  2983  
2801  44  1  2990  
2802  48  1  2903  
2803  32  3  2903  2919  2990  
2806  42  5  2962  2969  2977  2979  2983  
2831  81  2  2977  2983  
2834  37  3  2969  2977  2979  
2837  37  4  2969  2977  2979  2990  
2860  16  2  2979  2990  
2874  2  1  2928  
2877  88  5  2920  2962  2969  2977  2990  
2891  9  1  2919  
2899  79  3  2907  2919  2985  
2902  13  1  2907  
2903  7  1  2919  
2905  41  1  2985  
2917  10  1  2919  
2918  68  1  2999  
2919  56  1  2983  
2921  1  1  2922  
2926  13  1  2979  
2936  41  1  2962  
2952  13  1  2919  
2956  1  1  2962  
2957  1  1  2962  
2958  1  1  2962  
2959  1  1  2962  
2960  3  1  2962  
2961  1  1  2962  
2966  1  1  2969  
2967  1  1  2969  
2968  6  2  2969  2979  
2970  1  1  2971  
2976  3  1  2977  
2978  37  2  2979  2983  
2983  95  5  2903  2919  2927  2985  2999  
2984  2  1  2990  
2985  8  1  2990  
2986  1  1  2990  
2987  9  1  2990  
2988  1  1  2990  
2989  1  1  2990  
2999  69  1  2964  
3001  79  3  2903  2907  2983  
3017  51  2  2964  2983  
3024  31  1  2903  
3034  13  1  2985  
3036  15  1  2985  
3040  18  1  2964  
3045  18  1  2919  
3062  55  1  2985  
3064  273  5  2903  2907  2919  2983  2985  
3082  12  1  2919  
3084  43  1  2985  
3089  42  1  2903  
3090  180  1  2964  
3098  60  1  2999  
3102  156  3  2903  2907  2985  
3110  122  1  2907  
3112  89  2  2918  2964  
3122  30  1  2903  
3137  88  2  2983  2985  
3144  271  2  2964  2999  
3146  314  1  2999  
3149  131  1  2999  
3150  319  2  2964  2999  
3151  148  2  2907  2985  
3153  241  3  2919  2964  2999  
3154  166  1  2919  
3155  69  1  2918  
3157  22  1  2964  
3158  101  1  2996  
3159  54  1  2919  
3162  3  1  2983  
3166  23  1  2919  
3167  21  1  2903  
3172  53  2  2903  2985  
3174  102  1  2919  
3189  10  1  2983  
3191  114  2  2907  2964  
3206  48  1  2983  
3208  29  1  2983  
3209  71  1  2919  
3212  16  1  2927  
3214  64  2  2927  2985  
3226  81  2  2927  2985  
3240  14  1  2927  
3245  40  1  2985  
3251  147  2  2919  2983  
3252  42  2  2903  2927  
3264  156  1  2964  
3272  2  1  2903  
3273  1  1  2903  
3274  13  2  2903  2919  
3275  4  2  2903  2919  
3276  1  1  2903  
3277  12  1  2903  
3278  52  1  2903  
3289  205  3  2919  2964  2999  
3290  144  5  2907  2919  2927  2983  2985  
3299  64  1  2999  
3304  91  3  2907  2919  2983  
3306  48  1  2985  
3308  63  2  2907  2919  
3314  212  5  2918  2919  2964  2983  2985  
3315  362  3  2918  2964  2999  
3316  44  1  2985  
3317  40  1  2985  
3319  13  1  2985  
3330  39  1  2919  
3332  87  2  2907  2985  
3333  36  4  2907  2919  2927  2985  
3338  144  5  2907  2918  2919  2985  2999  
3353  75  2  2907  2985  
3362  95  1  2964  
3383  15  1  2983  
3387  14  1  2985  
3388  11  1  2985  
3391  93  2  2919  2983  
3395  85  1  2919  
3398  15  1  2927  
3408  30  1  2919  
3425  9  1  2996  
3426  16  1  2919  
3428  22  1  2907  
3432  12  1  2907  
3442  99  1  2985  
3443  232  3  2918  2919  2985  
3446  27  1  2964  
3449  113  1  2999  
3451  23  2  2907  2985  
3459  45  1  2919  
3465  53  2  2907  2983  
3466  94  1  2919  
3467  47  3  2907  2983  2985  
3468  20  1  2985  
3470  1  1  2927  
3489  15  1  2985  
3498  82  3  2919  2964  2999  
3503  5  1  2919  
3548  42  1  2999  
3554  7  1  2918  
3577  26  2  2907  2985  
3578  30  2  2983  2985  
3581  2  1  2985  
3583  85  1  2907  
3588  16  1  2907  
3589  4  1  2985  
3590  1  1  2985  
3591  1  1  2985  
3592  89  1  2985  
3598  7  1  2919  
3599  33  1  2919  
3601  145  2  2907  2996  
3625  15  2  2919  2983  
3636  6  1  2919  
3648  147  1  2999  
3656  89  1  2996  
3679  111  1  2999  
3680  17  1  2919  
3682  115  3  2918  2919  2999  
3704  155  4  2918  2964  2996  2999  
3725  41  1  2919  
3726  9  1  2919  
3734  26  1  2919  
3735  7  1  2919  
3736  64  2  2919  2999  
3740  37  1  2919  
3742  76  1  2918  
3749  84  1  2964  
3780  11  1  2919  
3810  42  2  2964  2999  
3811  41  1  2999  
3852  23  1  2919  
3853  1  1  2919  
3854  5  1  2919  
3855  52  1  2919  
3856  1  1  2919  
3857  1  1  2919  
3858  1  1  2919  
3859  1  1  2919  
3879  278  2  2964  2999  
3990  70  1  2964  
3994  202  1  2964  
4035  153  2  2964  2999  
4039  50  1  2964  
4040  15  1  2964  
4137  7  1  2964  
4152  228  1  2918  
4176  46  1  2964  
4220  121  1  2964  
4275  27  1  2999  
4315  101  1  2999  
4319  168  1  2964  
4380  79  1  2999  
4384  169  2  2964  2999  
4427  214  2  2964  2999  
4440  361  3  2918  2964  2999  
4452  16  1  2999  
4485  139  1  2918  
4486  172  1  2918  
4489  43  1  2964  
4509  52  1  2964  
4531  271  1  2918  
4551  54  1  2964  
4552  127  1  2964  
4582  11  1  2918  
4604  48  1  2964  
4607  29  2  2964  2999  
4611  139  2  2918  2999  
4612  101  1  2918  
4614  217  2  2964  2999  
4615  49  1  2999  
4620  152  1  2964  
4623  211  2  2964  2999  
4624  312  3  2918  2964  2999  
4625  80  1  2999  
4631  32  1  2964  
4648  21  1  2964  
4672  44  1  2918  
4684  59  1  2918  
4685  75  2  2918  2999  
4730  32  1  2918  
4733  16  1  2918  
4764  6  1  2918  
4831  63  1  2964  
4840  44  1  2918  
4860  28  1  2964  
4866  21  1  2964  
4901  389  1  2964  
4908  243  1  2999  
4926  8  1  2964  
4933  13  1  2999  
4986  28  1  2918  
5038  18  1  2918  
5045  49  1  2918  
5051  230  1  2918  
5053  10  1  2964  
5059  7  1  2918  
5067  1  1  2999  
5110  75  1  2964  
5118  23  1  2918  
5129  191  1  2964  
5133  222  1  2964  
5142  21  1  2918  
5147  144  1  2964  
5164  6  1  2918  
5191  50  1  2918  
5246  3  1  2918  
5262  4  1  2918  
5309  10  1  2964  
5439  10  1  2964  
5488  19  1  2964  
5495  75  1  2964  
5542  78  1  2964  
5638  4  1  2964  
5639  70  1  2964  
5674  10  1  2964  
5684  101  1  2964  
5691  12  1  2964  
5772  177  1  2964  
5798  135  1  2964  
5996  4  1  2964  
6026  191  1  2964  
6049  65  1  2964  
6054  57  1  2964  
6058  68  1  2964  
6145  36  1  2964  
6146  21  1  2964  
6147  161  1  2964  
6152  142  1  2964  
6154  40  1  2964  
6155  98  1  2964  
6162  16  1  2964  
6204  18  1  2964  
6215  24  1  2964  
6216  30  1  2964  
6300  101  1  2964  
6335  89  1  2964  
6381  12  1  2964  
6414  24  1  2964  
6493  27  1  2964  
6542  31  1  2964  
6558  7  1  2964  
6566  33  1  2964  
6578  39  1  2964  
6603  10  1  2964  
6613  1  1  2964  
6614  1  1  2964  
6615  6  1  2964  
