8  743  22  1902  1907  1909  1910  1912  1917  1923  1927  1929  1932  1939  1944  1947  1949  1955  1961  1964  1970  1971  1977  1982  1990  
11  114  3  1902  1947  1961  
12  50  2  1902  1970  
17  187  2  1961  1988  
18  76  2  1917  1947  
21  309  5  1902  1947  1949  1964  1970  
30  24  2  1949  1988  
33  227  7  1902  1907  1939  1947  1950  1962  1971  
39  89  2  1955  1982  
41  44  2  1902  1982  
44  146  3  1902  1912  1923  
50  39  1  1944  
53  24  1  1977  
56  94  2  1902  1996  
59  17  3  1923  1924  1927  
63  44  1  1947  
65  275  6  1902  1908  1933  1961  1984  1996  
66  109  3  1927  1937  1944  
67  164  1  1902  
69  69  1  1949  
81  122  3  1955  1982  1984  
82  195  1  1902  
84  29  2  1970  1971  
89  80  1  1955  
103  190  2  1937  1984  
107  89  1  1982  
116  213  5  1902  1933  1950  1962  1971  
121  132  3  1902  1908  1971  
122  80  2  1905  1964  
129  99  2  1902  1977  
136  94  1  1962  
140  58  1  1927  
146  61  1  1977  
153  32  1  1977  
158  93  1  1902  
163  123  2  1902  1962  
164  334  18  1902  1907  1909  1912  1917  1923  1927  1929  1937  1939  1949  1955  1964  1971  1977  1982  1988  1990  
169  63  2  1909  1971  
171  54  1  1944  
182  21  2  1902  1982  
193  12  1  1977  
212  13  1  1902  
218  50  1  1929  
224  41  1  1933  
242  86  1  1902  
251  31  1  1977  
256  14  1  1912  
263  76  1  1907  
272  71  1  1962  
273  35  1  1902  
286  79  1  1977  
288  244  6  1902  1912  1929  1944  1970  1971  
290  142  3  1902  1982  1988  
292  230  11  1902  1912  1929  1937  1947  1950  1951  1955  1970  1977  1996  
293  321  9  1907  1912  1933  1937  1939  1950  1955  1971  1977  
295  54  3  1937  1977  1982  
297  77  3  1933  1950  1962  
301  199  2  1947  1971  
307  25  2  1902  1961  
308  12  1  1984  
323  47  1  1986  
328  86  1  1970  
350  117  2  1971  1988  
380  20  1  1970  
382  19  1  1961  
384  145  9  1902  1909  1929  1937  1950  1955  1964  1977  1990  
389  21  2  1902  1950  
394  9  1  1902  
401  79  1  1984  
408  157  4  1902  1912  1923  1947  
415  8  1  1982  
431  732  13  1907  1923  1937  1947  1950  1955  1964  1970  1971  1977  1982  1984  1988  
493  24  1  1962  
494  142  7  1907  1908  1909  1955  1970  1971  1984  
501  22  1  1947  
507  4  1  1910  
530  34  1  1970  
531  26  1  1933  
548  214  3  1902  1937  1947  
572  31  1  1902  
578  150  3  1907  1909  1912  
579  66  2  1902  1909  
594  98  2  1947  1955  
606  158  4  1902  1933  1962  1996  
610  19  1  1962  
629  47  3  1955  1982  1986  
631  24  1  1947  
635  118  3  1902  1971  1977  
637  100  1  1946  
638  11  1  1902  
643  81  5  1902  1933  1937  1947  1949  
645  95  2  1982  1988  
647  51  2  1902  1950  
649  105  3  1947  1950  1996  
661  264  8  1902  1929  1932  1933  1947  1950  1971  1982  
666  32  1  1902  
680  93  2  1927  1929  
697  8  1  1977  
698  50  1  1902  
699  68  2  1927  1929  
700  34  4  1907  1947  1950  1996  
702  773  13  1902  1907  1910  1933  1944  1946  1947  1950  1961  1962  1970  1971  1996  
705  146  1  1955  
716  8  1  1977  
719  224  11  1902  1910  1923  1927  1929  1937  1950  1962  1970  1971  1996  
723  113  1  1902  
724  317  3  1923  1933  1937  
729  60  2  1947  1982  
739  90  2  1902  1937  
746  272  9  1902  1907  1909  1910  1912  1955  1961  1970  1996  
753  16  1  1950  
758  165  3  1902  1933  1971  
759  249  9  1902  1910  1932  1937  1946  1950  1955  1982  1996  
762  3  1  1982  
763  12  3  1917  1923  1927  
767  4  1  1907  
771  61  1  1933  
781  39  1  1902  
783  99  9  1908  1923  1927  1932  1942  1947  1951  1962  1971  
791  5  1  1984  
793  97  1  1902  
800  29  1  1909  
807  122  2  1908  1970  
825  24  1  1950  
829  119  2  1971  1982  
845  10  2  1905  1977  
847  149  3  1902  1937  1982  
852  21  2  1902  1977  
859  22  1  1912  
861  46  2  1907  1944  
864  80  3  1933  1937  1950  
866  30  2  1907  1961  
869  110  6  1902  1910  1915  1944  1955  1964  
870  27  1  1902  
871  29  1  1964  
872  8  1  1988  
875  34  1  1986  
877  42  1  1937  
882  16  3  1905  1909  1955  
895  36  1  1970  
896  11  1  1907  
899  65  4  1947  1950  1977  1996  
903  47  1  1977  
907  77  3  1902  1947  1986  
909  292  9  1902  1929  1944  1946  1947  1950  1961  1962  1971  
914  238  15  1902  1905  1907  1909  1929  1933  1937  1947  1949  1950  1955  1961  1964  1982  1990  
915  45  1  1944  
917  297  11  1902  1907  1923  1927  1933  1946  1950  1955  1962  1971  1996  
920  60  1  1950  
926  138  5  1902  1909  1917  1929  1955  
951  39  1  1955  
955  86  4  1902  1964  1984  1988  
957  6  1  1982  
960  41  2  1909  1939  
962  9  1  1944  
968  44  1  1932  
969  46  2  1939  1962  
972  196  4  1937  1970  1977  1982  
977  156  8  1907  1917  1947  1950  1955  1961  1970  1996  
978  29  1  1971  
987  95  1  1984  
988  74  1  1964  
998  8  1  1929  
1008  88  3  1902  1933  1996  
1009  305  13  1902  1907  1908  1912  1927  1933  1937  1939  1944  1947  1950  1955  1996  
1013  15  1  1970  
1022  60  4  1902  1909  1917  1937  
1029  20  4  1947  1955  1977  1990  
1030  37  2  1902  1977  
1032  62  3  1910  1962  1971  
1034  62  3  1977  1982  1984  
1037  57  1  1932  
1038  399  6  1902  1956  1961  1970  1971  1977  
1040  115  5  1909  1910  1933  1955  1962  
1041  135  6  1907  1909  1932  1942  1955  1988  
1046  48  1  1947  
1054  472  22  1902  1907  1909  1917  1923  1927  1929  1937  1944  1946  1947  1949  1950  1955  1962  1964  1971  1977  1982  1984  1988  1996  
1064  39  3  1910  1944  1982  
1065  13  1  1902  
1066  599  17  1902  1910  1933  1939  1944  1947  1949  1950  1955  1956  1961  1962  1971  1982  1986  1988  1996  
1067  158  5  1905  1937  1944  1955  1982  
1069  29  2  1923  1947  
1084  79  5  1902  1950  1971  1977  1982  
1093  31  1  1984  
1100  107  6  1902  1933  1946  1950  1962  1996  
1101  35  1  1902  
1102  66  1  1902  
1103  22  1  1990  
1110  218  16  1902  1909  1910  1912  1917  1923  1927  1929  1939  1947  1950  1955  1962  1982  1988  1990  
1111  79  7  1902  1932  1937  1955  1977  1982  1996  
1115  65  2  1902  1947  
1120  77  3  1929  1990  1996  
1129  33  2  1902  1947  
1132  14  1  1902  
1135  103  4  1902  1929  1950  1977  
1140  35  1  1902  
1142  5  1  1955  
1146  77  1  1971  
1147  21  2  1902  1977  
1150  51  1  1907  
1162  61  3  1917  1929  1962  
1178  20  1  1912  
1179  31  2  1902  1912  
1180  65  2  1912  1971  
1183  34  2  1933  1937  
1189  76  3  1905  1908  1971  
1197  290  7  1933  1944  1946  1950  1962  1970  1996  
1211  181  11  1902  1909  1927  1929  1937  1947  1949  1955  1971  1977  1984  
1223  6  1  1984  
1227  62  3  1910  1988  1990  
1228  8  1  1923  
1240  117  3  1947  1977  1982  
1242  121  8  1902  1909  1937  1949  1964  1977  1982  1988  
1243  30  1  1907  
1245  3  1  1902  
1247  91  1  1933  
1255  40  1  1970  
1261  462  17  1902  1907  1927  1933  1937  1939  1946  1947  1950  1951  1962  1964  1971  1977  1982  1990  1996  
1265  14  2  1907  1912  
1267  63  5  1902  1909  1947  1949  1977  
1268  52  3  1902  1964  1988  
1273  61  2  1907  1917  
1277  32  2  1977  1996  
1282  199  16  1902  1907  1908  1910  1917  1929  1937  1939  1944  1947  1950  1964  1971  1977  1990  1996  
1290  3  1  1912  
1301  13  1  1939  
1303  41  2  1944  1982  
1304  12  2  1977  1988  
1308  52  1  1909  
1312  183  13  1902  1909  1917  1923  1927  1937  1944  1949  1951  1964  1977  1988  1990  
1325  41  4  1909  1929  1932  1937  
1346  48  3  1902  1955  1988  
1350  24  1  1909  
1354  156  2  1962  1970  
1355  72  2  1908  1984  
1357  91  3  1929  1933  1996  
1361  44  1  1955  
1363  26  1  1902  
1368  117  2  1905  1909  
1370  64  1  1902  
1372  157  4  1902  1909  1937  1955  
1376  210  9  1902  1907  1909  1944  1946  1947  1950  1951  1971  
1377  28  3  1971  1977  1982  
1380  48  2  1961  1996  
1386  41  2  1962  1984  
1400  99  5  1902  1947  1950  1955  1996  
1401  139  2  1902  1971  
1416  68  3  1902  1971  1996  
1417  81  2  1902  1950  
1421  244  2  1907  1956  
1425  28  2  1902  1947  
1427  587  23  1902  1907  1908  1909  1910  1917  1923  1929  1933  1944  1946  1947  1950  1955  1961  1962  1970  1971  1977  1982  1988  1990  1996  
1428  42  1  1956  
1430  81  8  1902  1909  1937  1944  1946  1961  1977  1982  
1433  79  2  1902  1947  
1441  27  1  1977  
1443  46  4  1907  1909  1912  1947  
1447  24  2  1902  1907  
1458  87  3  1909  1947  1996  
1460  102  7  1902  1910  1912  1923  1944  1947  1971  
1466  30  5  1909  1939  1982  1988  1996  
1468  114  4  1902  1929  1962  1996  
1470  29  2  1947  1950  
1481  355  26  1902  1907  1908  1909  1910  1912  1915  1923  1929  1932  1939  1946  1947  1949  1950  1951  1955  1962  1964  1971  1982  1984  1986  1988  1990  1996  
1487  73  1  1907  
1488  162  20  1902  1905  1909  1912  1915  1927  1929  1932  1937  1939  1942  1944  1949  1951  1964  1977  1986  1988  1990  1996  
1494  80  4  1907  1950  1955  1996  
1500  12  1  1955  
1511  36  4  1907  1912  1923  1927  
1515  48  3  1923  1929  1988  
1518  19  1  1970  
1532  66  4  1902  1905  1933  1977  
1539  5  1  1923  
1541  18  4  1947  1950  1971  1988  
1554  9  1  1933  
1557  6  1  1977  
1561  50  1  1947  
1563  6  1  1909  
1567  70  2  1908  1932  
1570  93  8  1902  1907  1909  1910  1947  1950  1955  1977  
1571  112  1  1950  
1574  47  3  1907  1933  1950  
1575  4  1  1944  
1576  34  2  1910  1946  
1583  5  1  1964  
1586  96  3  1902  1955  1982  
1591  14  1  1912  
1598  45  2  1908  1939  
1602  55  2  1902  1955  
1606  3  1  1917  
1609  9  1  1996  
1617  68  2  1908  1971  
1621  23  2  1902  1947  
1623  89  3  1907  1909  1971  
1624  16  2  1937  1977  
1629  47  1  1984  
1634  97  3  1902  1929  1944  
1636  67  3  1933  1947  1950  
1639  141  16  1902  1905  1907  1915  1927  1932  1937  1942  1947  1950  1951  1955  1977  1982  1990  1996  
1646  6  1  1944  
1648  57  3  1902  1907  1950  
1653  11  1  1970  
1656  31  3  1909  1927  1982  
1658  26  2  1907  1962  
1660  38  1  1984  
1666  19  3  1907  1939  1990  
1671  129  8  1902  1937  1947  1950  1951  1971  1982  1996  
1674  43  2  1944  1984  
1676  41  2  1970  1971  
1677  105  1  1961  
1678  10  1  1902  
1680  90  4  1933  1947  1950  1955  
1682  11  1  1909  
1683  49  1  1955  
1692  6  1  1942  
1694  73  2  1902  1984  
1696  28  5  1909  1910  1923  1949  1990  
1697  57  14  1902  1907  1909  1912  1927  1929  1932  1937  1939  1942  1955  1977  1982  1990  
1705  47  1  1902  
1706  16  1  1933  
1723  22  4  1907  1917  1923  1955  
1730  33  2  1933  1996  
1732  13  1  1950  
1738  44  3  1933  1944  1962  
1739  4  1  1923  
1741  36  5  1933  1955  1971  1982  1986  
1744  36  1  1933  
1749  51  3  1902  1939  1970  
1751  6  1  1902  
1768  20  2  1902  1947  
1769  112  11  1902  1905  1907  1909  1917  1923  1949  1950  1964  1971  1982  
1772  204  5  1946  1947  1962  1971  1996  
1775  22  1  1988  
1778  7  1  1902  
1796  14  3  1905  1944  1982  
1798  29  2  1947  1955  
1807  31  5  1927  1937  1977  1982  1988  
1810  9  2  1912  1964  
1811  18  1  1912  
1817  181  1  1944  
1821  34  2  1910  1971  
1824  47  4  1909  1955  1971  1996  
1829  56  3  1947  1955  1982  
1830  17  1  1971  
1834  36  1  1902  
1835  66  4  1929  1933  1950  1996  
1836  16  3  1947  1950  1955  
1841  88  16  1902  1907  1909  1912  1917  1927  1929  1937  1939  1947  1949  1955  1977  1982  1988  1990  
1843  39  1  1907  
1850  63  4  1915  1923  1962  1996  
1851  27  2  1927  1932  
1853  3  1  1962  
1855  10  2  1927  1962  
1869  2  1  1962  
1888  14  1  1947  
1890  3  1  1902  
1898  121  19  1902  1907  1909  1912  1917  1923  1927  1929  1939  1944  1949  1951  1955  1964  1971  1977  1982  1988  1990  
1899  21  3  1912  1932  1947  
1900  2  1  1902  
1901  50  1  1902  
1904  4  1  1905  
1905  17  1  1910  
1906  1  1  1909  
1907  7  3  1902  1909  1971  
1908  121  10  1909  1923  1929  1933  1937  1947  1955  1964  1977  1982  
1916  10  4  1917  1923  1924  1927  
1917  28  5  1910  1923  1927  1947  1955  
1918  1  1  1927  
1919  1  1  1927  
1920  6  4  1917  1923  1927  1942  
1921  1  1  1927  
1922  1  1  1927  
1923  8  1  1927  
1924  7  3  1917  1923  1927  
1925  55  6  1927  1947  1949  1964  1982  1996  
1930  22  4  1917  1923  1924  1932  
1931  1  1  1932  
1933  45  1  1937  
1934  2  1  1937  
1935  2  1  1937  
1936  11  3  1937  1982  1996  
1938  4  1  1939  
1939  47  1  1902  
1946  20  2  1944  1947  
1947  23  2  1902  1949  
1948  113  4  1907  1944  1949  1955  
1950  122  6  1907  1947  1951  1955  1971  1988  
1952  3  1  1971  
1956  44  1  1970  
1960  129  5  1910  1933  1947  1950  1996  
1961  14  1  1970  
1962  146  4  1947  1950  1971  1996  
1963  1  1  1964  
1966  3  1  1977  
1967  2  1  1977  
1968  2  1  1977  
1969  1  1  1977  
1970  23  1  1977  
1971  145  4  1902  1950  1970  1977  
1972  1  1  1977  
1973  1  1  1977  
1974  1  1  1977  
1975  2  1  1977  
1976  1  1  1977  
1978  4  2  1917  1988  
1980  1  1  1982  
1981  41  3  1907  1982  1988  
1983  18  4  1907  1923  1955  1971  
1984  26  1  1902  
1989  1  1  1990  
1990  3  1  1996  
1991  32  3  1947  1950  1996  
1994  29  1  1986  
1996  65  4  1902  1933  1950  1984  
1997  1  1  1986  
2006  3  1  1917  
2008  61  1  1996  
2016  3  1  1971  
2018  3  1  1917  
2019  4  1  1917  
2020  3  2  1917  1923  
2021  1  1  1917  
2029  31  1  1950  
2030  17  1  1902  
2043  3  2  1933  1955  
2044  34  5  1907  1947  1955  1962  1971  
2045  28  1  1955  
2046  4  2  1907  1955  
2048  143  4  1946  1947  1956  1962  
2049  49  3  1947  1950  1962  
2050  66  1  1947  
2052  36  1  1947  
2053  14  1  1946  
2055  75  4  1907  1946  1962  1971  
2056  241  5  1923  1944  1961  1970  1971  
2057  1  1  1923  
2059  108  7  1902  1907  1933  1947  1950  1984  1996  
2060  14  1  1947  
2066  38  2  1907  1971  
2067  3  1  1907  
2068  25  1  1907  
2073  247  9  1902  1908  1910  1933  1947  1950  1961  1971  1996  
2074  49  4  1950  1962  1970  1971  
2075  95  2  1902  1971  
2087  31  2  1947  1950  
2089  48  3  1947  1962  1971  
2097  17  1  1962  
2102  120  2  1944  1970  
2109  164  7  1902  1908  1947  1961  1970  1971  1996  
2110  48  1  1956  
2111  67  1  1950  
2134  111  3  1902  1944  1996  
2137  252  6  1902  1944  1956  1961  1970  1971  
2138  215  7  1902  1910  1947  1950  1961  1984  1996  
2142  36  1  1946  
2165  57  2  1944  1961  
2173  77  2  1902  1996  
2177  189  1  1984  
2179  124  2  1947  1996  
2181  2  1  1962  
2183  49  2  1902  1950  
2184  26  1  1902  
2186  45  2  1944  1961  
2188  71  2  1902  1947  
2204  62  1  1970  
2216  141  5  1902  1944  1950  1956  1970  
2221  37  1  1950  
2236  35  2  1947  1996  
2271  75  5  1910  1933  1946  1950  1996  
2272  103  6  1933  1946  1947  1950  1962  1996  
2273  142  7  1902  1946  1947  1950  1962  1971  1996  
2277  6  1  1950  
2283  324  7  1902  1944  1946  1950  1962  1971  1996  
2285  21  4  1933  1950  1970  1971  
2294  38  3  1947  1950  1996  
2299  30  1  1996  
2301  100  2  1902  1970  
2303  46  2  1902  1971  
2304  69  5  1933  1946  1947  1950  1962  
2307  68  5  1933  1947  1950  1961  1996  
2314  5  2  1947  1950  
2329  47  3  1902  1971  1984  
2334  37  1  1970  
2335  93  5  1902  1933  1950  1971  1996  
2339  34  4  1902  1933  1971  1996  
2341  12  2  1947  1970  
2343  26  2  1946  1996  
2346  12  2  1933  1950  
2348  77  3  1933  1950  1996  
2350  82  2  1902  1950  
2351  180  4  1902  1944  1956  1970  
2355  50  2  1902  1961  
2356  893  12  1902  1933  1944  1946  1950  1960  1961  1962  1970  1971  1984  1996  
2357  32  2  1902  1933  
2367  146  4  1933  1970  1984  1996  
2369  12  1  1947  
2376  60  3  1902  1950  1984  
2381  13  1  1947  
2382  32  2  1933  1947  
2383  45  4  1902  1947  1950  1996  
2384  49  3  1947  1961  1996  
2385  13  1  1947  
2386  2  1  1947  
2387  7  1  1947  
2388  9  1  1947  
2391  64  3  1950  1970  1996  
2394  14  1  1996  
2399  25  1  1944  
2403  22  1  1933  
2404  53  3  1902  1950  1996  
2406  24  1  1950  
2407  8  1  1984  
2431  39  1  1950  
2432  18  1  1996  
2436  269  4  1902  1970  1971  1996  
2438  113  2  1902  1970  
2439  104  2  1946  1970  
2443  307  3  1944  1956  1970  
2444  12  1  1902  
2445  164  6  1902  1944  1946  1962  1970  1971  
2448  2  1  1910  
2456  13  1  1910  
2458  103  2  1944  1946  
2464  6  1  1910  
2469  156  2  1946  1962  
2471  618  7  1902  1944  1946  1961  1962  1970  1971  
2473  26  1  1946  
2474  44  1  1961  
2475  19  1  1962  
2476  149  2  1902  1961  
2479  64  2  1962  1970  
2480  45  3  1902  1961  1970  
2481  15  1  1970  
2482  74  1  1946  
2483  168  2  1944  1961  
2484  19  1  1996  
2485  80  1  1962  
2486  61  2  1946  1962  
2487  75  1  1962  
2490  103  1  1902  
2493  13  1  1970  
2494  200  3  1902  1961  1970  
2499  21  1  1961  
2514  16  1  1962  
2517  28  2  1933  1950  
2520  25  2  1902  1933  
2521  79  1  1971  
2529  5  1  1933  
2532  23  2  1902  1971  
2537  29  1  1970  
2540  40  2  1950  1996  
2546  46  1  1944  
2547  35  2  1950  1996  
2560  4  1  1933  
2562  173  7  1944  1946  1950  1962  1970  1984  1996  
2564  18  2  1950  1996  
2579  19  1  1902  
2582  11  1  1933  
2587  43  2  1944  1996  
2594  6  1  1950  
2598  5  1  1908  
2602  14  1  1996  
2604  124  3  1902  1962  1970  
2620  139  2  1970  1971  
2632  282  5  1902  1946  1961  1962  1971  
2633  87  2  1944  1962  
2655  2  1  1996  
2656  1  1  1996  
2657  29  3  1902  1961  1996  
2658  4  1  1996  
2666  57  1  1962  
2668  33  2  1908  1962  
2669  11  1  1902  
2685  62  1  1971  
2691  123  2  1944  1962  
2700  19  1  1971  
2707  47  2  1902  1961  
2712  70  2  1902  1961  
2715  238  6  1902  1944  1956  1961  1970  1971  
2716  55  1  1962  
2720  357  3  1961  1970  1971  
2729  44  1  1971  
2738  7  1  1902  
2746  43  2  1944  1970  
2751  28  1  1902  
2755  51  1  1971  
2756  123  2  1962  1984  
2766  52  2  1946  1962  
2770  52  2  1902  1962  
2772  175  4  1902  1961  1962  1971  
2774  189  1  1971  
2778  216  3  1902  1961  1962  
2779  45  1  1962  
2780  38  1  1971  
2800  52  1  1944  
2801  44  2  1944  1970  
2806  42  2  1946  1962  
2812  25  1  1962  
2813  34  1  1902  
2820  20  2  1902  1962  
2823  62  2  1944  1984  
2827  37  1  1902  
2831  81  1  1962  
2834  37  2  1946  1962  
2837  37  2  1946  1962  
2839  2  1  1908  
2878  18  1  1971  
2880  6  1  1902  
2883  10  1  1902  
2899  79  1  1956  
2916  10  1  1902  
2919  56  1  1908  
2926  13  1  1962  
2927  8  1  1944  
2978  37  1  1961  
2981  19  1  1902  
2982  1  1  1946  
2983  95  1  1971  
3001  79  2  1908  1961  
3017  51  1  1944  
3021  15  1  1944  
3036  15  1  1961  
3051  3  1  1944  
3058  35  1  1971  
3062  55  2  1970  1971  
3064  273  5  1902  1944  1961  1970  1971  
3087  41  1  1984  
3095  12  1  1902  
3100  33  1  1902  
3102  156  3  1902  1956  1970  
3112  89  1  1944  
3122  30  1  1961  
3137  88  1  1970  
3146  314  2  1970  1971  
3147  27  1  1970  
3148  98  3  1902  1956  1970  
3150  319  2  1970  1971  
3151  148  3  1956  1961  1970  
3152  68  2  1970  1971  
3153  241  2  1970  1971  
3154  166  5  1902  1944  1956  1970  1984  
3155  69  1  1944  
3158  101  2  1902  1970  
3159  54  1  1970  
3174  102  2  1902  1961  
3178  20  1  1970  
3181  16  1  1902  
3189  10  1  1970  
3206  48  2  1961  1971  
3208  29  1  1902  
3209  71  1  1961  
3212  16  1  1944  
3214  64  1  1944  
3226  81  3  1902  1944  1971  
3240  14  1  1944  
3245  40  1  1902  
3251  147  2  1902  1961  
3252  42  1  1944  
3264  156  1  1984  
3274  13  1  1902  
3284  24  1  1971  
3289  205  2  1902  1971  
3290  144  3  1902  1970  1971  
3303  32  1  1902  
3304  91  2  1902  1971  
3306  48  2  1902  1944  
3308  63  2  1902  1956  
3314  212  5  1902  1961  1970  1971  1984  
3315  362  1  1984  
3316  44  1  1970  
3317  40  1  1902  
3331  38  1  1902  
3332  87  1  1902  
3333  36  2  1902  1961  
3338  144  2  1961  1970  
3339  6  1  1902  
3349  17  1  1944  
3353  75  2  1902  1944  
3383  15  1  1902  
3388  11  1  1902  
3391  93  2  1902  1961  
3395  85  1  1902  
3396  11  1  1902  
3426  16  1  1902  
3442  99  1  1902  
3443  232  3  1956  1961  1971  
3447  46  1  1956  
3449  113  2  1970  1971  
3451  23  1  1902  
3457  5  1  1902  
3459  45  1  1961  
3465  53  1  1971  
3466  94  1  1961  
3468  20  1  1944  
3471  10  1  1961  
3482  1  1  1944  
3483  35  1  1944  
3484  1  1  1944  
3485  1  1  1944  
3498  82  2  1902  1961  
3510  15  1  1902  
3536  43  2  1970  1971  
3546  17  1  1961  
3577  26  1  1961  
3583  85  3  1902  1971  1984  
3592  89  2  1961  1970  
3599  33  1  1961  
3601  145  1  1970  
3602  14  2  1902  1970  
3610  32  1  1902  
3622  28  1  1971  
3625  15  1  1961  
3631  21  1  1902  
3642  6  1  1956  
3646  4  1  1908  
3648  147  2  1902  1961  
3652  104  2  1970  1971  
3654  21  1  1902  
3656  89  1  1971  
3657  257  2  1970  1971  
3672  27  1  1970  
3674  131  3  1956  1961  1970  
3677  6  1  1902  
3682  115  2  1961  1970  
3683  33  2  1902  1956  
3685  86  4  1902  1961  1970  1984  
3686  77  1  1971  
3704  155  1  1984  
3715  12  1  1984  
3721  25  2  1902  1961  
3722  50  4  1902  1908  1956  1961  
3725  41  3  1902  1961  1970  
3726  9  1  1902  
3734  26  1  1961  
3742  76  3  1902  1971  1984  
3749  84  2  1970  1971  
3750  43  1  1971  
3753  5  1  1902  
3755  16  1  1961  
3780  11  1  1902  
3781  2  1  1902  
3782  20  3  1902  1961  1970  
3783  7  1  1902  
3784  2  1  1902  
3785  1  1  1902  
3788  8  1  1970  
3790  2  1  1961  
3801  53  1  1971  
3803  9  1  1956  
3808  112  2  1970  1971  
3811  41  1  1971  
3816  4  1  1961  
3835  2  1  1970  
3839  9  1  1961  
3879  278  1  1984  
3939  11  1  1971  
3984  4  1  1970  
3993  6  1  1970  
4001  36  2  1970  1971  
4012  4  1  1970  
4037  20  1  1971  
4039  50  1  1971  
4082  45  2  1970  1971  
4096  33  1  1971  
4113  27  1  1971  
4118  1  1  1970  
4119  3  1  1970  
4120  1  1  1970  
4121  1  1  1970  
4122  71  1  1984  
4163  11  1  1971  
4178  6  1  1971  
4179  9  1  1971  
4406  3  1  1984  
4440  361  1  1984  
4486  172  1  1984  
4567  9  1  1984  
4569  69  1  1984  
4614  217  1  1984  
4620  152  1  1984  
4623  211  1  1984  
4624  312  1  1984  
4680  33  1  1984  
4901  389  1  1984  
4908  243  1  1984  
4951  105  1  1984  
4977  66  1  1984  
5012  139  1  1984  
5051  230  1  1984  
5129  191  1  1984  
5147  144  1  1984  
5149  84  1  1984  
5150  75  1  1984  
5154  22  1  1984  
5155  98  1  1984  
5317  17  1  1984  
5382  26  1  1984  
5497  35  1  1984  
5521  76  1  1984  
5542  78  1  1984  
5546  190  1  1984  
5639  70  1  1984  
5653  28  1  1984  
5673  28  1  1984  
5678  22  1  1984  
5684  101  1  1984  
5689  8  1  1984  
5699  54  1  1984  
5710  29  1  1984  
5714  11  1  1984  
5755  10  1  1984  
5783  18  1  1984  
5789  160  1  1984  
5876  4  1  1984  
5897  2  1  1984  
5904  4  1  1984  
5930  8  1  1984  
5939  1  1  1984  
5940  1  1  1984  
5941  2  1  1984  
