8  743  6  4016  4036  4057  4065  4068  4082  
12  50  1  4093  
21  309  3  4016  4036  4057  
24  102  1  4001  
33  227  1  4035  
65  275  3  4006  4036  4073  
82  195  3  4006  4036  4057  
97  68  1  4073  
103  190  2  4035  4073  
116  213  4  4006  4016  4067  4068  
121  132  1  4006  
129  99  2  4067  4073  
142  28  1  4073  
146  61  1  4068  
158  93  1  4016  
169  63  1  4035  
273  35  1  4019  
284  13  1  4090  
292  230  2  4024  4034  
293  321  1  4071  
301  199  2  4064  4084  
317  46  1  4084  
401  79  1  4067  
408  157  1  4084  
420  4  1  4082  
431  732  11  4001  4034  4035  4039  4054  4057  4064  4067  4071  4073  4082  
494  142  3  4006  4016  4073  
530  34  2  4073  4094  
548  214  1  4057  
577  55  1  4071  
606  158  2  4032  4036  
610  19  1  4016  
635  118  1  4032  
702  773  19  4001  4006  4016  4024  4032  4034  4036  4039  4050  4057  4064  4065  4066  4067  4068  4071  4082  4084  4090  
723  113  1  4006  
724  317  5  4001  4034  4064  4067  4084  
749  29  1  4016  
758  165  3  4016  4067  4084  
774  45  1  4006  
781  39  1  4006  
807  122  6  4001  4016  4036  4065  4068  4083  
917  297  3  4001  4057  4067  
920  60  1  4064  
926  138  1  4057  
943  41  1  4057  
955  86  1  4057  
959  49  2  4006  4021  
969  46  1  4006  
972  196  2  4067  4073  
977  156  1  4068  
987  95  1  4054  
988  74  1  4001  
1008  88  1  4067  
1009  305  1  4035  
1038  399  17  4001  4016  4019  4021  4034  4036  4050  4057  4064  4065  4066  4068  4071  4084  4090  4091  4094  
1054  472  5  4057  4067  4068  4071  4084  
1066  599  8  4016  4032  4035  4057  4064  4067  4073  4082  
1079  10  1  4016  
1093  31  1  4016  
1100  107  1  4071  
1104  61  1  4066  
1127  11  1  4016  
1135  103  1  4016  
1140  35  1  4073  
1146  77  1  4071  
1150  51  1  4057  
1179  31  1  4016  
1180  65  1  4066  
1197  290  1  4066  
1211  181  1  4065  
1227  62  1  4073  
1261  462  4  4001  4067  4071  4073  
1262  4  1  4032  
1347  26  1  4006  
1355  72  1  4073  
1376  210  1  4016  
1401  139  3  4006  4016  4057  
1416  68  3  4065  4073  4084  
1421  244  6  4001  4035  4036  4064  4071  4082  
1427  587  7  4001  4016  4021  4064  4065  4067  4073  
1468  114  1  4032  
1481  355  2  4067  4068  
1485  68  1  4054  
1532  66  2  4006  4034  
1538  55  2  4073  4082  
1557  6  1  4065  
1567  70  1  4067  
1570  93  1  4006  
1571  112  3  4035  4064  4084  
1586  96  1  4006  
1616  76  3  4016  4032  4050  
1634  97  1  4006  
1660  38  2  4035  4073  
1671  129  1  4006  
1674  43  1  4073  
1676  41  2  4068  4085  
1694  73  1  4021  
1749  51  2  4073  4082  
1817  181  1  4001  
1826  29  1  4073  
1829  56  1  4036  
1843  39  1  4001  
1845  63  1  4068  
1873  22  1  4057  
1884  1  1  4016  
1939  47  3  4016  4057  4073  
1948  113  2  4001  4016  
1950  122  2  4019  4073  
1956  44  5  4016  4057  4065  4068  4082  
1962  146  5  4001  4016  4067  4071  4073  
1971  145  1  4036  
2056  241  7  4001  4006  4016  4036  4057  4065  4084  
2059  108  3  4024  4065  4073  
2075  95  1  4057  
2080  58  2  4057  4067  
2109  164  3  4006  4057  4065  
2111  67  1  4001  
2134  111  2  4057  4068  
2137  252  3  4021  4032  4050  
2138  215  1  4035  
2165  57  1  4065  
2173  77  4  4057  4065  4067  4073  
2177  189  5  4001  4054  4067  4073  4082  
2183  49  2  4050  4065  
2186  45  3  4032  4085  4090  
2188  71  2  4006  4082  
2190  72  1  4073  
2193  66  1  4001  
2204  62  1  4065  
2216  141  3  4050  4068  4082  
2256  31  1  4068  
2272  103  2  4065  4068  
2273  142  1  4057  
2279  7  1  4073  
2280  8  1  4073  
2283  324  3  4036  4057  4073  
2301  100  1  4036  
2303  46  1  4057  
2329  47  1  4032  
2335  93  2  4016  4057  
2340  105  1  4006  
2342  70  3  4034  4068  4073  
2348  77  1  4084  
2350  82  2  4006  4016  
2351  180  1  4054  
2356  893  19  4001  4006  4016  4021  4034  4036  4039  4050  4054  4057  4065  4067  4068  4073  4082  4084  4090  4091  4094  
2367  146  1  4073  
2376  60  2  4001  4065  
2385  13  1  4073  
2391  64  1  4035  
2395  7  1  4034  
2408  108  2  4064  4066  
2436  269  8  4001  4006  4016  4036  4067  4073  4082  4084  
2438  113  1  4057  
2442  44  1  4050  
2443  307  8  4006  4016  4024  4032  4034  4057  4066  4068  
2445  164  4  4016  4036  4057  4065  
2451  126  1  4035  
2461  40  1  4073  
2464  6  1  4067  
2469  156  1  4035  
2471  618  22  4001  4006  4016  4021  4032  4034  4036  4039  4050  4057  4064  4065  4066  4067  4068  4071  4073  4082  4084  4085  4090  4091  
2474  44  2  4057  4064  
2476  149  2  4001  4082  
2482  74  1  4019  
2485  80  1  4082  
2490  103  2  4016  4071  
2494  200  4  4006  4016  4036  4057  
2506  33  1  4084  
2514  16  1  4057  
2520  25  1  4065  
2521  79  2  4032  4036  
2550  22  1  4057  
2562  173  4  4001  4019  4073  4091  
2579  19  1  4050  
2585  18  1  4073  
2595  39  1  4068  
2596  50  5  4016  4021  4032  4036  4066  
2604  124  2  4006  4036  
2620  139  8  4016  4021  4050  4057  4065  4068  4085  4090  
2628  3  1  4073  
2632  282  8  4019  4021  4034  4057  4066  4071  4082  4084  
2641  28  1  4001  
2666  57  2  4065  4071  
2668  33  1  4016  
2677  35  1  4082  
2685  62  1  4016  
2687  36  1  4019  
2691  123  1  4036  
2700  19  2  4016  4068  
2707  47  2  4065  4067  
2715  238  5  4006  4024  4036  4057  4084  
2720  357  15  4001  4006  4021  4034  4036  4050  4054  4064  4065  4066  4071  4073  4082  4084  4094  
2735  55  2  4035  4039  
2755  51  3  4057  4065  4066  
2761  44  2  4071  4073  
2772  175  7  4001  4006  4032  4057  4068  4073  4082  
2773  39  1  4073  
2774  189  9  4021  4036  4054  4057  4066  4083  4084  4085  4090  
2778  216  9  4006  4016  4019  4024  4035  4057  4065  4067  4073  
2779  45  1  4057  
2780  38  5  4006  4016  4057  4065  4068  
2787  14  1  4035  
2831  81  4  4001  4021  4071  4073  
2841  5  2  4036  4085  
2846  8  1  4036  
2877  88  1  4068  
2899  79  2  4016  4057  
2905  41  1  4066  
2915  20  2  4019  4065  
2918  68  1  4067  
2936  41  1  4034  
2954  19  1  4073  
2964  28  1  4094  
2983  95  5  4006  4016  4032  4057  4068  
2999  69  6  4001  4019  4035  4036  4082  4094  
3008  20  1  4090  
3011  36  1  4068  
3012  58  1  4068  
3026  7  1  4006  
3059  5  1  4054  
3062  55  4  4001  4036  4057  4065  
3064  273  11  4001  4024  4032  4034  4036  4057  4065  4068  4073  4082  4084  
3076  63  3  4001  4019  4050  
3083  4  1  4071  
3084  43  2  4065  4073  
3087  41  2  4016  4057  
3090  180  2  4039  4073  
3096  15  1  4057  
3098  60  1  4067  
3102  156  2  4065  4073  
3110  122  5  4006  4016  4032  4036  4082  
3112  89  3  4001  4034  4064  
3122  30  1  4001  
3133  4  1  4057  
3137  88  3  4057  4068  4073  
3140  20  1  4068  
3144  271  6  4001  4035  4066  4067  4082  4084  
3146  314  15  4001  4006  4016  4019  4034  4035  4036  4064  4065  4067  4068  4071  4073  4082  4084  
3147  27  2  4065  4068  
3148  98  3  4019  4024  4090  
3149  131  6  4032  4064  4065  4067  4071  4084  
3150  319  13  4001  4016  4019  4021  4034  4036  4039  4065  4067  4068  4073  4082  4084  
3151  148  7  4016  4036  4057  4065  4068  4084  4090  
3152  68  2  4082  4084  
3153  241  9  4001  4006  4016  4035  4036  4057  4068  4073  4090  
3154  166  9  4019  4021  4057  4066  4073  4085  4090  4091  4094  
3155  69  3  4035  4082  4084  
3156  92  1  4001  
3157  22  1  4016  
3158  101  2  4066  4073  
3159  54  2  4019  4057  
3160  56  6  4019  4036  4057  4065  4068  4084  
3166  23  1  4036  
3169  15  1  4071  
3173  42  1  4064  
3174  102  3  4032  4035  4036  
3189  10  2  4036  4068  
3191  114  4  4001  4067  4071  4073  
3206  48  1  4001  
3208  29  3  4006  4034  4036  
3209  71  4  4057  4084  4085  4091  
3241  10  2  4091  4094  
3243  16  3  4016  4033  4036  
3251  147  6  4001  4035  4067  4073  4082  4084  
3253  45  1  4016  
3264  156  1  4035  
3265  15  1  4039  
3268  13  1  4032  
3278  52  1  4067  
3289  205  9  4001  4034  4035  4050  4057  4064  4067  4071  4084  
3290  144  5  4016  4032  4036  4068  4082  
3299  64  4  4001  4036  4065  4066  
3303  32  2  4057  4068  
3304  91  2  4057  4083  
3307  82  2  4001  4067  
3308  63  1  4006  
3314  212  3  4039  4073  4082  
3315  362  6  4035  4039  4064  4067  4071  4073  
3316  44  1  4067  
3317  40  4  4016  4057  4065  4068  
3330  39  1  4001  
3332  87  6  4006  4016  4036  4057  4065  4068  
3337  20  2  4054  4073  
3338  144  6  4001  4019  4067  4071  4073  4082  
3344  5  1  4082  
3362  95  2  4001  4033  
3391  93  4  4016  4032  4036  4057  
3392  4  1  4065  
3395  85  3  4016  4032  4073  
3398  15  2  4006  4032  
3408  30  1  4090  
3421  8  1  4006  
3426  16  2  4057  4066  
3442  99  2  4067  4073  
3443  232  4  4035  4067  4073  4084  
3449  113  6  4034  4065  4068  4071  4082  4094  
3451  23  1  4036  
3456  10  1  4084  
3459  45  1  4016  
3465  53  2  4001  4021  
3466  94  4  4016  4032  4071  4073  
3483  35  1  4019  
3490  18  1  4001  
3498  82  4  4036  4057  4067  4082  
3532  9  2  4036  4084  
3536  43  1  4019  
3548  42  1  4073  
3549  29  2  4036  4050  
3551  15  1  4082  
3583  85  4  4016  4021  4065  4068  
3585  15  2  4036  4068  
3587  23  1  4006  
3589  4  1  4090  
3596  90  3  4032  4036  4073  
3601  145  7  4050  4066  4073  4082  4084  4091  4094  
3608  4  1  4071  
3616  2  1  4016  
3617  57  3  4001  4034  4082  
3622  28  1  4073  
3626  7  1  4001  
3648  147  2  4039  4067  
3652  104  2  4066  4068  
3653  68  1  4067  
3656  89  9  4019  4021  4036  4066  4068  4084  4085  4090  4094  
3657  257  13  4006  4016  4036  4050  4057  4060  4064  4065  4071  4073  4082  4084  4085  
3658  89  1  4091  
3663  1  1  4057  
3666  23  2  4006  4016  
3674  131  9  4006  4016  4021  4036  4057  4066  4068  4073  4084  
3675  5  1  4032  
3677  6  2  4001  4065  
3679  111  10  4001  4006  4016  4021  4032  4034  4067  4071  4073  4082  
3680  17  1  4035  
3682  115  4  4001  4067  4082  4084  
3683  33  1  4082  
3685  86  1  4032  
3686  77  6  4001  4016  4032  4065  4066  4082  
3703  8  1  4036  
3704  155  5  4019  4035  4067  4073  4082  
3714  16  1  4006  
3725  41  3  4016  4065  4068  
3736  64  7  4006  4016  4019  4032  4036  4050  4067  
3740  37  2  4032  4091  
3745  2  1  4016  
3748  16  1  4068  
3749  84  4  4016  4068  4091  4094  
3750  43  3  4036  4068  4094  
3778  9  1  4068  
3780  11  1  4090  
3782  20  3  4068  4090  4091  
3784  2  1  4036  
3786  7  1  4084  
3788  8  1  4016  
3800  65  1  4024  
3801  53  5  4001  4035  4066  4082  4084  
3808  112  3  4065  4066  4082  
3810  42  3  4035  4073  4082  
3811  41  4  4016  4057  4065  4073  
3818  3  2  4036  4093  
3844  24  1  4068  
3855  52  2  4064  4082  
3865  2  1  4068  
3868  17  2  4050  4073  
3870  38  1  4065  
3879  278  6  4001  4035  4064  4067  4071  4073  
3882  5  1  4057  
3896  2  1  4065  
3898  12  1  4016  
3903  32  3  4001  4036  4066  
3914  55  1  4054  
3917  4  2  4057  4068  
3919  80  1  4001  
3921  50  4  4001  4035  4067  4068  
3928  22  2  4006  4016  
3929  39  1  4065  
3935  6  1  4090  
3971  17  1  4090  
3975  15  1  4006  
3982  12  4  4021  4036  4068  4090  
3986  24  7  4066  4068  4084  4085  4090  4091  4094  
3990  70  2  4021  4073  
3994  202  5  4001  4034  4035  4082  4084  
4001  36  4  4066  4068  4073  4082  
4002  1  1  4006  
4003  1  1  4006  
4004  9  2  4006  4057  
4005  1  1  4006  
4008  22  3  4066  4073  4075  
4011  2  1  4016  
4012  4  1  4016  
4013  2  2  4016  4068  
4014  2  1  4016  
4015  1  1  4016  
4018  4  1  4085  
4021  18  2  4001  4090  
4023  1  1  4024  
4025  1  1  4032  
4026  2  1  4032  
4027  1  1  4032  
4028  16  1  4032  
4029  2  1  4032  
4030  1  1  4032  
4031  1  1  4032  
4034  7  1  4036  
4035  153  3  4036  4050  4082  
4037  20  1  4073  
4038  31  1  4084  
4039  50  1  4067  
4043  2  1  4057  
4062  9  1  4050  
4063  5  2  4065  4066  
4064  14  2  4065  4073  
4067  9  1  4068  
4070  3  1  4068  
4071  19  1  4068  
4072  5  1  4068  
4073  81  4  4066  4067  4068  4090  
4076  1  1  4077  
4078  9  1  4080  
4079  2  1  4080  
4082  45  1  4090  
4083  100  2  4001  4067  
4086  3  1  4090  
4087  1  1  4090  
4088  1  1  4090  
4089  1  1  4090  
4090  16  1  4064  
4092  3  1  4093  
4096  33  1  4001  
4104  10  3  4001  4067  4073  
4112  9  1  4019  
4113  27  2  4001  4035  
4119  3  1  4021  
4122  71  1  4073  
4152  228  3  4034  4035  4071  
4155  1  1  4021  
4168  8  1  4067  
4169  114  6  4001  4021  4034  4067  4073  4082  
4175  19  1  4082  
4176  46  1  4073  
4183  13  1  4066  
4187  96  1  4035  
4193  14  1  4084  
4196  57  1  4071  
4198  59  1  4084  
4220  121  2  4035  4071  
4225  62  3  4001  4035  4073  
4226  46  1  4034  
4231  36  2  4082  4084  
4232  15  2  4001  4021  
4248  38  4  4021  4050  4054  4064  
4263  53  3  4039  4073  4082  
4281  20  1  4084  
4285  62  1  4054  
4288  73  2  4050  4073  
4289  4  1  4071  
4315  101  2  4050  4071  
4319  168  4  4001  4034  4039  4067  
4320  78  2  4001  4034  
4337  34  1  4001  
4350  30  2  4082  4084  
4369  4  1  4067  
4380  79  2  4001  4035  
4384  169  5  4001  4034  4035  4071  4082  
4407  10  1  4073  
4411  9  1  4073  
4427  214  3  4001  4034  4082  
4436  13  1  4082  
4437  60  1  4001  
4439  25  1  4073  
4440  361  10  4001  4034  4035  4039  4050  4064  4067  4071  4073  4082  
4442  8  1  4034  
4448  23  1  4034  
4454  43  1  4073  
4459  23  1  4084  
4470  115  3  4001  4035  4073  
4473  28  2  4073  4082  
4475  14  1  4082  
4479  7  1  4001  
4485  139  3  4034  4050  4067  
4486  172  2  4039  4054  
4496  18  2  4067  4073  
4505  6  1  4039  
4516  13  1  4064  
4531  271  8  4001  4021  4035  4064  4067  4071  4073  4082  
4551  54  1  4054  
4552  127  2  4035  4073  
4557  84  3  4001  4035  4082  
4558  7  1  4073  
4565  18  1  4082  
4569  69  2  4071  4073  
4571  54  3  4035  4054  4071  
4580  1  1  4073  
4582  11  1  4082  
4583  51  3  4001  4034  4082  
4585  4  1  4001  
4591  13  3  4067  4073  4082  
4596  24  3  4001  4021  4034  
4606  41  1  4035  
4608  122  1  4073  
4610  35  3  4067  4071  4073  
4611  139  4  4064  4067  4071  4073  
4612  101  2  4035  4073  
4614  217  4  4035  4067  4071  4073  
4615  49  3  4064  4071  4073  
4617  14  1  4071  
4619  68  2  4001  4034  
4620  152  2  4035  4039  
4622  31  2  4067  4073  
4623  211  5  4035  4039  4067  4071  4073  
4624  312  4  4001  4035  4050  4071  
4625  80  1  4001  
4629  10  1  4035  
4634  22  1  4035  
4635  15  1  4001  
4648  21  2  4001  4073  
4680  33  1  4073  
4681  8  1  4001  
4684  59  1  4064  
4685  75  4  4001  4064  4067  4073  
4686  7  1  4073  
4691  12  1  4073  
4702  21  3  4001  4067  4073  
4710  22  2  4067  4073  
4715  61  2  4035  4064  
4724  12  1  4001  
4725  1  1  4001  
4726  1  1  4001  
4727  24  1  4001  
4728  18  2  4001  4073  
4780  17  1  4054  
4790  37  2  4067  4073  
4794  12  2  4050  4073  
4800  40  1  4073  
4811  9  1  4071  
4812  4  1  4050  
4814  48  1  4035  
4826  26  1  4064  
4828  66  1  4039  
4836  17  1  4067  
4837  19  1  4067  
4901  389  4  4035  4039  4054  4073  
4905  6  1  4050  
4908  243  4  4039  4067  4071  4073  
4919  137  3  4035  4039  4064  
4933  13  1  4067  
4951  105  1  4073  
4965  8  1  4050  
4968  3  1  4050  
4970  11  1  4073  
4971  28  1  4071  
4977  66  2  4067  4073  
5010  1  1  4050  
5011  1  1  4050  
5012  139  1  4054  
5018  3  1  4067  
5024  5  1  4054  
5031  8  1  4067  
5035  4  1  4067  
5038  18  1  4035  
5045  49  2  4035  4071  
5046  21  1  4073  
5051  230  4  4035  4039  4064  4073  
5059  7  1  4035  
5079  14  1  4073  
5105  13  1  4071  
5109  15  1  4073  
5118  23  1  4064  
5129  191  4  4035  4039  4064  4073  
5135  385  4  4035  4039  4054  4073  
5137  33  1  4035  
5144  79  2  4039  4073  
5147  144  1  4073  
5149  84  1  4073  
5150  75  1  4035  
5151  67  3  4035  4039  4073  
5152  61  1  4064  
5157  41  1  4073  
5191  50  1  4073  
5263  11  1  4035  
5278  6  1  4035  
5294  81  1  4073  
5302  68  1  4035  
5339  4  1  4039  
5363  54  1  4054  
5379  5  1  4073  
5401  24  1  4039  
5477  53  1  4073  
5495  75  1  4054  
5497  35  1  4035  
5502  10  1  4073  
5519  88  1  4054  
5521  76  1  4073  
5531  3  1  4035  
5542  78  1  4073  
5546  190  1  4054  
5559  44  1  4035  
5561  5  1  4035  
5562  2  1  4035  
5563  108  1  4073  
5582  81  2  4039  4073  
5595  3  1  4035  
5606  29  1  4054  
5653  28  1  4039  
5690  17  1  4054  
5710  29  2  4039  4073  
5711  33  2  4054  4073  
5713  17  1  4073  
5727  1  1  4054  
5728  1  1  4054  
5743  58  1  4073  
5772  177  1  4054  
5784  7  1  4073  
5789  160  2  4039  4073  
5790  18  1  4073  
5793  104  1  4073  
5794  93  1  4073  
5801  50  1  4073  
5818  26  1  4039  
5893  33  2  4039  4073  
5921  77  2  4039  4054  
5937  11  1  4073  
5967  4  1  4073  
5997  5  1  4039  
6019  31  1  4073  
6032  44  1  4073  
6035  54  1  4054  
6054  57  1  4054  
6057  18  1  4073  
6063  47  1  4054  
6068  5  1  4073  
6088  7  1  4073  
6093  18  1  4073  
6112  3  1  4073  
6136  2  1  4073  
6137  2  1  4073  
6138  1  1  4073  
6147  161  1  4054  
6180  93  1  4054  
6335  89  1  4054  
6459  39  1  4054  
6493  27  1  4054  
6627  36  1  4054  
6671  13  1  4054  
6778  6  1  4054  
6796  27  1  4054  
6980  1  1  4054  
