8  743  10  2803  2813  2823  2831  2852  2854  2860  2871  2874  2877  
17  187  1  2871  
21  309  3  2828  2871  2895  
33  227  3  2828  2871  2883  
39  89  1  2871  
44  146  1  2871  
65  275  6  2801  2823  2828  2854  2878  2883  
67  164  2  2871  2895  
69  69  1  2854  
81  122  2  2831  2871  
82  195  1  2854  
89  80  1  2828  
107  89  1  2877  
116  213  8  2803  2823  2844  2852  2854  2874  2877  2881  
121  132  3  2828  2852  2854  
122  80  2  2854  2861  
129  99  1  2895  
140  58  2  2801  2803  
163  123  7  2828  2838  2854  2861  2874  2883  2895  
164  334  1  2871  
171  54  2  2828  2871  
246  56  1  2823  
249  22  2  2831  2844  
256  14  1  2877  
260  56  1  2854  
263  76  2  2828  2871  
272  71  1  2854  
286  79  1  2871  
288  244  4  2828  2852  2854  2877  
290  142  2  2871  2883  
292  230  2  2828  2871  
293  321  5  2809  2828  2854  2871  2877  
295  54  1  2854  
297  77  1  2854  
299  140  1  2871  
328  86  4  2828  2838  2842  2854  
355  37  1  2883  
361  45  1  2828  
384  145  1  2865  
389  21  1  2865  
401  79  1  2828  
408  157  2  2803  2881  
431  732  9  2803  2823  2828  2844  2854  2860  2871  2874  2877  
494  142  1  2871  
501  22  1  2871  
504  121  1  2871  
530  34  1  2813  
548  214  2  2871  2895  
572  31  1  2871  
579  66  1  2881  
590  17  3  2828  2874  2883  
594  98  3  2821  2854  2865  
606  158  1  2823  
611  2  1  2828  
629  47  1  2828  
635  118  1  2854  
637  100  1  2844  
638  11  1  2854  
646  123  1  2871  
661  264  6  2801  2809  2828  2854  2874  2878  
666  32  1  2842  
676  232  3  2823  2831  2844  
695  77  1  2871  
699  68  1  2865  
702  773  12  2813  2828  2831  2841  2842  2852  2854  2860  2874  2877  2881  2883  
705  146  1  2881  
719  224  2  2828  2854  
724  317  5  2813  2828  2831  2841  2844  
728  18  1  2871  
746  272  3  2803  2841  2881  
758  165  6  2823  2841  2854  2860  2874  2881  
759  249  9  2801  2828  2838  2843  2854  2865  2871  2874  2883  
771  61  2  2801  2831  
785  91  2  2823  2828  
793  97  1  2828  
800  29  1  2871  
807  122  3  2803  2860  2881  
829  119  1  2823  
843  17  1  2871  
847  149  1  2871  
861  46  1  2854  
864  80  3  2854  2871  2895  
869  110  1  2854  
871  29  1  2881  
881  22  1  2871  
899  65  1  2871  
909  292  11  2801  2803  2823  2828  2838  2852  2861  2874  2881  2883  2895  
914  238  3  2854  2865  2871  
917  297  6  2828  2841  2844  2854  2874  2881  
920  60  3  2828  2874  2883  
926  138  1  2871  
929  44  1  2881  
930  6  1  2881  
933  23  1  2895  
943  41  4  2860  2878  2883  2895  
950  19  1  2842  
951  39  2  2828  2871  
955  86  1  2865  
972  196  6  2823  2828  2841  2854  2871  2874  
977  156  2  2803  2854  
978  29  2  2828  2841  
1008  88  3  2828  2854  2888  
1009  305  4  2823  2854  2865  2883  
1022  60  1  2823  
1032  62  1  2823  
1034  62  1  2874  
1038  399  6  2813  2828  2860  2871  2874  2877  
1040  115  2  2801  2865  
1041  135  2  2803  2854  
1053  8  1  2871  
1054  472  6  2828  2831  2852  2854  2871  2877  
1058  4  1  2865  
1066  599  14  2801  2823  2828  2831  2838  2844  2854  2861  2871  2874  2878  2883  2888  2895  
1067  158  2  2865  2895  
1085  43  1  2871  
1100  107  8  2828  2838  2861  2873  2874  2878  2883  2895  
1102  66  1  2871  
1107  26  1  2801  
1110  218  2  2828  2881  
1111  79  1  2854  
1115  65  2  2828  2865  
1120  77  1  2838  
1129  33  1  2854  
1135  103  1  2854  
1140  35  1  2823  
1146  77  1  2844  
1189  76  2  2823  2874  
1197  290  13  2801  2803  2813  2823  2828  2838  2852  2854  2861  2874  2881  2883  2895  
1198  20  1  2803  
1211  181  3  2854  2865  2871  
1242  121  1  2871  
1244  8  1  2871  
1247  91  2  2854  2865  
1250  22  4  2828  2854  2874  2883  
1261  462  6  2823  2828  2852  2854  2871  2895  
1268  52  2  2803  2877  
1272  35  1  2895  
1277  32  1  2838  
1282  199  3  2803  2871  2883  
1301  13  1  2874  
1303  41  1  2801  
1308  52  4  2854  2861  2865  2888  
1312  183  4  2819  2842  2854  2871  
1347  26  2  2871  2877  
1350  24  1  2828  
1352  20  1  2828  
1354  156  3  2828  2854  2865  
1357  91  1  2871  
1368  117  1  2865  
1372  157  1  2854  
1376  210  1  2871  
1380  48  1  2854  
1381  38  3  2828  2854  2874  
1400  99  2  2854  2871  
1401  139  5  2803  2823  2828  2860  2865  
1404  35  1  2871  
1416  68  1  2874  
1417  81  1  2888  
1421  244  2  2828  2831  
1427  587  15  2803  2819  2823  2828  2841  2842  2854  2865  2871  2873  2874  2877  2881  2883  2895  
1428  42  1  2854  
1430  81  1  2865  
1433  79  1  2871  
1443  46  1  2803  
1445  3  1  2871  
1446  4  2  2871  2895  
1447  24  1  2871  
1458  87  2  2865  2878  
1460  102  1  2871  
1466  30  4  2828  2854  2874  2895  
1468  114  2  2854  2871  
1470  29  1  2854  
1477  4  1  2871  
1481  355  5  2828  2838  2854  2871  2883  
1487  73  1  2871  
1488  162  1  2871  
1494  80  2  2823  2854  
1495  50  3  2809  2854  2871  
1496  39  1  2874  
1532  66  2  2877  2878  
1557  6  1  2860  
1558  25  1  2877  
1561  50  1  2883  
1567  70  2  2871  2895  
1570  93  1  2871  
1571  112  1  2828  
1580  9  1  2871  
1586  96  2  2871  2877  
1588  10  1  2854  
1597  19  1  2823  
1601  42  2  2813  2828  
1616  76  1  2854  
1617  68  1  2865  
1636  67  2  2854  2860  
1639  141  1  2871  
1648  57  1  2865  
1670  8  1  2803  
1671  129  2  2865  2871  
1676  41  3  2854  2860  2877  
1677  105  6  2801  2838  2854  2865  2874  2883  
1680  90  2  2828  2854  
1681  7  1  2854  
1692  6  1  2895  
1694  73  1  2881  
1696  28  1  2842  
1705  47  2  2841  2865  
1706  16  1  2828  
1710  12  1  2871  
1730  33  1  2865  
1738  44  3  2865  2871  2888  
1749  51  3  2831  2838  2854  
1762  3  1  2803  
1765  33  1  2828  
1769  112  3  2838  2854  2871  
1772  204  13  2801  2803  2821  2823  2828  2838  2854  2861  2874  2878  2883  2888  2895  
1775  22  1  2871  
1786  13  1  2823  
1795  15  1  2854  
1798  29  1  2852  
1807  31  1  2871  
1812  31  2  2854  2874  
1817  181  8  2803  2823  2828  2852  2854  2874  2881  2883  
1824  47  1  2854  
1829  56  1  2838  
1835  66  3  2865  2874  2883  
1837  3  1  2803  
1841  88  1  2871  
1843  39  1  2828  
1845  63  3  2823  2831  2854  
1857  13  1  2803  
1873  22  1  2823  
1898  121  1  2854  
1901  50  2  2865  2895  
1903  3  1  2852  
1925  55  2  2844  2854  
1933  45  1  2819  
1936  11  1  2852  
1939  47  1  2854  
1944  39  7  2801  2803  2809  2823  2838  2854  2874  
1948  113  1  2860  
1950  122  6  2801  2809  2821  2828  2842  2861  
1956  44  1  2877  
1961  14  1  2860  
1962  146  3  2828  2854  2861  
1971  145  4  2823  2860  2865  2874  
1984  26  5  2828  2874  2878  2883  2895  
1996  65  1  2888  
1998  17  2  2838  2895  
2008  61  2  2828  2881  
2029  31  1  2881  
2030  17  1  2823  
2034  3  1  2871  
2037  11  1  2860  
2042  15  2  2823  2860  
2044  34  1  2828  
2048  143  9  2828  2861  2874  2877  2878  2881  2883  2888  2895  
2049  49  5  2803  2819  2823  2842  2865  
2050  66  3  2801  2809  2842  
2052  36  1  2801  
2053  14  3  2828  2878  2883  
2055  75  8  2828  2838  2854  2861  2874  2878  2883  2895  
2056  241  11  2803  2823  2828  2852  2854  2860  2874  2877  2881  2883  2895  
2059  108  1  2865  
2064  8  1  2865  
2068  25  1  2801  
2073  247  2  2828  2854  
2074  49  1  2854  
2075  95  1  2828  
2087  31  1  2828  
2089  48  3  2819  2865  2888  
2091  8  1  2828  
2101  14  1  2854  
2102  120  4  2803  2852  2854  2881  
2109  164  3  2803  2828  2883  
2110  48  3  2854  2877  2878  
2111  67  1  2854  
2118  7  1  2854  
2134  111  2  2841  2865  
2137  252  5  2803  2823  2852  2854  2881  
2138  215  2  2852  2881  
2161  2  1  2854  
2165  57  3  2823  2854  2874  
2173  77  1  2854  
2176  17  1  2854  
2177  189  1  2844  
2179  124  11  2801  2803  2809  2819  2842  2854  2861  2874  2877  2883  2895  
2184  26  1  2854  
2186  45  1  2838  
2188  71  1  2828  
2193  66  1  2828  
2204  62  3  2823  2854  2865  
2216  141  7  2823  2828  2842  2854  2861  2874  2881  
2221  37  4  2809  2819  2838  2883  
2236  35  1  2828  
2240  50  1  2823  
2271  75  5  2828  2838  2854  2883  2895  
2272  103  5  2801  2809  2838  2861  2878  
2273  142  2  2809  2854  
2275  35  6  2801  2809  2838  2874  2878  2883  
2283  324  12  2801  2803  2813  2828  2841  2852  2854  2860  2877  2878  2881  2895  
2294  38  2  2828  2842  
2301  100  4  2809  2823  2831  2854  
2307  68  1  2865  
2308  8  1  2823  
2329  47  1  2841  
2334  37  4  2809  2821  2828  2838  
2340  105  6  2801  2809  2828  2838  2861  2883  
2342  70  1  2854  
2343  26  1  2895  
2350  82  3  2854  2874  2881  
2351  180  9  2801  2813  2823  2828  2838  2852  2874  2878  2895  
2355  50  1  2895  
2356  893  20  2801  2803  2809  2813  2823  2828  2831  2838  2841  2844  2852  2854  2860  2861  2874  2877  2878  2881  2883  2895  
2367  146  8  2823  2828  2831  2838  2844  2854  2860  2881  
2369  12  1  2865  
2376  60  2  2828  2854  
2382  32  2  2821  2854  
2383  45  4  2821  2828  2842  2865  
2384  49  2  2828  2854  
2385  13  1  2813  
2386  2  1  2878  
2391  64  1  2842  
2397  7  1  2865  
2399  25  1  2803  
2400  5  1  2865  
2401  2  1  2865  
2403  22  2  2854  2865  
2404  53  3  2865  2881  2895  
2405  46  3  2823  2841  2895  
2431  39  3  2801  2838  2877  
2436  269  9  2803  2823  2852  2854  2860  2865  2874  2877  2881  
2438  113  5  2803  2823  2852  2854  2860  
2439  104  6  2801  2828  2847  2861  2874  2881  
2440  49  1  2828  
2442  44  2  2823  2865  
2443  307  3  2831  2844  2852  
2445  164  4  2828  2852  2860  2883  
2451  126  3  2828  2831  2844  
2458  103  6  2801  2809  2838  2852  2881  2895  
2466  13  1  2861  
2469  156  7  2828  2854  2861  2874  2878  2883  2895  
2471  618  18  2803  2819  2823  2828  2831  2838  2841  2842  2852  2860  2865  2874  2877  2878  2881  2883  2888  2895  
2472  38  1  2828  
2473  26  2  2854  2895  
2474  44  6  2831  2841  2844  2854  2860  2865  
2476  149  5  2831  2844  2852  2854  2881  
2479  64  3  2803  2860  2877  
2480  45  1  2823  
2482  74  5  2803  2823  2844  2854  2881  
2483  168  5  2803  2823  2852  2854  2881  
2485  80  6  2828  2838  2854  2874  2883  2895  
2487  75  10  2801  2838  2842  2854  2861  2874  2878  2883  2888  2895  
2490  103  3  2813  2865  2877  
2493  13  1  2828  
2494  200  6  2803  2823  2854  2860  2877  2881  
2514  16  2  2828  2844  
2521  79  4  2852  2854  2860  2881  
2537  29  1  2854  
2546  46  2  2823  2828  
2547  35  1  2828  
2562  173  8  2803  2823  2828  2852  2854  2860  2865  2888  
2567  8  1  2801  
2574  16  1  2881  
2587  43  3  2801  2803  2809  
2595  39  1  2841  
2596  50  3  2838  2860  2877  
2598  5  1  2854  
2600  21  1  2854  
2604  124  3  2852  2854  2881  
2613  44  1  2877  
2617  5  2  2828  2861  
2620  139  3  2813  2877  2888  
2632  282  14  2801  2813  2819  2823  2828  2831  2844  2852  2854  2861  2874  2878  2883  2895  
2633  87  2  2823  2878  
2641  28  1  2841  
2657  29  1  2828  
2658  4  1  2809  
2661  18  3  2842  2854  2895  
2663  6  2  2803  2823  
2666  57  3  2860  2865  2877  
2668  33  2  2838  2842  
2677  35  1  2854  
2685  62  2  2803  2874  
2686  6  1  2809  
2688  8  1  2881  
2691  123  4  2801  2852  2854  2881  
2697  26  6  2828  2854  2865  2874  2883  2895  
2707  47  4  2823  2828  2854  2860  
2715  238  5  2803  2813  2854  2874  2881  
2716  55  2  2828  2854  
2720  357  6  2828  2831  2841  2860  2874  2877  
2722  15  1  2838  
2726  6  2  2888  2895  
2734  9  3  2828  2861  2865  
2735  55  1  2803  
2736  10  1  2803  
2742  10  1  2801  
2746  43  1  2877  
2752  31  1  2809  
2755  51  4  2841  2874  2877  2881  
2756  123  7  2803  2823  2828  2841  2852  2854  2881  
2764  19  3  2823  2838  2874  
2766  52  3  2828  2838  2865  
2770  52  3  2847  2852  2854  
2772  175  9  2803  2813  2823  2831  2841  2844  2854  2877  2881  
2773  39  1  2828  
2774  189  3  2823  2828  2865  
2777  50  3  2865  2878  2883  
2778  216  4  2828  2844  2874  2878  
2779  45  4  2803  2828  2883  2895  
2780  38  3  2828  2831  2844  
2783  7  1  2828  
2785  14  1  2865  
2787  14  2  2874  2883  
2790  6  1  2854  
2792  12  3  2809  2838  2854  
2794  6  1  2838  
2796  1  1  2801  
2797  1  1  2801  
2798  9  2  2801  2854  
2799  1  1  2801  
2800  52  3  2801  2803  2881  
2801  44  3  2838  2842  2881  
2802  48  2  2844  2881  
2805  2  1  2895  
2806  42  5  2828  2861  2874  2883  2888  
2807  3  1  2821  
2810  2  1  2895  
2812  25  1  2854  
2813  34  1  2865  
2817  4  1  2838  
2820  20  2  2821  2854  
2823  62  3  2803  2828  2854  
2825  8  1  2838  
2826  8  1  2828  
2827  37  1  2828  
2832  1  1  2838  
2833  5  2  2828  2838  
2834  37  3  2838  2861  2874  
2835  3  1  2838  
2836  1  1  2838  
2837  37  7  2828  2838  2861  2874  2878  2883  2895  
2840  1  1  2842  
2841  5  1  2842  
2848  21  2  2841  2854  
2850  1  1  2854  
2851  1  1  2854  
2852  1  1  2854  
2853  5  1  2854  
2858  3  1  2865  
2859  2  1  2865  
2860  16  1  2865  
2861  1  1  2865  
2862  15  1  2865  
2863  1  1  2865  
2864  2  1  2865  
2866  1  1  2871  
2867  3  2  2871  2895  
2868  1  1  2871  
2869  1  1  2871  
2870  1  1  2871  
2872  4  2  2873  2874  
2877  88  3  2803  2844  2881  
2878  18  3  2828  2860  2874  
2882  1  1  2883  
2890  1  1  2895  
2891  9  1  2895  
2892  2  1  2895  
2893  3  1  2895  
2894  1  1  2895  
2899  79  1  2854  
2905  41  1  2803  
2915  20  1  2854  
2917  10  1  2823  
2918  68  1  2841  
2919  56  2  2803  2831  
2923  22  1  2803  
2927  8  1  2852  
2954  19  1  2828  
2964  28  1  2823  
2978  37  1  2803  
2983  95  1  2854  
2999  69  1  2823  
3000  14  1  2854  
3001  79  1  2854  
3008  20  1  2828  
3011  36  1  2854  
3012  58  2  2803  2828  
3017  51  1  2854  
3021  15  1  2803  
3024  31  1  2852  
3040  18  1  2823  
3048  15  1  2881  
3056  13  1  2854  
3062  55  3  2841  2854  2877  
3064  273  11  2803  2823  2828  2831  2841  2844  2852  2854  2860  2874  2877  
3089  42  1  2881  
3095  12  2  2828  2854  
3098  60  1  2813  
3100  33  1  2823  
3102  156  5  2823  2841  2854  2860  2877  
3110  122  4  2831  2841  2844  2877  
3112  89  5  2803  2828  2841  2852  2881  
3137  88  3  2823  2874  2881  
3144  271  3  2828  2831  2841  
3146  314  8  2813  2828  2831  2841  2844  2860  2874  2877  
3147  27  1  2874  
3148  98  3  2813  2874  2877  
3149  131  4  2813  2831  2841  2860  
3150  319  8  2813  2828  2831  2841  2844  2860  2874  2877  
3151  148  3  2823  2854  2860  
3152  68  1  2813  
3153  241  6  2828  2831  2841  2860  2874  2877  
3154  166  8  2813  2823  2831  2841  2854  2860  2874  2877  
3156  92  2  2828  2841  
3158  101  3  2813  2828  2874  
3160  56  5  2813  2844  2860  2874  2877  
3166  23  2  2813  2823  
3167  21  1  2881  
3172  53  1  2854  
3173  42  1  2828  
3174  102  4  2813  2823  2828  2860  
3176  17  2  2803  2854  
3177  24  1  2852  
3181  16  2  2823  2854  
3191  114  1  2828  
3206  48  3  2823  2831  2854  
3208  29  2  2854  2860  
3210  28  3  2847  2852  2881  
3212  16  1  2803  
3214  64  3  2803  2823  2854  
3226  81  3  2803  2823  2854  
3241  10  1  2823  
3243  16  1  2860  
3250  18  1  2881  
3251  147  3  2841  2852  2860  
3252  42  2  2803  2881  
3253  45  2  2803  2877  
3264  156  1  2823  
3274  13  1  2803  
3278  52  1  2828  
3286  4  1  2881  
3287  22  3  2803  2852  2881  
3289  205  3  2828  2841  2844  
3290  144  4  2803  2854  2860  2874  
3293  1  1  2881  
3294  1  1  2881  
3297  22  2  2803  2823  
3299  64  1  2860  
3302  4  1  2852  
3303  32  1  2854  
3304  91  1  2823  
3306  48  1  2854  
3307  82  2  2828  2877  
3308  63  1  2854  
3310  4  1  2854  
3312  12  1  2877  
3314  212  5  2803  2823  2828  2841  2854  
3315  362  2  2823  2828  
3316  44  1  2828  
3317  40  2  2860  2877  
3320  9  2  2823  2854  
3330  39  1  2828  
3331  38  3  2803  2823  2854  
3332  87  2  2854  2877  
3338  144  2  2828  2844  
3339  6  1  2854  
3349  17  1  2803  
3362  95  1  2844  
3387  14  1  2854  
3391  93  4  2803  2854  2860  2877  
3393  3  1  2831  
3395  85  2  2828  2844  
3408  30  1  2803  
3414  6  1  2803  
3426  16  1  2854  
3442  99  1  2828  
3443  232  4  2813  2823  2828  2874  
3447  46  1  2831  
3449  113  1  2831  
3451  23  1  2854  
3455  8  1  2823  
3459  45  1  2877  
3465  53  2  2828  2860  
3466  94  1  2877  
3467  47  2  2860  2877  
3498  82  2  2803  2828  
3501  1  1  2803  
3502  2  1  2803  
3503  5  1  2803  
3504  1  1  2803  
3505  2  1  2803  
3511  4  1  2823  
3513  3  1  2854  
3514  13  1  2854  
3515  1  1  2854  
3549  29  2  2860  2877  
3557  7  1  2877  
3577  26  1  2877  
3583  85  1  2828  
3592  89  1  2813  
3596  90  3  2841  2860  2877  
3601  145  1  2828  
3607  20  1  2828  
3610  32  1  2874  
3617  57  1  2828  
3626  7  1  2828  
3648  147  1  2841  
3652  104  2  2828  2844  
3653  68  2  2828  2841  
3656  89  2  2813  2828  
3657  257  7  2813  2828  2831  2844  2860  2874  2877  
3666  23  1  2844  
3671  4  1  2860  
3672  27  1  2860  
3674  131  3  2860  2874  2877  
3679  111  4  2831  2841  2844  2877  
3686  77  2  2831  2841  
3704  155  2  2828  2831  
3714  16  1  2860  
3736  64  2  2860  2877  
3739  5  1  2860  
3740  37  2  2860  2877  
3747  2  1  2828  
3748  16  1  2813  
3749  84  3  2813  2860  2877  
3750  43  2  2860  2877  
3782  20  1  2860  
3786  7  1  2877  
3803  9  1  2877  
3805  1  1  2874  
3808  112  2  2831  2844  
3811  41  2  2860  2874  
3855  52  2  2828  2831  
3868  17  1  2860  
3870  38  2  2828  2860  
3871  9  1  2860  
3879  278  2  2823  2828  
3893  8  1  2874  
3895  7  1  2828  
3898  12  1  2831  
3903  32  1  2823  
3906  40  1  2823  
3921  50  2  2828  2831  
3928  22  1  2844  
3935  6  1  2860  
3971  17  1  2813  
3972  11  1  2823  
3986  24  1  2860  
3990  70  1  2874  
3994  202  3  2831  2841  2844  
4000  14  1  2823  
4001  36  1  2874  
4018  4  1  2877  
4022  1  1  2877  
4035  153  1  2828  
4038  31  1  2828  
4039  50  1  2823  
4051  2  1  2860  
4052  1  1  2860  
4053  2  1  2860  
4068  14  1  2874  
4082  45  1  2874  
4083  100  3  2828  2831  2841  
4095  11  2  2831  2874  
4096  33  1  2874  
4101  1  1  2874  
4102  40  1  2823  
4137  7  1  2828  
4146  4  1  2841  
4152  228  2  2823  2844  
4169  114  2  2828  2844  
4176  46  1  2813  
4180  24  1  2828  
4196  57  1  2828  
4198  59  1  2813  
4217  25  1  2844  
4220  121  1  2828  
4223  11  1  2841  
4225  62  2  2823  2828  
4226  46  2  2828  2841  
4232  15  1  2844  
4263  53  2  2823  2828  
4275  27  1  2828  
4285  62  1  2823  
4309  28  1  2831  
4315  101  1  2828  
4319  168  1  2828  
4320  78  2  2828  2841  
4334  24  1  2823  
4350  30  1  2831  
4356  2  1  2813  
4384  169  4  2823  2828  2831  2841  
4427  214  4  2828  2831  2841  2844  
4437  60  1  2828  
4440  361  3  2828  2831  2841  
4446  44  1  2828  
4448  23  1  2828  
4453  53  1  2823  
4454  43  2  2831  2844  
4474  27  1  2828  
4475  14  1  2844  
4485  139  3  2828  2841  2844  
4490  26  1  2841  
4496  18  1  2828  
4506  11  1  2831  
4507  8  1  2823  
4531  271  3  2823  2828  2841  
4555  33  1  2841  
4557  84  2  2831  2841  
4563  2  1  2831  
4564  13  1  2831  
4565  18  1  2831  
4567  9  1  2828  
4572  3  1  2831  
4579  1  1  2831  
4583  51  1  2844  
4596  24  1  2844  
4604  48  1  2823  
4606  41  1  2828  
4611  139  2  2828  2841  
4612  101  2  2823  2828  
4614  217  1  2823  
4615  49  1  2828  
4619  68  2  2828  2841  
4624  312  3  2823  2828  2841  
4625  80  1  2841  
4630  4  1  2844  
4640  13  1  2828  
4663  24  2  2841  2844  
4669  19  1  2841  
4672  44  1  2828  
4673  2  1  2844  
4674  2  1  2844  
4675  1  1  2844  
4676  14  1  2844  
4680  33  1  2828  
4684  59  1  2828  
4685  75  1  2828  
4699  4  1  2828  
4711  16  2  2828  2841  
4715  61  1  2828  
4727  24  1  2828  
4783  19  1  2841  
4790  37  1  2823  
4793  1  1  2841  
4794  12  1  2828  
4797  8  1  2828  
4817  37  1  2828  
4838  8  1  2828  
4840  44  1  2828  
4865  22  1  2828  
4901  389  2  2823  2828  
4908  243  1  2828  
4919  137  1  2828  
4977  66  1  2823  
5012  139  2  2823  2828  
5035  4  1  2828  
5038  18  1  2828  
5045  49  1  2828  
5051  230  2  2823  2828  
5055  4  1  2828  
5118  23  1  2828  
5122  32  1  2828  
5129  191  2  2823  2828  
5133  222  1  2823  
5143  29  1  2823  
5147  144  2  2823  2828  
5152  61  1  2828  
5166  11  1  2828  
5182  92  1  2828  
5186  24  1  2828  
5191  50  2  2823  2828  
5237  3  1  2828  
5239  33  1  2828  
5240  4  1  2828  
5241  42  1  2828  
5242  11  1  2828  
5243  2  1  2828  
5244  1  1  2828  
5245  2  1  2828  
5246  3  1  2828  
5247  13  1  2828  
5248  1  1  2828  
5249  4  1  2828  
5295  20  1  2823  
5296  10  1  2823  
5335  39  1  2823  
5372  18  1  2823  
5546  190  1  2823  
5554  19  1  2823  
5621  23  1  2823  
5639  70  1  2823  
5684  101  1  2823  
5699  54  1  2823  
5711  33  1  2823  
5741  43  1  2823  
5921  77  1  2823  
5923  24  1  2823  
5986  14  1  2823  
6026  191  1  2823  
6063  47  1  2823  
6094  81  1  2823  
6153  31  1  2823  
6157  118  1  2823  
6171  70  1  2823  
6294  47  1  2823  
6300  101  1  2823  
6305  23  1  2823  
6348  39  1  2823  
6405  38  1  2823  
6478  9  1  2823  
6558  7  1  2823  
6578  39  1  2823  
6626  26  1  2823  
6667  6  1  2823  
6723  12  1  2823  
