8  743  8  4511  4527  4543  4550  4555  4576  4577  4587  
21  309  2  4511  4569  
33  227  1  4587  
41  44  1  4511  
50  39  1  4531  
55  38  1  4531  
65  275  4  4516  4531  4546  4569  
66  109  2  4513  4531  
67  164  2  4516  4531  
82  195  2  4511  4526  
93  24  1  4511  
103  190  3  4531  4546  4583  
104  95  1  4531  
107  89  1  4526  
116  213  1  4596  
129  99  1  4583  
147  28  1  4531  
164  334  4  4511  4550  4555  4576  
192  31  1  4569  
242  86  1  4527  
251  31  1  4534  
256  14  1  4555  
287  7  1  4576  
288  244  1  4569  
292  230  1  4526  
301  199  3  4526  4527  4528  
317  46  1  4534  
389  21  1  4511  
401  79  1  4531  
408  157  2  4527  4576  
431  732  11  4502  4511  4513  4516  4526  4543  4550  4567  4576  4583  4590  
528  30  3  4552  4555  4587  
578  150  2  4552  4555  
606  158  2  4543  4587  
676  232  5  4519  4546  4577  4587  4590  
680  93  1  4527  
694  2  1  4576  
695  77  1  4526  
698  50  1  4590  
699  68  1  4527  
702  773  20  4511  4513  4516  4526  4527  4528  4531  4543  4546  4550  4552  4555  4567  4569  4576  4577  4583  4587  4590  4596  
719  224  1  4550  
724  317  11  4511  4513  4526  4527  4534  4543  4550  4566  4569  4576  4596  
725  41  1  4531  
746  272  4  4543  4550  4552  4569  
749  29  1  4577  
758  165  1  4569  
771  61  2  4577  4587  
781  39  1  4531  
785  91  1  4534  
834  12  1  4531  
859  22  1  4555  
871  29  1  4534  
903  47  1  4527  
914  238  2  4519  4550  
917  297  1  4531  
943  41  1  4511  
955  86  1  4531  
960  41  1  4596  
962  9  1  4511  
972  196  2  4569  4590  
987  95  1  4583  
1009  305  1  4531  
1032  62  1  4511  
1038  399  14  4500  4501  4502  4511  4513  4516  4527  4534  4543  4550  4552  4555  4567  4569  
1041  135  1  4584  
1054  472  3  4516  4550  4567  
1066  599  5  4531  4534  4550  4577  4590  
1100  107  1  4527  
1104  61  1  4502  
1110  218  2  4527  4550  
1115  65  1  4531  
1180  65  1  4555  
1197  290  1  4596  
1261  462  7  4526  4531  4534  4543  4569  4590  4596  
1288  3  1  4552  
1351  11  1  4587  
1354  156  2  4511  4576  
1355  72  1  4531  
1376  210  2  4511  4555  
1421  244  10  4516  4526  4531  4543  4552  4561  4569  4583  4587  4596  
1427  587  5  4516  4527  4550  4569  4596  
1466  30  1  4511  
1481  355  2  4534  4550  
1496  39  2  4576  4583  
1511  36  2  4526  4534  
1529  9  1  4511  
1532  66  2  4543  4590  
1538  55  3  4519  4531  4552  
1558  25  1  4555  
1561  50  1  4550  
1570  93  1  4543  
1571  112  4  4531  4569  4590  4596  
1589  14  2  4552  4555  
1591  14  1  4555  
1616  76  2  4550  4561  
1634  97  1  4550  
1659  44  3  4527  4534  4543  
1678  10  1  4589  
1683  49  1  4576  
1694  73  1  4550  
1705  47  1  4577  
1744  36  2  4534  4587  
1765  33  5  4534  4550  4555  4567  4590  
1772  204  8  4511  4527  4534  4543  4555  4561  4576  4577  
1817  181  1  4596  
1845  63  1  4587  
1851  27  1  4531  
1873  22  1  4569  
1877  8  2  4552  4583  
1901  50  1  4550  
1939  47  1  4550  
1948  113  2  4543  4576  
1950  122  2  4526  4531  
1962  146  2  4550  4596  
1971  145  4  4513  4531  4543  4576  
2008  61  1  4552  
2056  241  5  4516  4543  4550  4576  4596  
2059  108  1  4531  
2074  49  1  4526  
2075  95  2  4526  4567  
2080  58  1  4550  
2109  164  2  4511  4516  
2111  67  1  4590  
2134  111  1  4531  
2137  252  4  4534  4543  4550  4555  
2177  189  5  4511  4531  4534  4569  4590  
2188  71  1  4531  
2190  72  3  4516  4531  4555  
2193  66  1  4516  
2215  34  1  4531  
2252  42  1  4531  
2273  142  1  4511  
2283  324  6  4516  4546  4550  4552  4555  4587  
2301  100  2  4531  4543  
2303  46  1  4511  
2305  13  1  4534  
2313  44  1  4576  
2329  47  2  4550  4569  
2340  105  2  4526  4527  
2342  70  1  4531  
2351  180  2  4546  4590  
2356  893  12  4511  4513  4527  4531  4543  4546  4550  4555  4576  4577  4587  4590  
2357  32  1  4576  
2367  146  1  4590  
2376  60  1  4567  
2381  13  1  4569  
2391  64  1  4555  
2405  46  1  4531  
2408  108  2  4534  4567  
2436  269  4  4531  4543  4550  4576  
2440  49  1  4531  
2443  307  10  4501  4502  4513  4534  4543  4546  4555  4576  4577  4587  
2445  164  1  4569  
2451  126  3  4552  4567  4569  
2464  6  1  4552  
2469  156  1  4569  
2471  618  15  4511  4516  4526  4527  4543  4550  4552  4555  4561  4569  4576  4577  4584  4587  4596  
2472  38  4  4511  4543  4550  4596  
2476  149  2  4576  4587  
2482  74  3  4543  4550  4569  
2485  80  4  4501  4511  4543  4552  
2487  75  1  4526  
2490  103  2  4511  4527  
2491  9  1  4534  
2514  16  1  4527  
2521  79  1  4587  
2532  23  2  4534  4550  
2546  46  3  4531  4567  4569  
2547  35  2  4550  4569  
2562  173  1  4576  
2595  39  2  4531  4587  
2616  16  1  4550  
2632  282  6  4511  4527  4555  4576  4577  4587  
2647  14  1  4596  
2666  57  2  4569  4596  
2685  62  1  4552  
2687  36  4  4511  4513  4534  4543  
2691  123  1  4531  
2692  11  1  4513  
2702  10  1  4555  
2715  238  9  4511  4513  4527  4534  4543  4550  4555  4576  4577  
2716  55  3  4526  4527  4590  
2720  357  11  4511  4516  4527  4543  4550  4555  4576  4577  4583  4587  4596  
2729  44  1  4527  
2731  28  1  4513  
2735  55  2  4513  4543  
2746  43  1  4569  
2748  5  1  4569  
2753  15  1  4555  
2755  51  1  4526  
2756  123  2  4526  4576  
2772  175  3  4511  4569  4576  
2773  39  1  4531  
2774  189  3  4500  4534  4589  
2780  38  1  4550  
2801  44  1  4502  
2802  48  1  4511  
2823  62  1  4531  
2827  37  1  4519  
2831  81  2  4569  4587  
2848  21  1  4576  
2875  49  1  4584  
2883  10  1  4500  
2918  68  1  4527  
2936  41  2  4513  4526  
2954  19  1  4583  
2964  28  1  4550  
2983  95  2  4566  4576  
2999  69  3  4531  4569  4587  
3040  18  1  4527  
3058  35  1  4569  
3064  273  5  4534  4543  4569  4576  4577  
3095  12  1  4550  
3098  60  2  4526  4569  
3100  33  1  4543  
3102  156  1  4576  
3110  122  5  4534  4543  4550  4555  4576  
3112  89  2  4550  4555  
3140  20  1  4531  
3142  21  1  4550  
3144  271  9  4500  4501  4511  4513  4516  4531  4555  4569  4587  
3146  314  16  4501  4511  4513  4516  4526  4527  4534  4543  4550  4552  4555  4569  4576  4577  4587  4596  
3149  131  8  4511  4516  4534  4543  4555  4567  4577  4596  
3150  319  14  4501  4511  4513  4516  4526  4527  4531  4543  4550  4555  4576  4583  4584  4587  
3151  148  1  4511  
3152  68  5  4511  4527  4534  4543  4550  
3153  241  10  4511  4531  4543  4550  4555  4569  4576  4577  4587  4596  
3154  166  4  4501  4527  4543  4561  
3155  69  3  4511  4527  4534  
3156  92  4  4516  4552  4587  4596  
3157  22  2  4527  4534  
3158  101  1  4528  
3160  56  1  4555  
3163  17  1  4527  
3169  15  1  4534  
3174  102  1  4576  
3191  114  3  4516  4526  4596  
3206  48  1  4587  
3209  71  1  4527  
3227  5  1  4513  
3251  147  2  4576  4589  
3253  45  2  4552  4555  
3264  156  3  4531  4552  4569  
3289  205  13  4501  4511  4526  4527  4531  4534  4543  4550  4552  4555  4567  4569  4596  
3290  144  3  4567  4576  4577  
3304  91  2  4511  4526  
3307  82  1  4596  
3312  12  1  4511  
3314  212  4  4527  4531  4552  4567  
3315  362  7  4516  4526  4531  4552  4567  4569  4583  
3316  44  1  4552  
3327  9  1  4511  
3330  39  2  4583  4590  
3332  87  3  4543  4576  4577  
3338  144  2  4550  4576  
3362  95  1  4584  
3395  85  2  4534  4550  
3403  10  2  4569  4578  
3442  99  2  4526  4596  
3443  232  3  4511  4534  4590  
3446  27  1  4534  
3447  46  1  4526  
3449  113  12  4511  4513  4516  4526  4527  4534  4543  4550  4555  4569  4576  4587  
3451  23  1  4596  
3459  45  2  4526  4569  
3466  94  6  4531  4555  4561  4577  4578  4589  
3479  20  2  4527  4550  
3490  18  2  4500  4513  
3498  82  3  4511  4516  4526  
3544  33  2  4531  4569  
3548  42  1  4531  
3551  15  1  4567  
3583  85  2  4550  4576  
3587  23  1  4526  
3592  89  2  4531  4576  
3596  90  1  4513  
3598  7  1  4569  
3601  145  5  4502  4528  4534  4569  4584  
3607  20  1  4531  
3617  57  3  4516  4587  4596  
3631  21  1  4569  
3648  147  3  4516  4526  4534  
3652  104  2  4519  4569  
3653  68  2  4567  4584  
3656  89  1  4513  
3657  257  14  4511  4516  4526  4527  4543  4550  4552  4555  4567  4569  4576  4577  4583  4587  
3658  89  1  4534  
3665  3  1  4555  
3666  23  1  4511  
3672  27  1  4569  
3679  111  5  4511  4516  4534  4550  4555  
3682  115  3  4516  4576  4583  
3685  86  6  4526  4550  4555  4561  4576  4577  
3686  77  5  4550  4555  4576  4577  4596  
3704  155  4  4513  4534  4550  4569  
3713  4  1  4511  
3725  41  2  4511  4513  
3736  64  1  4596  
3738  12  1  4519  
3742  76  1  4587  
3743  2  1  4516  
3749  84  4  4511  4550  4561  4587  
3750  43  1  4587  
3755  16  1  4511  
3800  65  4  4511  4527  4534  4543  
3801  53  2  4569  4576  
3808  112  6  4527  4543  4555  4576  4577  4587  
3811  41  3  4534  4566  4577  
3844  24  1  4511  
3848  11  1  4516  
3855  52  2  4526  4587  
3868  17  2  4550  4587  
3878  7  1  4583  
3879  278  5  4516  4526  4546  4569  4596  
3898  12  1  4555  
3903  32  3  4531  4567  4587  
3906  40  1  4502  
3909  10  2  4527  4543  
3914  55  1  4519  
3919  80  1  4596  
3920  6  1  4550  
3921  50  1  4596  
3929  39  2  4502  4534  
3935  6  1  4550  
3981  12  1  4543  
3985  8  1  4552  
3994  202  11  4511  4527  4543  4550  4555  4569  4576  4577  4583  4587  4590  
3995  18  3  4527  4543  4550  
4001  36  1  4587  
4028  16  1  4519  
4035  153  6  4511  4513  4531  4569  4590  4596  
4038  31  1  4561  
4056  11  4  4527  4543  4550  4555  
4064  14  3  4501  4534  4576  
4069  8  1  4546  
4073  81  8  4500  4501  4502  4511  4513  4526  4527  4550  
4082  45  6  4501  4511  4513  4534  4561  4587  
4083  100  3  4526  4569  4596  
4090  16  1  4526  
4095  11  3  4543  4576  4577  
4102  40  1  4531  
4113  27  1  4576  
4116  6  1  4578  
4122  71  3  4526  4546  4567  
4152  228  7  4531  4534  4543  4550  4567  4569  4590  
4163  11  1  4569  
4168  8  1  4587  
4169  114  3  4569  4584  4589  
4176  46  2  4534  4569  
4185  7  1  4550  
4187  96  4  4534  4543  4555  4583  
4192  20  1  4511  
4196  57  6  4534  4543  4550  4555  4576  4596  
4217  25  1  4511  
4218  8  1  4550  
4220  121  2  4569  4596  
4225  62  1  4569  
4226  46  1  4569  
4231  36  8  4527  4528  4543  4555  4561  4576  4577  4587  
4251  4  1  4534  
4256  34  3  4513  4534  4543  
4259  7  1  4511  
4263  53  2  4555  4569  
4285  62  2  4531  4590  
4288  73  3  4531  4546  4569  
4304  46  1  4583  
4309  28  1  4513  
4315  101  6  4526  4531  4552  4569  4578  4596  
4319  168  2  4569  4596  
4320  78  4  4531  4534  4543  4596  
4337  34  4  4543  4555  4561  4584  
4350  30  4  4511  4555  4576  4587  
4380  79  3  4534  4567  4569  
4383  11  1  4501  
4384  169  14  4511  4516  4526  4527  4543  4550  4552  4555  4569  4576  4577  4583  4587  4596  
4407  10  1  4531  
4411  9  3  4534  4566  4587  
4417  2  1  4587  
4418  17  1  4511  
4422  31  2  4543  4550  
4426  10  3  4511  4513  4527  
4427  214  9  4511  4526  4543  4546  4550  4555  4576  4587  4590  
4436  13  2  4543  4587  
4437  60  5  4511  4527  4543  4550  4555  
4439  25  4  4526  4534  4555  4587  
4440  361  17  4511  4513  4516  4526  4527  4534  4543  4550  4552  4555  4567  4569  4576  4583  4584  4587  4596  
4446  44  4  4511  4569  4576  4587  
4448  23  1  4550  
4453  53  2  4527  4531  
4454  43  6  4513  4534  4543  4550  4561  4587  
4459  23  2  4543  4555  
4463  4  1  4587  
4470  115  3  4516  4587  4590  
4473  28  2  4534  4577  
4474  27  4  4527  4534  4576  4587  
4475  14  1  4576  
4476  4  1  4531  
4481  10  1  4550  
4485  139  4  4527  4528  4576  4590  
4486  172  2  4567  4583  
4489  43  1  4531  
4490  26  1  4596  
4496  18  2  4511  4569  
4498  7  1  4527  
4500  2  1  4543  
4506  11  1  4576  
4507  8  1  4511  
4508  1  1  4511  
4509  52  2  4511  4531  
4510  2  1  4511  
4512  1  1  4513  
4522  10  1  4546  
4524  4  2  4546  4569  
4526  3  1  4527  
4530  3  1  4576  
4531  271  9  4516  4550  4567  4569  4576  4578  4587  4588  4590  
4532  3  1  4546  
4533  5  1  4534  
4535  1  1  4534  
4536  4  2  4534  4561  
4537  1  1  4543  
4538  1  1  4543  
4539  1  1  4543  
4540  8  1  4543  
4541  3  1  4543  
4542  1  1  4543  
4545  3  1  4550  
4546  14  2  4526  4550  
4547  1  1  4550  
4548  2  1  4550  
4549  14  1  4550  
4551  54  3  4531  4552  4555  
4552  127  4  4519  4531  4555  4590  
4553  3  1  4555  
4554  1  1  4555  
4555  33  1  4552  
4557  84  4  4569  4576  4577  4587  
4558  7  1  4576  
4560  4  1  4561  
4565  18  3  4576  4577  4587  
4567  9  1  4576  
4568  1  1  4576  
4569  69  1  4576  
4570  1  1  4576  
4571  54  2  4576  4587  
4572  3  2  4576  4587  
4573  1  1  4576  
4574  1  1  4576  
4575  1  1  4576  
4581  1  1  4587  
4582  11  1  4587  
4583  51  1  4587  
4584  1  1  4587  
4585  4  1  4587  
4599  12  1  4596  
4604  48  3  4531  4546  4590  
4607  29  1  4531  
4608  122  1  4590  
4611  139  4  4526  4552  4569  4596  
4612  101  3  4531  4569  4583  
4613  19  1  4546  
4614  217  4  4526  4531  4552  4567  
4615  49  2  4516  4569  
4617  14  1  4569  
4619  68  1  4596  
4620  152  1  4569  
4622  31  2  4516  4569  
4623  211  3  4516  4526  4583  
4624  312  7  4531  4546  4552  4567  4569  4583  4596  
4625  80  2  4569  4596  
4629  10  1  4526  
4631  32  1  4531  
4633  6  1  4569  
4636  15  1  4531  
4647  1  1  4584  
4648  21  1  4569  
4656  17  2  4531  4569  
4684  59  1  4569  
4686  7  1  4516  
4691  12  1  4531  
4694  9  1  4531  
4702  21  1  4596  
4710  22  1  4531  
4711  16  1  4596  
4715  61  1  4567  
4724  12  1  4596  
4727  24  1  4583  
4728  18  1  4569  
4745  10  1  4569  
4747  30  1  4546  
4763  15  2  4526  4569  
4764  6  1  4569  
4783  19  1  4596  
4800  40  1  4526  
4811  9  1  4526  
4826  26  1  4569  
4828  66  1  4583  
4831  63  2  4516  4531  
4838  8  1  4596  
4853  16  1  4596  
4854  1  1  4596  
4860  28  1  4590  
4868  30  1  4531  
4901  389  5  4531  4546  4567  4583  4590  
4906  39  1  4531  
4908  243  4  4552  4567  4569  4583  
4919  137  6  4516  4531  4546  4552  4567  4569  
4927  46  2  4526  4546  
4951  105  1  4583  
4962  30  1  4552  
4971  28  2  4516  4526  
4988  4  1  4526  
4992  36  1  4567  
5005  8  1  4569  
5009  1  1  4516  
5012  139  1  4552  
5031  8  1  4526  
5038  18  1  4526  
5045  49  2  4516  4569  
5050  50  1  4567  
5051  230  3  4526  4531  4569  
5058  4  1  4569  
5060  11  1  4583  
5065  44  1  4526  
5091  1  1  4526  
5092  1  1  4526  
5093  4  1  4526  
5106  4  1  4569  
5110  75  1  4531  
5112  42  1  4531  
5118  23  1  4516  
5120  2  1  4516  
5122  32  1  4552  
5129  191  3  4552  4567  4583  
5133  222  1  4546  
5135  385  4  4531  4546  4583  4590  
5144  79  1  4583  
5147  144  3  4519  4531  4546  
5149  84  1  4531  
5152  61  1  4583  
5155  98  1  4531  
5158  15  1  4569  
5160  12  1  4569  
5180  8  1  4569  
5182  92  1  4552  
5191  50  1  4531  
5193  6  1  4569  
5197  7  1  4569  
5202  2  1  4569  
5214  2  1  4569  
5215  1  1  4569  
5216  1  1  4569  
5230  7  1  4552  
5239  33  1  4567  
5257  14  1  4531  
5294  81  2  4583  4590  
5295  20  1  4531  
5297  5  1  4567  
5302  68  1  4531  
5303  6  1  4552  
5313  25  1  4531  
5325  80  1  4590  
5335  39  2  4552  4567  
5364  1  1  4552  
5365  1  1  4552  
5366  18  2  4552  4567  
5372  18  1  4531  
5380  11  1  4567  
5382  26  1  4531  
5389  4  1  4567  
5409  4  1  4567  
5410  7  1  4567  
5411  2  1  4567  
5439  10  1  4531  
5477  53  1  4531  
5497  35  1  4531  
5521  76  1  4531  
5546  190  2  4531  4583  
5557  23  1  4531  
5582  81  1  4531  
5655  58  1  4531  
5684  101  1  4531  
5690  17  1  4531  
5695  1  1  4583  
5696  1  1  4583  
5697  1  1  4583  
5698  1  1  4583  
5711  33  2  4531  4590  
5735  9  1  4531  
5737  29  1  4531  
5740  35  1  4531  
5741  43  1  4531  
5743  58  1  4531  
5772  177  4  4519  4531  4546  4590  
5789  160  1  4590  
5798  135  1  4590  
5840  6  1  4531  
5864  10  1  4531  
5869  2  1  4519  
5872  11  1  4590  
5923  24  2  4531  4590  
5933  42  1  4531  
5986  14  1  4531  
6010  19  1  4531  
6026  191  3  4519  4531  4590  
6063  47  1  4531  
6081  41  1  4531  
6094  81  1  4531  
6122  15  2  4531  4546  
6127  13  2  4546  4590  
6130  2  1  4531  
6145  36  1  4590  
6147  161  3  4531  4546  4590  
6149  27  2  4546  4590  
6153  31  1  4590  
6155  98  3  4531  4546  4590  
6156  37  2  4519  4590  
6157  118  1  4531  
6175  123  1  4546  
6180  93  1  4531  
6250  9  1  4531  
6294  47  1  4531  
6300  101  2  4531  4590  
6305  23  2  4531  4590  
6306  15  1  4519  
6335  89  2  4531  4546  
6348  39  2  4531  4590  
6352  2  1  4531  
6389  15  2  4531  4590  
6405  38  1  4531  
6420  15  1  4531  
6425  18  1  4546  
6430  6  1  4531  
6459  39  1  4531  
6546  3  1  4546  
6552  28  2  4531  4546  
6560  8  1  4531  
6578  39  1  4531  
6622  25  1  4546  
6626  26  2  4531  4590  
6627  36  1  4590  
6662  45  2  4519  4531  
6667  6  1  4590  
6669  4  1  4590  
6672  50  1  4531  
6673  1  1  4590  
6674  8  1  4590  
6680  13  2  4519  4531  
6695  3  1  4531  
6696  20  1  4519  
6699  11  1  4546  
6710  4  1  4531  
6723  12  2  4531  4546  
6730  23  2  4531  4546  
6745  2  1  4531  
6749  2  1  4531  
6750  2  1  4531  
6751  1  1  4531  
6752  2  1  4531  
6753  1  1  4531  
6768  24  1  4546  
6782  11  1  4546  
6796  27  1  4519  
6838  2  1  4546  
6850  11  1  4546  
6859  1  1  4546  
6860  1  1  4546  
6861  1  1  4546  
7010  9  1  4519  
7033  4  1  4519  
7042  1  1  4519  
