3  302  1  3527  
8  743  9  3509  3527  3537  3558  3568  3583  3585  3594  3597  
21  309  3  3533  3537  3544  
44  146  2  3532  3575  
65  275  5  3527  3532  3575  3578  3585  
66  109  3  3527  3532  3597  
67  164  1  3597  
81  122  2  3532  3597  
82  195  5  3511  3527  3532  3546  3589  
84  29  1  3553  
85  72  2  3532  3585  
103  190  2  3532  3589  
107  89  1  3558  
116  213  6  3509  3522  3537  3558  3585  3597  
121  132  1  3532  
129  99  2  3532  3551  
140  58  1  3597  
143  74  1  3597  
158  93  1  3575  
163  123  1  3527  
164  334  2  3532  3544  
169  63  1  3532  
182  21  1  3598  
192  31  1  3537  
292  230  1  3594  
293  321  2  3527  3596  
295  54  1  3575  
301  199  3  3532  3544  3585  
307  25  1  3594  
313  4  1  3527  
328  86  4  3509  3522  3558  3598  
333  11  1  3575  
350  117  1  3594  
431  732  10  3509  3522  3532  3544  3545  3551  3554  3583  3585  3589  
437  17  4  3568  3569  3571  3594  
494  142  1  3575  
530  34  1  3583  
531  26  1  3532  
548  214  1  3589  
578  150  1  3527  
587  46  1  3509  
606  158  3  3532  3544  3589  
628  5  1  3594  
629  47  1  3558  
635  118  1  3527  
637  100  1  3597  
661  264  2  3532  3585  
676  232  1  3551  
686  66  3  3511  3527  3597  
702  773  11  3500  3509  3511  3522  3532  3533  3544  3583  3585  3589  3596  
719  224  1  3527  
723  113  4  3511  3532  3575  3598  
724  317  1  3532  
746  272  2  3512  3594  
749  29  1  3554  
758  165  7  3527  3542  3544  3558  3575  3596  3597  
760  3  1  3575  
770  7  1  3589  
771  61  1  3547  
781  39  2  3511  3575  
783  99  1  3511  
785  91  1  3589  
807  122  6  3509  3512  3527  3532  3571  3583  
822  26  1  3500  
895  36  1  3575  
907  77  1  3597  
909  292  6  3509  3527  3537  3558  3568  3597  
914  238  3  3523  3558  3597  
915  45  2  3520  3527  
917  297  2  3532  3585  
959  49  1  3583  
962  9  1  3558  
977  156  1  3583  
978  29  1  3511  
987  95  1  3551  
1008  88  1  3558  
1022  60  1  3532  
1037  57  2  3509  3532  
1038  399  6  3511  3533  3546  3554  3583  3585  
1041  135  1  3533  
1054  472  7  3520  3527  3532  3537  3558  3568  3589  
1064  39  1  3511  
1066  599  11  3511  3520  3522  3527  3528  3532  3544  3558  3568  3585  3594  
1069  29  1  3509  
1085  43  1  3585  
1110  218  2  3558  3585  
1115  65  1  3511  
1120  77  2  3537  3583  
1140  35  1  3537  
1146  77  1  3511  
1162  61  1  3597  
1174  124  2  3527  3583  
1179  31  1  3533  
1183  34  2  3520  3522  
1189  76  1  3575  
1197  290  4  3522  3537  3575  3599  
1198  20  1  3506  
1211  181  2  3509  3594  
1261  462  7  3509  3522  3532  3544  3585  3589  3599  
1268  52  1  3532  
1269  17  1  3512  
1282  199  2  3527  3597  
1312  183  1  3597  
1347  26  1  3527  
1354  156  2  3532  3544  
1357  91  2  3537  3597  
1372  157  1  3532  
1376  210  1  3527  
1401  139  7  3500  3522  3537  3554  3568  3583  3598  
1416  68  2  3532  3583  
1421  244  5  3511  3527  3532  3544  3594  
1427  587  8  3516  3527  3532  3537  3546  3558  3569  3597  
1428  42  2  3537  3585  
1438  3  1  3565  
1481  355  4  3509  3522  3558  3575  
1518  19  1  3594  
1532  66  1  3589  
1538  55  1  3532  
1567  70  1  3597  
1571  112  1  3532  
1586  96  1  3511  
1598  45  1  3597  
1601  42  1  3597  
1617  68  2  3558  3568  
1618  35  3  3522  3558  3568  
1621  23  1  3585  
1634  97  3  3558  3568  3575  
1636  67  1  3533  
1639  141  4  3554  3565  3594  3597  
1658  26  2  3527  3597  
1660  38  1  3532  
1663  48  2  3596  3597  
1676  41  2  3583  3594  
1680  90  2  3527  3537  
1694  73  1  3527  
1705  47  2  3532  3544  
1730  33  1  3537  
1732  13  1  3520  
1738  44  1  3527  
1749  51  1  3522  
1772  204  5  3509  3522  3527  3568  3575  
1795  15  2  3522  3527  
1817  181  3  3527  3537  3597  
1826  29  1  3551  
1828  7  1  3522  
1829  56  1  3583  
1834  36  1  3551  
1843  39  2  3532  3544  
1845  63  2  3527  3558  
1850  63  1  3509  
1857  13  1  3527  
1901  50  1  3597  
1933  45  1  3546  
1939  47  2  3558  3575  
1944  39  1  3597  
1948  113  3  3527  3533  3569  
1956  44  2  3537  3585  
1962  146  3  3511  3516  3522  
1971  145  2  3511  3537  
1994  29  1  3532  
1996  65  1  3537  
2008  61  1  3596  
2042  15  1  3527  
2049  49  1  3512  
2056  241  7  3509  3522  3527  3537  3583  3585  3597  
2059  108  1  3589  
2069  22  2  3575  3597  
2073  247  4  3509  3528  3532  3599  
2074  49  2  3520  3527  
2075  95  2  3511  3597  
2080  58  4  3558  3568  3571  3585  
2090  32  1  3532  
2102  120  7  3506  3522  3527  3537  3575  3597  3599  
2109  164  2  3558  3575  
2111  67  2  3527  3537  
2134  111  6  3509  3532  3558  3568  3571  3575  
2137  252  11  3509  3522  3527  3533  3537  3553  3558  3565  3568  3594  3597  
2138  215  4  3527  3537  3558  3597  
2165  57  5  3522  3527  3537  3558  3568  
2172  14  1  3520  
2173  77  1  3585  
2177  189  3  3532  3533  3544  
2179  124  1  3522  
2188  71  1  3527  
2190  72  1  3509  
2193  66  3  3532  3544  3585  
2204  62  5  3527  3537  3558  3568  3597  
2215  34  1  3589  
2216  141  3  3528  3533  3594  
2240  50  2  3527  3589  
2256  31  1  3511  
2267  4  1  3509  
2273  142  1  3533  
2283  324  5  3511  3527  3532  3537  3597  
2285  21  2  3511  3527  
2301  100  5  3527  3537  3558  3583  3598  
2303  46  1  3527  
2305  13  1  3527  
2313  44  1  3527  
2321  7  1  3575  
2329  47  1  3532  
2334  37  1  3575  
2335  93  4  3509  3537  3558  3575  
2342  70  1  3568  
2348  77  2  3533  3585  
2351  180  4  3558  3568  3578  3594  
2356  893  18  3500  3506  3509  3520  3522  3527  3528  3533  3537  3544  3558  3568  3575  3583  3585  3589  3594  3596  
2367  146  3  3583  3585  3589  
2376  60  2  3511  3527  
2391  64  1  3500  
2398  29  2  3532  3585  
2405  46  1  3589  
2406  24  1  3551  
2408  108  6  3500  3506  3527  3547  3553  3565  
2436  269  14  3500  3506  3509  3522  3533  3537  3544  3545  3547  3558  3565  3583  3585  3594  
2438  113  4  3512  3537  3569  3597  
2439  104  5  3506  3533  3554  3558  3599  
2442  44  1  3547  
2443  307  5  3520  3583  3585  3589  3596  
2445  164  3  3509  3511  3522  
2451  126  1  3532  
2458  103  3  3537  3575  3597  
2469  156  3  3537  3554  3558  
2471  618  16  3511  3523  3527  3532  3533  3537  3544  3551  3554  3558  3565  3568  3583  3585  3597  3599  
2472  38  1  3575  
2474  44  1  3527  
2476  149  1  3544  
2482  74  4  3509  3522  3544  3575  
2483  168  7  3522  3527  3533  3537  3558  3597  3598  
2490  103  2  3597  3599  
2494  200  11  3509  3522  3527  3533  3537  3558  3568  3575  3597  3598  3599  
2521  79  1  3527  
2537  29  1  3532  
2546  46  1  3532  
2562  173  9  3500  3528  3532  3547  3553  3575  3585  3594  3597  
2585  18  1  3537  
2595  39  1  3585  
2597  7  1  3596  
2600  21  1  3527  
2604  124  4  3542  3568  3569  3597  
2620  139  11  3500  3509  3537  3547  3553  3554  3565  3568  3571  3575  3599  
2632  282  12  3509  3522  3527  3532  3533  3537  3558  3568  3575  3578  3594  3597  
2633  87  9  3509  3527  3537  3558  3568  3575  3594  3597  3599  
2641  28  1  3532  
2660  8  1  3583  
2666  57  2  3532  3544  
2685  62  1  3596  
2687  36  1  3585  
2691  123  2  3527  3532  
2692  11  1  3597  
2707  47  3  3527  3533  3537  
2715  238  5  3509  3537  3546  3583  3585  
2720  357  12  3511  3520  3533  3537  3544  3551  3558  3575  3583  3585  3594  3599  
2724  7  1  3523  
2729  44  2  3532  3544  
2735  55  2  3511  3532  
2746  43  1  3551  
2753  15  2  3537  3547  
2756  123  5  3509  3522  3527  3537  3568  
2770  52  1  3533  
2772  175  5  3512  3527  3532  3537  3544  
2773  39  1  3554  
2774  189  8  3516  3527  3532  3533  3537  3547  3554  3583  
2778  216  9  3509  3520  3522  3532  3544  3558  3568  3575  3585  
2781  13  1  3509  
2786  7  1  3597  
2800  52  6  3523  3537  3568  3571  3594  3598  
2801  44  1  3585  
2802  48  1  3596  
2813  34  2  3527  3596  
2823  62  2  3527  3537  
2831  81  1  3544  
2848  21  2  3532  3537  
2862  15  1  3537  
2877  88  1  3558  
2878  18  1  3585  
2899  79  6  3532  3558  3568  3575  3583  3585  
2902  13  1  3537  
2905  41  7  3527  3537  3558  3568  3594  3597  3599  
2915  20  1  3509  
2918  68  2  3532  3544  
2923  22  2  3558  3568  
2926  13  1  3558  
2935  6  1  3509  
2978  37  1  3537  
2983  95  3  3500  3537  3594  
2999  69  2  3583  3589  
3000  14  1  3527  
3001  79  2  3546  3594  
3008  20  6  3509  3569  3571  3575  3597  3599  
3011  36  1  3558  
3012  58  1  3597  
3013  8  1  3583  
3017  51  1  3509  
3021  15  3  3509  3522  3527  
3039  5  1  3575  
3045  18  1  3533  
3056  13  1  3523  
3062  55  4  3532  3537  3583  3585  
3064  273  11  3522  3527  3532  3537  3544  3553  3558  3568  3585  3594  3597  
3076  63  1  3568  
3084  43  2  3533  3537  
3090  180  2  3511  3596  
3095  12  1  3527  
3098  60  2  3544  3585  
3100  33  4  3527  3544  3594  3597  
3102  156  8  3506  3533  3537  3547  3554  3558  3571  3585  
3110  122  5  3544  3575  3583  3585  3589  
3112  89  4  3532  3537  3544  3554  
3122  30  2  3509  3544  
3137  88  2  3520  3533  
3139  2  1  3575  
3140  20  1  3512  
3144  271  5  3532  3533  3544  3545  3585  
3146  314  5  3511  3532  3533  3544  3585  
3147  27  2  3583  3585  
3148  98  3  3546  3583  3585  
3149  131  2  3544  3585  
3150  319  6  3532  3533  3544  3545  3583  3585  
3151  148  8  3522  3533  3546  3554  3558  3568  3583  3585  
3152  68  3  3533  3545  3585  
3153  241  4  3511  3532  3544  3585  
3154  166  7  3500  3509  3522  3527  3575  3597  3599  
3155  69  5  3511  3522  3527  3532  3537  
3156  92  3  3532  3533  3544  
3158  101  2  3533  3583  
3159  54  2  3583  3585  
3160  56  1  3585  
3163  17  1  3596  
3172  53  6  3568  3575  3594  3597  3598  3599  
3173  42  2  3511  3585  
3174  102  1  3585  
3176  17  2  3506  3547  
3178  20  1  3532  
3181  16  2  3527  3594  
3191  114  3  3532  3544  3596  
3206  48  1  3527  
3208  29  1  3596  
3209  71  1  3544  
3213  6  1  3522  
3214  64  10  3509  3522  3527  3528  3537  3558  3565  3568  3575  3594  
3226  81  12  3509  3522  3523  3527  3528  3537  3554  3558  3565  3568  3571  3594  
3229  7  1  3568  
3239  14  2  3522  3527  
3240  14  1  3527  
3241  10  1  3509  
3244  4  1  3500  
3245  40  2  3527  3597  
3251  147  6  3532  3544  3575  3578  3597  3599  
3252  42  4  3509  3558  3568  3575  
3253  45  2  3532  3558  
3254  4  1  3597  
3264  156  3  3511  3532  3589  
3278  52  2  3532  3585  
3289  205  5  3532  3533  3544  3553  3585  
3290  144  12  3522  3528  3537  3544  3558  3565  3568  3575  3583  3594  3596  3597  
3297  22  2  3527  3537  
3299  64  1  3527  
3303  32  3  3533  3575  3599  
3304  91  7  3509  3544  3547  3568  3575  3594  3599  
3306  48  7  3509  3522  3528  3533  3558  3565  3575  
3307  82  1  3532  
3308  63  5  3558  3565  3568  3594  3597  
3309  11  2  3558  3568  
3310  4  1  3544  
3314  212  5  3532  3533  3575  3589  3596  
3315  362  6  3511  3532  3551  3554  3568  3596  
3316  44  4  3575  3583  3594  3597  
3317  40  1  3597  
3319  13  3  3537  3558  3568  
3320  9  1  3522  
3331  38  6  3509  3522  3527  3546  3547  3554  
3332  87  2  3522  3594  
3333  36  5  3509  3537  3558  3568  3594  
3338  144  5  3532  3544  3571  3575  3585  
3339  6  1  3598  
3349  17  2  3500  3509  
3353  75  10  3509  3522  3533  3558  3565  3568  3571  3575  3594  3597  
3357  3  1  3509  
3362  95  2  3520  3596  
3391  93  6  3506  3547  3558  3565  3568  3575  
3395  85  2  3522  3575  
3411  11  1  3575  
3412  15  1  3589  
3421  8  1  3546  
3422  3  1  3565  
3432  12  1  3597  
3436  3  1  3522  
3442  99  5  3532  3544  3575  3585  3594  
3443  232  4  3520  3532  3544  3585  
3451  23  2  3522  3596  
3452  6  2  3527  3537  
3455  8  4  3527  3554  3558  3568  
3465  53  1  3594  
3466  94  2  3511  3589  
3467  47  1  3594  
3468  20  1  3554  
3479  20  1  3545  
3481  3  1  3527  
3483  35  1  3597  
3489  15  4  3558  3568  3575  3597  
3490  18  1  3585  
3492  8  1  3522  
3498  82  1  3585  
3507  5  1  3509  
3508  2  2  3509  3523  
3510  15  1  3509  
3520  2  1  3522  
3521  1  1  3522  
3523  1  1  3527  
3524  2  1  3527  
3525  3  1  3527  
3526  1  1  3527  
3532  9  1  3533  
3534  3  1  3537  
3535  1  1  3537  
3536  43  3  3537  3583  3585  
3546  17  1  3568  
3556  5  2  3578  3594  
3557  7  1  3532  
3566  1  1  3568  
3567  1  1  3568  
3570  1  1  3571  
3574  2  1  3575  
3576  3  1  3575  
3577  26  2  3575  3597  
3578  30  2  3594  3597  
3583  85  3  3533  3585  3598  
3584  1  1  3597  
3585  15  1  3532  
3588  16  1  3597  
3592  89  1  3596  
3593  1  1  3594  
3595  1  1  3597  
3596  90  3  3532  3544  3597  
3599  33  1  3533  
3601  145  2  3532  3585  
3607  20  1  3544  
3617  57  1  3532  
3639  2  1  3533  
3648  147  4  3511  3520  3585  3596  
3652  104  1  3544  
3653  68  1  3532  
3656  89  1  3533  
3657  257  6  3511  3532  3533  3551  3583  3585  
3658  89  2  3520  3585  
3674  131  4  3511  3533  3583  3585  
3679  111  1  3585  
3680  17  1  3544  
3681  29  1  3533  
3682  115  1  3532  
3685  86  2  3533  3546  
3686  77  2  3532  3544  
3690  15  1  3532  
3703  8  1  3532  
3704  155  3  3532  3544  3585  
3731  2  1  3583  
3736  64  1  3585  
3749  84  1  3532  
3787  1  1  3533  
3788  8  1  3533  
3808  112  4  3532  3533  3583  3585  
3811  41  2  3554  3589  
3855  52  2  3544  3585  
3870  38  1  3533  
3879  278  2  3532  3551  
3909  10  1  3533  
3914  55  1  3589  
3919  80  2  3532  3544  
3921  50  2  3532  3544  
3929  39  2  3511  3585  
3939  11  1  3585  
3983  6  1  3585  
3986  24  1  3583  
3989  2  1  3585  
3990  70  1  3585  
3993  6  2  3583  3585  
3994  202  4  3532  3533  3583  3585  
4001  36  1  3544  
4035  153  1  3589  
4037  20  1  3532  
4038  31  1  3532  
4067  9  1  3532  
4068  14  1  3583  
4073  81  2  3533  3554  
4078  9  1  3532  
4082  45  2  3583  3585  
4083  100  2  3532  3544  
4095  11  1  3533  
4096  33  2  3533  3583  
4102  40  2  3532  3551  
4104  10  2  3532  3551  
4113  27  1  3511  
4114  11  1  3585  
4115  2  1  3544  
4122  71  2  3520  3583  
4123  1  1  3583  
4130  1  1  3585  
4131  1  1  3585  
4132  2  1  3585  
4152  228  4  3511  3520  3544  3585  
4169  114  2  3532  3544  
4180  24  1  3585  
4187  96  2  3532  3551  
4193  14  1  3533  
4196  57  2  3520  3532  
4198  59  1  3533  
4218  8  1  3544  
4220  121  4  3511  3520  3532  3544  
4226  46  1  3544  
4231  36  1  3533  
4232  15  1  3544  
4248  38  2  3533  3544  
4256  34  1  3585  
4259  7  1  3545  
4263  53  1  3511  
4275  27  1  3511  
4285  62  1  3589  
4288  73  2  3532  3554  
4304  46  1  3532  
4305  20  1  3532  
4315  101  1  3585  
4319  168  1  3511  
4320  78  2  3544  3589  
4350  30  1  3533  
4367  28  1  3520  
4380  79  1  3511  
4384  169  2  3532  3544  
4409  7  1  3589  
4418  17  1  3533  
4422  31  1  3589  
4423  4  1  3533  
4427  214  2  3532  3544  
4436  13  1  3533  
4437  60  1  3544  
4440  361  5  3511  3532  3544  3551  3585  
4445  8  1  3533  
4446  44  1  3532  
4448  23  1  3533  
4453  53  1  3589  
4454  43  1  3532  
4456  1  1  3533  
4457  1  1  3533  
4470  115  1  3532  
4485  139  3  3532  3544  3551  
4486  172  4  3511  3532  3551  3554  
4489  43  2  3532  3589  
4490  26  1  3544  
4509  52  1  3596  
4531  271  2  3532  3551  
4540  8  1  3532  
4552  127  2  3511  3532  
4557  84  3  3511  3532  3544  
4569  69  2  3511  3544  
4583  51  1  3544  
4591  13  1  3532  
4599  12  1  3532  
4604  48  2  3511  3589  
4606  41  1  3532  
4608  122  3  3520  3589  3596  
4611  139  2  3532  3585  
4612  101  2  3532  3551  
4613  19  1  3551  
4614  217  5  3511  3532  3551  3585  3596  
4616  41  2  3532  3551  
4619  68  2  3532  3544  
4620  152  3  3511  3532  3551  
4624  312  6  3511  3520  3532  3544  3585  3589  
4628  18  1  3551  
4631  32  2  3520  3532  
4635  15  1  3532  
4663  24  1  3532  
4669  19  1  3532  
4672  44  1  3544  
4684  59  1  3554  
4685  75  1  3554  
4703  10  1  3544  
4711  16  1  3544  
4715  61  1  3511  
4732  3  1  3532  
4740  3  1  3544  
4760  1  1  3544  
4761  1  1  3544  
4762  1  1  3544  
4814  48  1  3532  
4817  37  1  3511  
4824  1  1  3532  
4828  66  2  3511  3532  
4831  63  2  3520  3596  
4832  26  1  3520  
4837  19  1  3585  
4853  16  1  3589  
4868  30  1  3511  
4901  389  5  3511  3520  3532  3551  3589  
4908  243  5  3511  3520  3532  3551  3596  
4919  137  2  3511  3589  
4933  13  1  3532  
4934  2  1  3511  
4948  2  1  3532  
4956  11  2  3511  3532  
4965  8  1  3532  
4973  16  1  3532  
4977  66  2  3585  3589  
4986  28  1  3554  
5031  8  1  3585  
5040  3  1  3589  
5045  49  1  3554  
5050  50  1  3511  
5051  230  3  3511  3532  3551  
5060  11  1  3551  
5065  44  1  3532  
5069  10  1  3511  
5080  45  2  3532  3551  
5129  191  1  3532  
5130  3  1  3532  
5131  12  1  3532  
5132  23  1  3532  
5133  222  2  3532  3589  
5134  2  1  3532  
5135  385  5  3520  3532  3551  3589  3596  
5136  2  1  3532  
5137  33  1  3532  
5138  16  1  3532  
5139  83  3  3511  3520  3532  
5140  27  1  3532  
5141  6  1  3532  
5142  21  1  3532  
5143  29  2  3511  3532  
5144  79  1  3532  
5145  41  1  3532  
5146  2  1  3532  
5147  144  3  3532  3551  3589  
5148  5  1  3532  
5149  84  1  3532  
5150  75  1  3532  
5151  67  2  3511  3532  
5152  61  2  3532  3554  
5153  20  1  3532  
5154  22  1  3532  
5155  98  4  3511  3532  3551  3589  
5156  12  1  3532  
5212  10  1  3554  
5241  42  2  3511  3551  
5242  11  1  3511  
5257  14  1  3520  
5294  81  1  3589  
5302  68  1  3589  
5313  25  1  3511  
5335  39  1  3589  
5356  4  1  3551  
5359  32  1  3589  
5366  18  1  3511  
5439  10  1  3589  
5476  31  1  3551  
5477  53  1  3589  
5480  31  1  3589  
5493  5  1  3511  
5494  1  1  3511  
5495  75  3  3511  3589  3596  
5496  5  1  3511  
5519  88  1  3520  
5528  52  1  3520  
5546  190  2  3520  3551  
5557  23  1  3596  
5574  17  1  3551  
5621  23  1  3551  
5655  58  1  3589  
5676  85  1  3551  
5706  33  1  3520  
5711  33  1  3589  
5743  58  1  3589  
5772  177  1  3589  
5789  160  1  3520  
5798  135  3  3520  3589  3596  
5803  1  1  3551  
5826  11  1  3589  
5874  100  1  3520  
5915  22  1  3520  
5921  77  1  3520  
5933  42  1  3520  
6026  191  3  3520  3589  3596  
6033  95  2  3520  3589  
6037  29  1  3589  
6054  57  1  3596  
6080  10  1  3589  
6094  81  2  3520  3589  
6106  13  1  3589  
6147  161  1  3589  
6152  142  2  3589  3596  
6155  98  2  3520  3596  
6157  118  3  3520  3589  3596  
6171  70  2  3520  3589  
6180  93  3  3520  3589  3596  
6194  5  1  3520  
6215  24  1  3589  
6244  4  1  3589  
6296  12  1  3589  
6300  101  2  3520  3589  
6308  21  1  3596  
6322  11  1  3596  
6335  89  1  3589  
6348  39  1  3589  
6376  15  1  3589  
6405  38  1  3589  
6412  4  1  3589  
6414  24  1  3589  
6420  15  1  3520  
6425  18  1  3589  
6453  10  1  3589  
6459  39  1  3589  
6552  28  1  3589  
6566  33  1  3589  
6578  39  1  3589  
6609  6  1  3589  
6635  19  1  3589  
6639  19  1  3589  
6657  30  1  3589  
6662  45  1  3589  
6672  50  1  3589  
6692  11  1  3589  
6693  19  1  3589  
6723  12  1  3589  
6782  11  1  3589  
6806  4  1  3589  
6811  1  1  3589  
6812  2  1  3589  
