8  743  5  3903  3946  3973  3975  3977  
17  187  1  3937  
21  309  3  3906  3916  3937  
24  102  2  3903  3957  
50  39  2  3903  3949  
65  275  4  3903  3906  3917  3937  
67  164  1  3903  
81  122  1  3906  
82  195  3  3900  3906  3957  
85  72  1  3903  
103  190  3  3926  3958  3994  
104  95  1  3988  
116  213  6  3903  3930  3946  3957  3973  3975  
121  132  2  3937  3977  
129  99  2  3903  3968  
140  58  2  3930  3946  
142  28  2  3937  3960  
176  37  1  3946  
192  31  1  3906  
218  50  1  3906  
256  14  1  3985  
288  244  1  3930  
290  142  1  3937  
293  321  1  3988  
301  199  1  3903  
317  46  1  3930  
328  86  2  3903  3977  
350  117  3  3903  3906  3977  
372  42  1  3908  
384  145  1  3903  
401  79  1  3937  
408  157  1  3957  
410  6  1  3926  
424  9  2  3957  3959  
431  732  6  3903  3926  3957  3958  3968  3994  
494  142  1  3977  
504  121  1  3906  
548  214  3  3906  3946  3994  
578  150  2  3957  3977  
581  25  1  3903  
606  158  2  3957  3977  
635  118  2  3930  3946  
676  232  4  3903  3958  3985  3994  
680  93  4  3946  3947  3948  3977  
686  66  2  3903  3957  
695  77  1  3906  
699  68  1  3903  
702  773  6  3903  3906  3908  3957  3975  3988  
719  224  4  3916  3937  3946  3977  
724  317  5  3903  3906  3921  3957  3994  
729  60  1  3946  
732  16  7  3916  3917  3930  3937  3946  3973  3977  
739  90  1  3946  
746  272  1  3959  
758  165  2  3968  3973  
771  61  1  3903  
783  99  1  3947  
785  91  1  3926  
807  122  4  3903  3924  3947  3959  
870  27  2  3947  3957  
877  42  1  3906  
892  72  1  3930  
895  36  2  3937  3946  
907  77  1  3930  
909  292  3  3946  3958  3985  
914  238  2  3930  3977  
915  45  1  3946  
917  297  4  3903  3946  3957  3977  
924  12  1  3903  
926  138  1  3975  
931  6  1  3930  
932  7  1  3937  
937  5  1  3903  
955  86  1  3903  
960  41  1  3968  
961  21  1  3977  
987  95  1  3968  
1008  88  1  3903  
1009  305  1  3958  
1022  60  1  3957  
1033  13  1  3977  
1037  57  1  3977  
1038  399  16  3903  3916  3917  3921  3924  3930  3937  3946  3947  3957  3959  3960  3968  3973  3975  3977  
1041  135  2  3903  3930  
1046  48  1  3957  
1054  472  5  3903  3906  3946  3975  3988  
1066  599  6  3903  3921  3926  3946  3968  3973  
1067  158  1  3930  
1104  61  1  3903  
1110  218  2  3957  3977  
1135  103  1  3930  
1146  77  1  3946  
1173  69  1  3930  
1175  4  1  3908  
1180  65  1  3985  
1197  290  1  3937  
1243  30  1  3906  
1246  20  1  3937  
1261  462  5  3903  3906  3908  3926  3988  
1312  183  1  3916  
1352  20  1  3977  
1354  156  2  3903  3957  
1357  91  1  3906  
1372  157  1  3975  
1376  210  3  3957  3959  3967  
1386  41  1  3916  
1401  139  2  3957  3977  
1416  68  1  3903  
1421  244  2  3906  3975  
1427  587  4  3903  3906  3916  3957  
1428  42  5  3916  3930  3937  3946  3977  
1430  81  1  3903  
1481  355  4  3906  3926  3930  3946  
1487  73  1  3903  
1496  39  1  3903  
1532  66  1  3959  
1538  55  1  3908  
1550  4  1  3937  
1561  50  1  3988  
1567  70  2  3916  3937  
1570  93  1  3994  
1571  112  2  3906  3937  
1598  45  1  3946  
1601  42  1  3903  
1602  55  1  3903  
1616  76  2  3917  3977  
1629  47  2  3968  3994  
1636  67  1  3926  
1671  129  1  3906  
1674  43  1  3916  
1677  105  1  3975  
1678  10  1  3903  
1694  73  2  3906  3977  
1705  47  1  3957  
1824  47  1  3903  
1834  36  1  3946  
1843  39  2  3921  3926  
1873  22  1  3906  
1886  4  1  3903  
1901  50  1  3906  
1933  45  2  3903  3917  
1939  47  2  3906  3977  
1948  113  1  3957  
1956  44  2  3903  3977  
1961  14  2  3930  3948  
1962  146  1  3903  
1970  23  1  3916  
1971  145  4  3903  3946  3957  3977  
2008  61  1  3906  
2035  15  1  3946  
2037  11  1  3946  
2042  15  1  3958  
2048  143  10  3916  3930  3937  3946  3947  3959  3967  3973  3975  3977  
2056  241  6  3903  3930  3946  3973  3975  3977  
2059  108  1  3917  
2066  38  1  3926  
2073  247  2  3903  3957  
2075  95  1  3916  
2080  58  1  3973  
2090  32  1  3957  
2091  8  1  3903  
2102  120  2  3946  3959  
2109  164  2  3906  3957  
2110  48  4  3916  3930  3973  3977  
2133  19  1  3916  
2134  111  2  3947  3957  
2137  252  7  3916  3937  3946  3959  3967  3973  3977  
2172  14  1  3977  
2177  189  2  3958  3985  
2179  124  1  3926  
2183  49  2  3930  3946  
2188  71  1  3903  
2193  66  2  3903  3957  
2215  34  1  3957  
2216  141  2  3948  3968  
2240  50  1  3957  
2252  42  3  3908  3926  3958  
2283  324  4  3906  3926  3946  3985  
2301  100  1  3957  
2303  46  1  3968  
2329  47  1  3903  
2335  93  2  3906  3926  
2340  105  2  3916  3959  
2350  82  2  3930  3946  
2351  180  3  3908  3930  3946  
2355  50  1  3906  
2356  893  18  3903  3908  3916  3921  3926  3930  3937  3946  3947  3948  3957  3958  3968  3973  3975  3977  3985  3988  
2357  32  1  3903  
2378  12  1  3916  
2384  49  1  3906  
2388  9  1  3957  
2391  64  1  3903  
2408  108  2  3906  3947  
2430  7  1  3917  
2431  39  1  3975  
2436  269  4  3930  3957  3975  3977  
2443  307  8  3903  3937  3948  3958  3959  3973  3977  3988  
2445  164  3  3930  3937  3977  
2458  103  1  3903  
2469  156  1  3903  
2471  618  8  3903  3906  3921  3937  3946  3957  3973  3977  
2472  38  1  3988  
2479  64  2  3903  3967  
2482  74  1  3930  
2490  103  5  3903  3906  3930  3973  3975  
2494  200  9  3916  3930  3937  3946  3959  3968  3973  3975  3977  
2506  33  1  3957  
2519  39  1  3903  
2521  79  3  3930  3946  3959  
2547  35  1  3946  
2562  173  1  3957  
2565  6  1  3903  
2579  19  1  3903  
2596  50  6  3916  3917  3937  3946  3975  3977  
2604  124  2  3916  3946  
2613  44  2  3903  3985  
2620  139  10  3900  3903  3917  3930  3937  3946  3947  3948  3959  3968  
2632  282  3  3903  3906  3957  
2666  57  1  3903  
2685  62  2  3930  3937  
2700  19  1  3967  
2707  47  1  3957  
2712  70  1  3977  
2715  238  2  3903  3975  
2716  55  1  3916  
2720  357  8  3903  3906  3917  3926  3957  3967  3968  3975  
2731  28  2  3903  3985  
2735  55  1  3903  
2755  51  6  3906  3930  3937  3946  3957  3975  
2756  123  1  3957  
2761  44  2  3903  3906  
2772  175  3  3903  3916  3946  
2773  39  1  3903  
2774  189  4  3903  3946  3947  3960  
2778  216  7  3937  3946  3948  3959  3973  3977  3985  
2825  8  1  3906  
2827  37  1  3985  
2829  12  1  3908  
2831  81  1  3957  
2845  10  1  3930  
2847  9  3  3957  3958  3959  
2875  49  2  3903  3985  
2877  88  1  3937  
2899  79  4  3930  3946  3948  3977  
2915  20  1  3977  
2916  10  1  3946  
2918  68  1  3957  
2929  8  1  3937  
2936  41  1  3906  
2983  95  2  3906  3977  
3012  58  3  3930  3947  3977  
3017  51  2  3946  3958  
3026  7  1  3916  
3064  273  11  3903  3916  3921  3930  3937  3946  3957  3968  3973  3975  3977  
3076  63  3  3903  3930  3948  
3084  43  1  3947  
3098  60  2  3903  3906  
3101  10  1  3903  
3102  156  6  3937  3947  3948  3957  3959  3977  
3110  122  3  3903  3916  3957  
3137  88  4  3917  3930  3959  3960  
3142  21  2  3903  3975  
3144  271  4  3903  3921  3926  3957  
3146  314  4  3903  3906  3957  3975  
3148  98  12  3900  3903  3916  3930  3937  3946  3947  3948  3959  3960  3973  3975  
3149  131  4  3916  3957  3959  3977  
3150  319  5  3903  3906  3921  3957  3973  
3151  148  4  3903  3946  3968  3977  
3153  241  10  3906  3917  3926  3946  3947  3957  3959  3973  3975  3977  
3154  166  3  3903  3973  3975  
3155  69  1  3906  
3156  92  2  3921  3957  
3158  101  1  3903  
3159  54  1  3906  
3166  23  1  3903  
3173  42  1  3906  
3174  102  6  3900  3903  3917  3930  3947  3975  
3181  16  1  3930  
3191  114  1  3903  
3206  48  1  3957  
3208  29  1  3946  
3209  71  1  3994  
3217  3  1  3916  
3225  4  1  3916  
3226  81  2  3973  3977  
3238  6  1  3937  
3243  16  1  3959  
3246  3  1  3908  
3250  18  1  3903  
3251  147  3  3903  3937  3973  
3253  45  1  3903  
3264  156  3  3958  3988  3994  
3278  52  1  3957  
3289  205  4  3903  3906  3957  3975  
3290  144  6  3916  3930  3946  3973  3975  3977  
3299  64  4  3903  3924  3946  3975  
3303  32  1  3937  
3304  91  3  3903  3916  3977  
3306  48  1  3916  
3307  82  3  3903  3926  3946  
3308  63  6  3900  3937  3946  3948  3959  3960  
3314  212  3  3903  3916  3957  
3315  362  2  3906  3926  
3317  40  5  3930  3937  3960  3973  3975  
3331  38  3  3967  3973  3977  
3332  87  6  3916  3930  3937  3946  3975  3977  
3333  36  2  3924  3930  
3334  10  1  3903  
3338  144  2  3946  3975  
3353  75  2  3917  3937  
3362  95  3  3903  3924  3977  
3363  8  1  3906  
3391  93  6  3916  3937  3946  3968  3975  3977  
3395  85  4  3903  3916  3957  3973  
3426  16  3  3946  3947  3960  
3434  11  6  3937  3946  3959  3969  3973  3977  
3442  99  1  3903  
3443  232  6  3903  3916  3926  3930  3946  3957  
3446  27  1  3903  
3447  46  3  3903  3906  3926  
3449  113  1  3903  
3459  45  1  3973  
3466  94  5  3903  3916  3924  3946  3977  
3467  47  2  3948  3959  
3471  10  1  3977  
3483  35  1  3903  
3490  18  1  3903  
3498  82  1  3903  
3499  6  1  3903  
3510  15  1  3930  
3517  2  1  3903  
3532  9  1  3903  
3544  33  1  3958  
3548  42  1  3903  
3549  29  2  3946  3975  
3550  4  1  3903  
3583  85  4  3903  3930  3946  3959  
3601  145  4  3903  3906  3958  3959  
3605  2  1  3937  
3610  32  1  3903  
3617  57  1  3903  
3622  28  1  3930  
3642  6  2  3946  3959  
3648  147  3  3903  3906  3908  
3649  15  1  3959  
3652  104  3  3957  3958  3959  
3653  68  2  3903  3921  
3656  89  1  3903  
3657  257  2  3906  3973  
3658  89  1  3926  
3666  23  1  3977  
3672  27  1  3903  
3674  131  6  3930  3937  3959  3973  3975  3977  
3679  111  6  3903  3906  3957  3973  3975  3977  
3681  29  1  3903  
3682  115  1  3957  
3683  33  4  3946  3959  3973  3977  
3685  86  1  3903  
3686  77  2  3946  3957  
3704  155  3  3903  3921  3926  
3714  16  2  3975  3977  
3721  25  1  3959  
3722  50  4  3900  3930  3947  3977  
3725  41  2  3959  3977  
3735  7  1  3959  
3736  64  4  3903  3973  3975  3977  
3740  37  4  3924  3959  3975  3977  
3742  76  1  3903  
3746  6  3  3916  3960  3967  
3749  84  2  3957  3975  
3750  43  3  3903  3917  3977  
3757  3  1  3908  
3770  3  1  3917  
3782  20  1  3957  
3786  7  1  3968  
3794  5  1  3903  
3800  65  6  3903  3937  3947  3948  3959  3973  
3802  3  1  3930  
3803  9  2  3975  3977  
3808  112  3  3903  3957  3958  
3811  41  1  3903  
3820  3  1  3977  
3850  3  1  3903  
3852  23  3  3916  3937  3946  
3855  52  2  3906  3957  
3860  6  1  3903  
3870  38  1  3957  
3877  3  1  3916  
3879  278  3  3906  3908  3957  
3884  29  2  3937  3959  
3885  8  1  3903  
3886  3  1  3959  
3889  2  1  3973  
3891  1  1  3959  
3893  8  2  3946  3959  
3894  3  2  3946  3977  
3907  1  1  3916  
3908  1  1  3916  
3909  10  2  3916  3930  
3910  7  1  3916  
3911  3  3  3916  3937  3946  
3912  2  1  3916  
3913  1  1  3916  
3914  55  2  3916  3988  
3915  1  1  3916  
3919  80  3  3903  3906  3957  
3920  6  1  3903  
3921  50  1  3957  
3925  1  1  3930  
3926  6  1  3930  
3927  1  1  3930  
3928  22  1  3930  
3929  39  4  3926  3930  3957  3985  
3932  1  1  3937  
3933  2  1  3937  
3934  1  1  3937  
3935  6  1  3937  
3936  1  1  3937  
3938  3  1  3946  
3939  11  1  3946  
3940  1  1  3946  
3941  5  1  3946  
3942  1  1  3946  
3943  1  1  3946  
3944  1  1  3946  
3945  4  2  3946  3958  
3950  1  1  3959  
3951  1  1  3959  
3952  3  1  3959  
3953  1  1  3959  
3954  1  1  3959  
3955  9  3  3957  3958  3959  
3956  1  1  3959  
3957  5  1  3959  
3968  2  1  3973  
3970  1  1  3973  
3971  17  2  3903  3973  
3972  11  2  3906  3973  
3975  15  1  3977  
3976  1  1  3977  
3982  12  1  3903  
3991  6  1  3957  
3994  202  4  3908  3957  3958  3988  
4001  36  2  3921  3957  
4017  1  1  3975  
4018  4  1  3975  
4036  12  1  3903  
4039  50  1  3957  
4062  9  1  3903  
4073  81  2  3903  3906  
4083  100  3  3903  3921  3957  
4090  16  1  3906  
4096  33  1  3903  
4098  3  1  3957  
4112  9  1  3903  
4122  71  1  3958  
4124  15  1  3957  
4152  228  5  3906  3921  3926  3968  3988  
4169  114  3  3903  3921  3957  
4175  19  1  3903  
4176  46  1  3926  
4177  10  1  3903  
4196  57  2  3906  3994  
4197  23  1  3903  
4198  59  1  3903  
4217  25  1  3906  
4220  121  2  3903  3926  
4223  11  2  3908  3957  
4235  4  1  3903  
4240  11  1  3903  
4245  2  1  3903  
4256  34  1  3903  
4275  27  1  3903  
4285  62  1  3957  
4288  73  2  3958  3985  
4315  101  2  3903  3906  
4320  78  1  3957  
4323  7  1  3926  
4334  24  1  3903  
4337  34  2  3903  3957  
4367  28  1  3908  
4378  7  1  3903  
4380  79  1  3903  
4384  169  3  3903  3926  3957  
4415  6  1  3903  
4416  1  1  3903  
4417  2  1  3903  
4427  214  6  3903  3906  3957  3958  3985  3988  
4440  361  4  3903  3906  3921  3957  
4452  16  1  3903  
4453  53  1  3903  
4454  43  1  3903  
4470  115  1  3957  
4473  28  1  3903  
4478  14  1  3903  
4482  9  1  3903  
4485  139  3  3903  3957  3994  
4486  172  1  3994  
4489  43  1  3926  
4490  26  1  3957  
4509  52  1  3903  
4531  271  5  3903  3906  3926  3957  3958  
4549  14  1  3903  
4552  127  3  3926  3958  3988  
4555  33  2  3903  3957  
4557  84  1  3957  
4569  69  2  3903  3906  
4591  13  1  3957  
4596  24  1  3957  
4604  48  1  3926  
4606  41  1  3903  
4607  29  1  3903  
4608  122  1  3985  
4610  35  1  3903  
4611  139  3  3903  3906  3957  
4614  217  3  3903  3906  3926  
4616  41  1  3903  
4619  68  1  3957  
4620  152  1  3903  
4623  211  1  3906  
4624  312  6  3903  3906  3908  3926  3957  3994  
4625  80  3  3903  3921  3957  
4626  10  1  3906  
4628  18  1  3903  
4635  15  1  3985  
4636  15  1  3903  
4638  15  1  3957  
4648  21  1  3903  
4669  19  1  3957  
4672  44  2  3926  3957  
4680  33  1  3926  
4685  75  2  3903  3906  
4688  2  1  3903  
4699  4  1  3957  
4702  21  1  3903  
4710  22  1  3957  
4711  16  1  3957  
4723  9  1  3903  
4730  32  1  3903  
4780  17  1  3958  
4781  2  1  3957  
4782  4  1  3957  
4783  19  1  3957  
4784  2  1  3957  
4785  1  1  3957  
4786  3  1  3957  
4787  1  1  3957  
4800  40  2  3903  3926  
4814  48  1  3926  
4828  66  2  3958  3994  
4831  63  1  3926  
4832  26  1  3926  
4836  17  1  3903  
4837  19  2  3903  3926  
4868  30  2  3903  3988  
4888  3  1  3903  
4901  389  4  3908  3926  3985  3988  
4905  6  1  3903  
4908  243  4  3903  3908  3968  3994  
4909  26  1  3903  
4926  8  1  3906  
4927  46  2  3903  3906  
4933  13  1  3903  
4946  8  1  3903  
4958  27  1  3903  
4971  28  1  3903  
4979  7  1  3903  
4981  15  1  3906  
4985  2  1  3903  
4988  4  1  3903  
4999  4  1  3903  
5002  21  1  3903  
5005  8  1  3903  
5012  139  1  3926  
5015  10  1  3903  
5023  5  1  3903  
5024  5  1  3903  
5025  4  1  3903  
5026  1  1  3903  
5027  2  1  3903  
5028  3  1  3903  
5038  18  1  3906  
5046  21  1  3906  
5051  230  3  3906  3958  3968  
5086  1  1  3906  
5087  2  1  3906  
5088  1  1  3906  
5089  2  1  3906  
5090  4  1  3906  
5110  75  1  3926  
5112  42  1  3988  
5129  191  1  3926  
5135  385  4  3908  3926  3958  3988  
5139  83  1  3926  
5144  79  2  3926  3968  
5147  144  2  3958  3985  
5149  84  1  3926  
5150  75  1  3926  
5151  67  2  3958  3985  
5154  22  1  3926  
5155  98  2  3908  3926  
5156  12  1  3968  
5182  92  3  3926  3958  3985  
5183  16  1  3958  
5192  27  1  3908  
5224  52  1  3988  
5228  10  1  3988  
5230  7  1  3985  
5270  5  1  3988  
5313  25  1  3988  
5325  80  2  3926  3985  
5335  39  1  3908  
5372  18  1  3994  
5471  3  1  3988  
5477  53  1  3958  
5480  31  1  3908  
5495  75  1  3908  
5519  88  1  3926  
5521  76  1  3926  
5528  52  1  3926  
5542  78  1  3926  
5546  190  3  3926  3968  3994  
5563  108  1  3994  
5593  4  1  3958  
5639  70  1  3926  
5656  6  1  3926  
5673  28  1  3994  
5735  9  1  3958  
5740  35  1  3926  
5741  43  2  3958  3988  
5743  58  1  3926  
5772  177  3  3958  3985  3988  
5783  18  1  3994  
5789  160  1  3926  
5793  104  1  3926  
5798  135  3  3908  3926  3988  
5801  50  2  3926  3968  
5831  29  2  3968  3994  
5857  2  1  3968  
5858  2  1  3968  
5874  100  1  3926  
5893  33  1  3958  
5915  22  2  3926  3958  
5936  11  1  3926  
5982  14  1  3926  
6002  15  1  3985  
6025  49  1  3926  
6026  191  4  3908  3926  3958  3985  
6032  44  1  3926  
6033  95  1  3926  
6037  29  1  3988  
6049  65  1  3926  
6054  57  1  3908  
6058  68  1  3908  
6063  47  2  3958  3985  
6081  41  1  3926  
6093  18  1  3926  
6094  81  1  3988  
6147  161  3  3958  3985  3988  
6149  27  1  3988  
6152  142  3  3908  3926  3988  
6153  31  1  3958  
6155  98  1  3908  
6157  118  2  3908  3958  
6175  123  2  3958  3985  
6180  93  1  3908  
6205  7  1  3926  
6266  14  1  3926  
6275  8  1  3958  
6298  7  1  3908  
6300  101  2  3908  3988  
6307  9  1  3985  
6310  21  1  3985  
6335  89  2  3958  3985  
6371  6  1  3926  
6380  1  1  3926  
6381  12  1  3926  
6382  3  1  3926  
6383  1  1  3926  
6403  4  1  3988  
6411  25  1  3958  
6415  52  1  3958  
6451  3  1  3908  
6541  1  1  3908  
6542  31  1  3908  
6552  28  1  3988  
6615  6  1  3985  
6630  13  1  3958  
6662  45  2  3958  3985  
6672  50  2  3958  3985  
6690  13  1  3988  
6696  20  1  3985  
6743  3  1  3988  
6761  7  2  3985  3988  
6784  5  1  3958  
6797  30  2  3958  3985  
6798  21  1  3985  
6802  10  1  3958  
6880  2  1  3958  
6909  16  2  3958  3985  
6910  20  2  3958  3985  
6913  9  1  3985  
6944  16  2  3958  3985  
6966  13  1  3985  
7049  11  2  3958  3985  
7057  6  1  3958  
7061  1  1  3958  
7070  2  1  3985  
7071  1  1  3985  
7072  6  1  3985  
