26  150  1  5230  
33  227  1  5213  
44  146  1  5230  
50  39  1  5294  
65  275  8  5204  5215  5230  5233  5240  5243  5273  5291  
81  122  1  5243  
82  195  1  5265  
103  190  3  5215  5240  5297  
107  89  2  5204  5243  
116  213  2  5243  5254  
121  132  1  5236  
129  99  4  5243  5256  5277  5296  
146  61  1  5204  
288  244  4  5233  5236  5254  5270  
293  321  2  5213  5230  
301  199  1  5213  
317  46  3  5204  5205  5230  
345  14  1  5254  
375  7  1  5297  
410  6  1  5213  
431  732  16  5204  5209  5213  5215  5236  5238  5239  5240  5256  5270  5274  5277  5288  5291  5294  5297  
578  150  4  5230  5233  5243  5291  
606  158  1  5205  
635  118  1  5213  
661  264  1  5236  
676  232  6  5205  5215  5230  5256  5296  5297  
698  50  1  5215  
702  773  8  5213  5233  5239  5240  5254  5256  5294  5297  
724  317  3  5213  5243  5291  
725  41  2  5215  5288  
746  272  1  5233  
758  165  1  5265  
783  99  1  5291  
892  72  2  5243  5291  
909  292  1  5205  
917  297  1  5291  
920  60  3  5243  5265  5274  
955  86  2  5215  5265  
959  49  1  5236  
972  196  3  5215  5265  5291  
987  95  1  5256  
991  2  1  5233  
1009  305  3  5213  5239  5294  
1037  57  1  5215  
1038  399  11  5204  5233  5236  5243  5254  5265  5273  5274  5275  5277  5291  
1046  48  1  5204  
1054  472  3  5213  5240  5254  
1066  599  9  5230  5236  5239  5243  5265  5277  5291  5294  5296  
1067  158  1  5265  
1069  29  2  5243  5274  
1110  218  1  5291  
1115  65  2  5204  5243  
1146  77  1  5236  
1180  65  1  5233  
1223  6  1  5215  
1247  91  1  5256  
1261  462  7  5204  5209  5213  5215  5230  5240  5254  
1262  4  1  5204  
1346  48  2  5265  5291  
1355  72  2  5213  5265  
1376  210  1  5254  
1401  139  2  5233  5236  
1421  244  6  5204  5209  5233  5236  5240  5254  
1427  587  2  5213  5254  
1481  355  1  5213  
1485  68  3  5239  5270  5294  
1496  39  1  5236  
1515  48  1  5215  
1516  2  1  5204  
1570  93  1  5204  
1589  14  2  5230  5233  
1591  14  1  5233  
1601  42  1  5243  
1616  76  1  5205  
1660  38  1  5277  
1663  48  1  5256  
1671  129  3  5254  5270  5277  
1674  43  1  5209  
1677  105  2  5215  5297  
1694  73  1  5296  
1749  51  1  5297  
1765  33  1  5209  
1834  36  1  5256  
1843  39  3  5204  5265  5291  
1851  27  1  5240  
1933  45  1  5254  
1948  113  1  5204  
1956  44  1  5209  
1962  146  1  5265  
1971  145  1  5215  
2050  66  1  5265  
2056  241  1  5204  
2075  95  4  5209  5233  5254  5265  
2089  48  1  5243  
2090  32  3  5265  5270  5274  
2107  2  1  5265  
2138  215  1  5215  
2177  189  5  5204  5215  5265  5275  5297  
2193  66  4  5204  5233  5243  5291  
2215  34  1  5291  
2252  42  1  5215  
2258  6  1  5215  
2279  7  1  5243  
2283  324  4  5215  5230  5233  5239  
2301  100  1  5204  
2313  44  3  5234  5238  5254  
2335  93  1  5215  
2342  70  1  5236  
2356  893  8  5205  5213  5215  5230  5239  5240  5294  5296  
2376  60  1  5209  
2408  108  3  5243  5259  5273  
2443  307  4  5205  5213  5240  5296  
2451  126  5  5204  5209  5243  5265  5291  
2458  103  1  5243  
2461  40  3  5230  5239  5294  
2469  156  5  5233  5243  5275  5277  5291  
2471  618  6  5204  5209  5233  5236  5256  5291  
2472  38  2  5204  5209  
2476  149  2  5209  5243  
2485  80  1  5243  
2519  39  3  5243  5274  5291  
2537  29  1  5274  
2547  35  1  5204  
2587  43  2  5236  5265  
2595  39  1  5236  
2613  44  1  5230  
2641  28  1  5254  
2647  14  1  5233  
2666  57  2  5204  5270  
2688  8  1  5215  
2691  123  3  5256  5270  5296  
2720  357  4  5270  5275  5277  5288  
2729  44  2  5204  5270  
2761  44  4  5234  5238  5254  5273  
2774  189  2  5236  5243  
2778  216  3  5230  5239  5297  
2813  34  1  5213  
2820  20  1  5243  
2831  81  3  5236  5238  5265  
2875  49  1  5233  
2883  10  1  5277  
2936  41  2  5254  5274  
2983  95  1  5215  
2999  69  1  5254  
3014  10  1  5270  
3034  13  1  5297  
3058  35  1  5233  
3076  63  3  5243  5265  5270  
3090  180  6  5213  5215  5230  5239  5294  5296  
3101  10  2  5213  5294  
3102  156  2  5200  5209  
3112  89  4  5204  5209  5254  5291  
3142  21  2  5254  5265  
3144  271  4  5204  5239  5274  5294  
3146  314  8  5204  5209  5233  5236  5243  5254  5274  5291  
3149  131  3  5254  5265  5291  
3150  319  3  5204  5209  5288  
3153  241  3  5213  5215  5254  
3155  69  3  5213  5254  5265  
3156  92  3  5204  5256  5277  
3173  42  1  5291  
3174  102  1  5265  
3191  114  4  5215  5243  5288  5291  
3208  29  1  5204  
3209  71  3  5215  5265  5291  
3251  147  1  5236  
3253  45  2  5230  5233  
3264  156  4  5204  5215  5273  5277  
3289  205  3  5230  5233  5254  
3299  64  1  5277  
3307  82  4  5204  5233  5236  5291  
3314  212  1  5275  
3315  362  16  5204  5209  5215  5233  5236  5243  5254  5256  5265  5273  5274  5275  5277  5288  5291  5297  
3338  144  3  5243  5254  5291  
3350  2  1  5204  
3362  95  2  5215  5265  
3395  85  2  5243  5291  
3423  10  1  5230  
3442  99  3  5243  5265  5274  
3443  232  5  5215  5243  5265  5274  5291  
3449  113  4  5204  5209  5254  5265  
3466  94  3  5200  5230  5265  
3483  35  1  5230  
3534  3  1  5233  
3554  7  1  5254  
3583  85  1  5204  
3585  15  1  5236  
3592  89  3  5215  5239  5254  
3596  90  1  5270  
3601  145  2  5204  5243  
3607  20  1  5215  
3610  32  1  5236  
3617  57  3  5204  5209  5254  
3648  147  5  5213  5233  5236  5243  5291  
3652  104  1  5288  
3653  68  2  5204  5233  
3657  257  7  5204  5209  5233  5236  5239  5254  5294  
3658  89  1  5215  
3666  23  1  5265  
3674  131  3  5239  5256  5294  
3679  111  3  5243  5265  5291  
3682  115  1  5209  
3690  15  1  5265  
3704  155  3  5204  5213  5215  
3734  26  2  5236  5254  
3742  76  2  5204  5236  
3783  7  1  5294  
3794  5  1  5265  
3810  42  1  5297  
3879  278  11  5204  5215  5236  5239  5243  5254  5274  5291  5294  5296  5297  
3883  4  1  5236  
3895  7  1  5291  
3914  55  1  5240  
3919  80  2  5204  5233  
3955  9  1  5233  
3975  15  3  5230  5265  5270  
3985  8  1  5233  
3990  70  2  5213  5239  
3994  202  2  5236  5254  
4000  14  1  5233  
4028  16  1  5234  
4035  153  2  5275  5291  
4039  50  3  5258  5270  5277  
4062  9  1  5296  
4083  100  2  5209  5265  
4102  40  1  5265  
4113  27  1  5254  
4122  71  1  5215  
4152  228  5  5204  5209  5240  5243  5254  
4176  46  4  5213  5233  5254  5265  
4187  96  1  5277  
4196  57  1  5236  
4220  121  2  5243  5256  
4225  62  1  5273  
4226  46  1  5204  
4235  4  1  5254  
4248  38  1  5288  
4263  53  1  5254  
4266  14  1  5265  
4285  62  1  5270  
4288  73  3  5209  5240  5256  
4315  101  6  5204  5209  5215  5233  5254  5288  
4319  168  10  5230  5243  5258  5265  5270  5274  5275  5277  5288  5297  
4320  78  1  5240  
4355  4  1  5215  
4380  79  2  5270  5273  
4384  169  5  5204  5213  5233  5254  5265  
4427  214  1  5233  
4437  60  2  5204  5270  
4440  361  16  5204  5209  5230  5233  5234  5236  5239  5243  5254  5258  5270  5273  5288  5291  5294  5297  
4446  44  1  5204  
4448  23  1  5204  
4453  53  1  5254  
4459  23  1  5291  
4464  19  1  5213  
4470  115  1  5233  
4474  27  4  5236  5274  5275  5277  
4481  10  1  5256  
4485  139  2  5243  5265  
4486  172  9  5204  5209  5243  5254  5256  5265  5274  5275  5297  
4497  5  1  5236  
4509  52  2  5213  5240  
4514  26  2  5230  5239  
4516  13  1  5256  
4531  271  5  5204  5209  5215  5254  5256  
4544  1  1  5265  
4546  14  1  5274  
4551  54  2  5230  5243  
4552  127  1  5230  
4555  33  3  5230  5233  5296  
4557  84  6  5204  5209  5233  5236  5254  5265  
4567  9  1  5215  
4569  69  1  5209  
4571  54  2  5243  5265  
4582  11  2  5204  5265  
4583  51  2  5204  5265  
4594  5  1  5265  
4606  41  1  5204  
4607  29  2  5265  5273  
4608  122  5  5215  5230  5270  5294  5296  
4611  139  9  5204  5209  5233  5236  5243  5254  5265  5274  5291  
4612  101  5  5254  5256  5265  5270  5291  
4614  217  5  5215  5270  5291  5294  5297  
4615  49  7  5204  5209  5233  5236  5254  5265  5291  
4619  68  3  5209  5233  5254  
4620  152  4  5213  5233  5254  5297  
4622  31  4  5204  5209  5233  5236  
4623  211  8  5204  5209  5213  5230  5233  5239  5294  5297  
4624  312  13  5204  5209  5233  5236  5243  5254  5270  5273  5274  5275  5277  5288  5291  
4625  80  1  5265  
4631  32  1  5265  
4635  15  1  5213  
4640  13  3  5233  5254  5273  
4656  17  3  5204  5254  5273  
4672  44  2  5265  5288  
4684  59  7  5243  5254  5273  5274  5275  5277  5291  
4685  75  4  5204  5265  5274  5291  
4715  61  1  5213  
4730  32  3  5265  5274  5291  
4733  16  4  5254  5274  5277  5291  
4739  6  1  5209  
4747  30  1  5204  
4764  6  3  5265  5277  5291  
4782  4  1  5265  
4790  37  1  5230  
4794  12  1  5254  
4800  40  1  5215  
4814  48  1  5296  
4817  37  3  5209  5236  5254  
4826  26  6  5204  5209  5233  5236  5254  5274  
4828  66  2  5294  5297  
4831  63  2  5209  5254  
4840  44  4  5209  5270  5273  5274  
4859  9  1  5204  
4860  28  1  5204  
4866  21  1  5204  
4868  30  1  5291  
4901  389  9  5204  5213  5215  5230  5239  5240  5254  5294  5297  
4906  39  1  5294  
4908  243  7  5204  5213  5254  5265  5291  5296  5297  
4911  14  2  5200  5288  
4919  137  5  5213  5233  5254  5294  5297  
4924  11  1  5294  
4925  8  1  5265  
4927  46  2  5205  5265  
4946  8  1  5265  
4951  105  3  5230  5239  5294  
4962  30  2  5204  5288  
4971  28  1  5270  
4986  28  2  5236  5291  
5000  2  1  5265  
5002  21  1  5243  
5012  139  4  5205  5239  5256  5273  
5015  10  1  5243  
5019  4  2  5204  5265  
5024  5  1  5270  
5025  4  1  5265  
5038  18  2  5243  5254  
5045  49  2  5204  5209  
5046  21  2  5230  5294  
5051  230  13  5204  5209  5233  5234  5236  5239  5254  5265  5270  5288  5291  5294  5297  
5053  10  2  5213  5265  
5056  3  1  5254  
5058  4  2  5209  5233  
5060  11  1  5256  
5080  45  1  5254  
5082  13  1  5243  
5107  6  2  5209  5265  
5109  15  1  5297  
5110  75  3  5230  5239  5296  
5112  42  1  5215  
5113  14  1  5294  
5118  23  3  5236  5243  5291  
5119  1  1  5233  
5122  32  4  5236  5254  5265  5273  
5129  191  5  5213  5215  5236  5243  5297  
5133  222  6  5213  5239  5240  5294  5296  5297  
5135  385  7  5205  5213  5215  5239  5277  5294  5296  
5137  33  3  5236  5259  5274  
5138  16  1  5277  
5139  83  1  5215  
5140  27  2  5230  5297  
5142  21  4  5243  5275  5277  5291  
5144  79  3  5215  5256  5297  
5145  41  1  5297  
5147  144  8  5205  5209  5213  5215  5239  5256  5274  5294  
5149  84  2  5215  5296  
5150  75  5  5204  5230  5256  5265  5274  
5152  61  1  5204  
5154  22  1  5215  
5155  98  3  5215  5277  5294  
5157  41  5  5233  5234  5236  5265  5297  
5160  12  1  5209  
5166  11  2  5204  5288  
5167  1  1  5265  
5169  41  3  5256  5265  5277  
5180  8  1  5209  
5182  92  6  5204  5209  5230  5256  5270  5296  
5183  16  2  5209  5270  
5186  24  3  5204  5209  5243  
5190  3  1  5233  
5191  50  1  5254  
5193  6  2  5204  5209  
5197  7  4  5204  5209  5233  5236  
5201  2  1  5204  
5202  2  1  5204  
5203  3  3  5204  5209  5265  
5205  1  1  5209  
5206  1  1  5209  
5207  1  1  5209  
5208  5  2  5209  5265  
5219  2  1  5236  
5221  2  1  5236  
5224  52  2  5236  5240  
5225  9  4  5233  5243  5254  5265  
5227  2  1  5233  
5228  10  1  5233  
5229  4  1  5233  
5230  7  1  5233  
5231  3  1  5233  
5232  1  1  5233  
5235  10  1  5236  
5236  4  1  5243  
5237  3  1  5238  
5239  33  1  5294  
5241  42  1  5254  
5242  11  1  5273  
5246  3  1  5291  
5249  4  2  5243  5291  
5251  1  1  5254  
5252  9  2  5254  5265  
5253  4  2  5254  5265  
5257  14  1  5265  
5260  3  1  5265  
5261  1  1  5265  
5262  4  1  5265  
5263  11  2  5265  5288  
5264  2  2  5265  5274  
5266  1  1  5265  
5268  7  1  5265  
5271  1  1  5272  
5277  8  2  5213  5270  
5281  10  1  5256  
5289  1  1  5291  
5290  3  1  5291  
5294  81  3  5230  5239  5243  
5302  68  1  5239  
5315  1  1  5243  
5316  30  1  5243  
5317  17  2  5215  5243  
5359  32  1  5230  
5366  18  1  5243  
5382  26  1  5294  
5401  24  1  5215  
5477  53  2  5213  5215  
5478  4  1  5256  
5497  35  3  5215  5294  5296  
5519  88  3  5239  5277  5297  
5521  76  3  5215  5240  5296  
5528  52  2  5213  5215  
5542  78  1  5213  
5546  190  6  5205  5230  5240  5256  5277  5294  
5559  44  1  5215  
5563  108  4  5230  5239  5294  5297  
5582  81  1  5297  
5583  35  1  5230  
5621  23  2  5230  5297  
5639  70  2  5215  5239  
5641  7  1  5240  
5653  28  1  5296  
5655  58  1  5256  
5670  13  1  5296  
5673  28  1  5256  
5674  10  1  5294  
5676  85  2  5294  5296  
5684  101  2  5213  5230  
5699  54  1  5296  
5706  33  2  5230  5294  
5711  33  2  5215  5239  
5725  21  1  5215  
5736  2  1  5256  
5737  29  1  5294  
5741  43  1  5239  
5743  58  2  5213  5215  
5772  177  2  5240  5270  
5773  6  1  5215  
5780  10  1  5256  
5783  18  1  5256  
5785  15  1  5270  
5789  160  3  5213  5230  5297  
5790  18  1  5230  
5792  91  4  5239  5294  5296  5297  
5793  104  4  5213  5239  5270  5294  
5794  93  3  5230  5239  5294  
5798  135  3  5213  5215  5240  
5801  50  2  5230  5256  
5818  26  2  5239  5294  
5831  29  1  5256  
5832  6  1  5256  
5874  100  3  5213  5215  5296  
5884  12  1  5297  
5893  33  1  5297  
5900  4  1  5297  
5921  77  2  5296  5297  
5933  42  2  5215  5296  
5953  2  1  5297  
5995  19  1  5297  
5997  5  1  5297  
6002  15  1  5230  
6008  4  1  5297  
6009  1  1  5297  
6010  19  1  5297  
6011  7  1  5297  
6019  31  1  5215  
6021  28  1  5205  
6025  49  1  5213  
6026  191  3  5213  5215  5296  
6032  44  3  5239  5270  5294  
6033  95  2  5294  5296  
6035  54  1  5296  
6049  65  3  5230  5294  5296  
6057  18  1  5296  
6094  81  3  5215  5240  5296  
6095  19  1  5270  
6147  161  2  5205  5240  
6152  142  5  5213  5239  5240  5294  5296  
6153  31  1  5205  
6154  40  1  5215  
6155  98  2  5215  5240  
6157  118  3  5215  5240  5296  
6171  70  3  5215  5240  5296  
6175  123  3  5215  5240  5296  
6180  93  3  5215  5294  5296  
6185  18  1  5213  
6205  7  1  5270  
6213  11  1  5213  
6233  12  3  5205  5213  5270  
6294  47  2  5215  5296  
6300  101  2  5215  5296  
6308  21  1  5296  
6328  5  1  5213  
6336  12  1  5215  
6349  13  1  5205  
6360  1  1  5270  
6361  1  1  5270  
6364  15  1  5213  
6388  2  1  5213  
6432  2  1  5215  
6459  39  2  5205  5215  
6489  3  1  5215  
6490  1  1  5296  
6491  1  1  5296  
6492  1  1  5296  
6493  27  1  5270  
6504  1  1  5215  
6635  19  1  5240  
6672  50  1  5240  
6693  19  1  5240  
6694  2  1  5240  
6802  10  1  5205  
6810  1  1  5240  
6864  15  1  5205  
