21  309  1  5382  
33  227  2  5302  5336  
55  38  1  5336  
65  275  3  5373  5382  5383  
66  109  1  5380  
67  164  1  5300  
81  122  1  5380  
82  195  1  5302  
97  68  1  5382  
103  190  3  5302  5335  5382  
129  99  1  5302  
136  94  1  5300  
158  93  2  5300  5336  
164  334  3  5302  5335  5383  
169  63  2  5302  5383  
288  244  1  5322  
293  321  1  5382  
301  199  3  5302  5382  5391  
321  80  1  5335  
431  732  10  5300  5302  5304  5305  5314  5325  5336  5380  5382  5387  
528  30  2  5325  5335  
548  214  1  5300  
577  55  1  5300  
610  19  1  5302  
676  232  5  5300  5325  5336  5339  5382  
702  773  7  5300  5302  5322  5325  5335  5336  5383  
746  272  1  5383  
768  36  1  5300  
779  4  1  5302  
909  292  1  5336  
920  60  2  5320  5322  
929  44  1  5322  
930  6  1  5322  
972  196  1  5300  
978  29  1  5302  
987  95  1  5300  
1009  305  4  5300  5325  5335  5382  
1038  399  6  5300  5304  5314  5322  5380  5383  
1054  472  4  5302  5325  5335  5380  
1064  39  1  5302  
1066  599  5  5300  5302  5316  5380  5383  
1084  79  1  5383  
1110  218  1  5300  
1115  65  1  5380  
1180  65  1  5325  
1261  462  4  5300  5325  5335  5336  
1272  35  1  5300  
1354  156  2  5300  5302  
1421  244  7  5304  5322  5351  5373  5381  5382  5383  
1427  587  1  5382  
1432  6  1  5380  
1485  68  1  5382  
1571  112  1  5383  
1598  45  1  5380  
1605  9  1  5383  
1616  76  1  5302  
1629  47  1  5300  
1663  48  1  5336  
1677  105  2  5300  5316  
1786  13  1  5304  
1817  181  1  5302  
1843  39  1  5322  
1845  63  2  5336  5382  
1877  8  1  5392  
1945  16  1  5380  
1971  145  3  5302  5381  5382  
2008  61  2  5302  5383  
2073  247  1  5322  
2080  58  1  5322  
2090  32  1  5300  
2102  120  1  5347  
2111  67  1  5325  
2177  189  4  5333  5336  5388  5392  
2183  49  1  5300  
2184  26  1  5302  
2190  72  1  5322  
2240  50  1  5392  
2283  324  2  5325  5335  
2301  100  2  5302  5380  
2305  13  1  5300  
2313  44  1  5304  
2340  105  1  5383  
2345  5  1  5380  
2351  180  1  5335  
2356  893  5  5300  5325  5335  5336  5382  
2367  146  2  5322  5336  
2384  49  1  5302  
2391  64  2  5302  5370  
2399  25  1  5383  
2407  8  1  5316  
2408  108  2  5380  5390  
2440  49  1  5302  
2443  307  3  5325  5335  5336  
2451  126  8  5302  5322  5368  5380  5381  5383  5386  5392  
2461  40  1  5382  
2469  156  2  5386  5392  
2471  618  4  5316  5322  5339  5380  
2476  149  1  5300  
2519  39  3  5302  5314  5380  
2546  46  1  5302  
2572  9  1  5316  
2613  44  1  5302  
2665  12  1  5300  
2691  123  1  5300  
2720  357  1  5382  
2761  44  1  5305  
2773  39  1  5336  
2774  189  2  5304  5383  
2823  62  1  5335  
2983  95  1  5382  
2999  69  1  5335  
3017  51  1  5325  
3029  18  1  5335  
3060  25  1  5302  
3076  63  2  5320  5386  
3090  180  1  5382  
3101  10  1  5336  
3110  122  1  5325  
3112  89  1  5322  
3144  271  5  5336  5373  5382  5386  5390  
3146  314  3  5302  5322  5383  
3149  131  1  5302  
3150  319  3  5302  5333  5346  
3153  241  1  5383  
3154  166  2  5300  5333  
3156  92  3  5322  5368  5387  
3173  42  1  5302  
3174  102  1  5383  
3191  114  1  5383  
3253  45  1  5336  
3264  156  3  5325  5335  5336  
3289  205  1  5302  
3304  91  1  5300  
3307  82  1  5380  
3314  212  4  5300  5383  5386  5388  
3315  362  11  5300  5302  5314  5322  5370  5380  5383  5386  5388  5390  5392  
3316  44  1  5322  
3338  144  1  5383  
3362  95  1  5325  
3443  232  1  5336  
3479  20  1  5383  
3498  82  1  5383  
3548  42  2  5373  5386  
3592  89  3  5302  5335  5336  
3601  145  6  5304  5351  5373  5382  5383  5390  
3607  20  1  5382  
3648  147  1  5336  
3652  104  1  5335  
3653  68  1  5383  
3657  257  4  5302  5322  5382  5383  
3672  27  1  5383  
3674  131  2  5300  5382  
3682  115  2  5383  5386  
3704  155  1  5302  
3742  76  1  5302  
3767  8  1  5302  
3778  9  1  5302  
3810  42  1  5325  
3866  4  1  5304  
3879  278  8  5302  5320  5325  5335  5336  5382  5383  5386  
3906  40  1  5300  
3910  7  1  5302  
3914  55  1  5325  
3966  7  1  5335  
3990  70  1  5382  
3994  202  4  5302  5325  5335  5383  
4028  16  1  5347  
4035  153  3  5320  5370  5388  
4073  81  1  5300  
4078  9  1  5302  
4083  100  1  5322  
4090  16  1  5322  
4102  40  1  5336  
4122  71  2  5370  5386  
4152  228  3  5302  5335  5382  
4187  96  1  5302  
4220  121  2  5302  5320  
4225  62  2  5351  5373  
4248  38  1  5304  
4263  53  2  5302  5335  
4266  14  1  5302  
4281  20  1  5325  
4285  62  2  5325  5336  
4288  73  1  5325  
4304  46  1  5302  
4315  101  2  5302  5383  
4319  168  9  5300  5314  5316  5333  5336  5346  5380  5383  5387  
4380  79  3  5320  5322  5374  
4384  169  4  5300  5302  5322  5383  
4406  3  1  5380  
4427  214  1  5336  
4434  8  1  5302  
4437  60  2  5305  5351  
4440  361  10  5302  5322  5339  5368  5373  5381  5382  5383  5387  5391  
4442  8  1  5383  
4448  23  1  5333  
4464  19  1  5335  
4470  115  1  5339  
4480  14  1  5336  
4485  139  3  5351  5370  5380  
4486  172  3  5302  5316  5380  
4489  43  2  5302  5316  
4497  5  1  5300  
4509  52  1  5335  
4514  26  1  5382  
4531  271  2  5302  5383  
4546  14  1  5336  
4551  54  1  5322  
4552  127  3  5302  5325  5382  
4571  54  1  5302  
4606  41  1  5383  
4607  29  1  5302  
4611  139  2  5322  5368  
4612  101  5  5302  5316  5351  5380  5386  
4613  19  1  5383  
4614  217  5  5316  5322  5368  5383  5392  
4620  152  2  5300  5302  
4623  211  2  5300  5382  
4624  312  10  5300  5302  5316  5336  5351  5368  5380  5383  5386  5392  
4629  10  1  5316  
4632  3  1  5300  
4663  24  2  5300  5336  
4672  44  2  5322  5390  
4684  59  4  5314  5333  5381  5383  
4694  9  1  5336  
4706  6  1  5300  
4715  61  2  5380  5383  
4730  32  1  5316  
4745  10  1  5316  
4747  30  1  5335  
4780  17  1  5336  
4797  8  1  5322  
4800  40  2  5316  5380  
4814  48  1  5302  
4817  37  4  5316  5370  5381  5386  
4826  26  3  5304  5322  5383  
4828  66  2  5302  5382  
4831  63  1  5380  
4840  44  5  5314  5368  5370  5381  5383  
4865  22  1  5336  
4866  21  1  5336  
4901  389  9  5300  5302  5325  5335  5336  5368  5382  5383  5392  
4906  39  1  5336  
4908  243  5  5300  5302  5333  5346  5383  
4909  26  1  5300  
4919  137  2  5322  5383  
4924  11  1  5336  
4927  46  2  5300  5302  
4951  105  3  5300  5302  5382  
4958  27  1  5316  
4962  30  2  5351  5368  
4965  8  1  5322  
4977  66  2  5302  5383  
4982  22  2  5336  5391  
4986  28  3  5320  5336  5383  
5008  2  1  5374  
5012  139  3  5300  5325  5386  
5015  10  1  5322  
5023  5  1  5300  
5050  50  1  5300  
5051  230  2  5302  5314  
5056  3  1  5314  
5080  45  1  5316  
5109  15  1  5300  
5110  75  1  5382  
5113  14  1  5316  
5122  32  1  5383  
5123  5  1  5316  
5129  191  6  5302  5325  5347  5383  5386  5391  
5132  23  1  5302  
5133  222  3  5325  5335  5382  
5135  385  5  5300  5302  5325  5335  5339  
5137  33  1  5302  
5138  16  1  5316  
5139  83  1  5302  
5140  27  1  5300  
5142  21  3  5380  5386  5391  
5143  29  1  5302  
5145  41  1  5316  
5147  144  3  5300  5325  5386  
5149  84  2  5300  5302  
5151  67  2  5300  5316  
5152  61  3  5300  5383  5391  
5154  22  1  5302  
5155  98  4  5302  5335  5336  5382  
5157  41  1  5300  
5164  6  2  5322  5380  
5166  11  1  5380  
5182  92  2  5380  5383  
5218  19  1  5300  
5224  52  2  5314  5335  
5228  10  1  5336  
5241  42  2  5314  5392  
5247  13  2  5302  5383  
5252  9  2  5380  5383  
5256  4  1  5300  
5262  4  1  5380  
5263  11  1  5374  
5268  7  1  5316  
5294  81  2  5302  5382  
5295  20  1  5336  
5298  1  1  5318  
5303  6  2  5370  5380  
5313  25  1  5314  
5316  30  1  5302  
5325  80  2  5302  5382  
5331  6  1  5322  
5332  1  1  5322  
5337  7  1  5333  
5338  2  1  5336  
5348  1  1  5351  
5349  1  1  5351  
5350  1  1  5351  
5354  2  1  5383  
5359  32  2  5380  5383  
5361  3  1  5383  
5363  54  2  5300  5336  
5367  1  1  5368  
5369  1  1  5370  
5371  3  1  5373  
5372  18  1  5373  
5375  1  1  5376  
5380  11  1  5383  
5382  26  2  5302  5383  
5384  1  1  5385  
5403  11  3  5300  5302  5380  
5404  3  1  5380  
5405  2  1  5380  
5406  1  1  5380  
5418  9  1  5302  
5427  22  1  5302  
5447  3  1  5302  
5477  53  3  5302  5325  5335  
5479  18  1  5302  
5482  17  1  5302  
5495  75  1  5382  
5499  8  1  5316  
5513  4  1  5316  
5519  88  2  5302  5382  
5521  76  3  5335  5339  5382  
5523  9  2  5325  5336  
5542  78  2  5302  5382  
5546  190  5  5300  5302  5325  5336  5339  
5551  2  1  5300  
5557  23  1  5302  
5563  108  2  5302  5382  
5569  4  1  5302  
5574  17  1  5300  
5575  11  1  5302  
5582  81  1  5382  
5602  8  1  5302  
5633  3  1  5300  
5638  4  1  5302  
5639  70  1  5302  
5640  1  1  5302  
5641  7  1  5302  
5642  1  1  5302  
5643  12  1  5302  
5644  1  1  5302  
5653  28  1  5300  
5655  58  1  5325  
5670  13  1  5300  
5676  85  1  5382  
5684  101  2  5300  5325  
5689  8  1  5300  
5690  17  1  5300  
5691  12  1  5336  
5706  33  2  5325  5382  
5710  29  1  5300  
5713  17  1  5300  
5714  11  1  5300  
5725  21  1  5300  
5740  35  1  5300  
5743  58  1  5382  
5772  177  1  5325  
5782  4  1  5339  
5789  160  2  5300  5382  
5792  91  1  5382  
5793  104  1  5382  
5794  93  1  5382  
5798  135  3  5325  5335  5336  
5801  50  1  5300  
5874  100  1  5382  
5878  3  1  5300  
5884  12  1  5300  
5916  2  1  5300  
5921  77  1  5325  
5928  3  1  5300  
5929  6  1  5300  
5930  8  1  5300  
5931  1  1  5300  
5932  4  1  5300  
5933  42  1  5300  
5941  2  1  5336  
6002  15  1  5325  
6011  7  1  5382  
6015  6  2  5325  5382  
6026  191  2  5335  5336  
6042  16  1  5336  
6049  65  1  5382  
6058  68  1  5325  
6081  41  2  5335  5382  
6094  81  2  5325  5335  
6106  13  2  5325  5335  
6113  10  1  5335  
6139  7  1  5382  
6147  161  3  5325  5335  5336  
6152  142  2  5325  5382  
6157  118  3  5325  5335  5336  
6163  3  1  5382  
6175  123  1  5336  
6177  5  1  5382  
6180  93  3  5325  5335  5336  
6215  24  1  5325  
6216  30  1  5335  
6294  47  1  5325  
6300  101  1  5335  
6305  23  1  5325  
6310  21  1  5325  
6335  89  3  5325  5335  5336  
6348  39  1  5325  
6355  27  1  5336  
6405  38  1  5336  
6415  52  1  5325  
6420  15  1  5325  
6453  10  1  5335  
6509  16  1  5335  
6532  11  1  5325  
6542  31  1  5336  
6566  33  1  5335  
6578  39  1  5325  
6603  10  1  5336  
6635  19  1  5325  
6657  30  1  5325  
6662  45  1  5325  
6680  13  2  5335  5336  
6693  19  1  5325  
6698  35  1  5336  
6711  7  1  5325  
6726  6  1  5335  
6737  4  1  5336  
6768  24  1  5336  
6797  30  1  5336  
6806  4  1  5336  
6822  4  1  5336  
6883  1  1  5336  
6884  2  1  5336  
6885  1  1  5336  
6886  7  1  5336  
6887  1  1  5336  
