8  743  11  2707  2729  2748  2751  2753  2756  2760  2770  2772  2774  2780  
12  50  1  2751  
17  187  1  2773  
21  309  5  2704  2711  2745  2764  2774  
33  227  1  2780  
39  89  1  2772  
41  44  1  2774  
44  146  1  2704  
56  94  7  2704  2711  2714  2720  2725  2727  2761  
65  275  10  2700  2721  2760  2764  2767  2770  2772  2774  2780  2795  
66  109  2  2720  2773  
78  8  1  2711  
81  122  1  2795  
82  195  1  2773  
84  29  1  2738  
85  72  3  2760  2773  2780  
89  80  1  2780  
92  8  1  2748  
100  9  1  2779  
107  89  1  2780  
116  213  14  2704  2707  2711  2714  2716  2727  2729  2753  2756  2760  2770  2774  2775  2780  
121  132  7  2711  2725  2745  2753  2755  2774  2780  
122  80  1  2714  
129  99  1  2751  
140  58  2  2704  2772  
149  44  1  2727  
158  93  1  2751  
160  9  1  2773  
163  123  8  2700  2707  2714  2721  2755  2764  2766  2776  
164  334  1  2748  
171  54  1  2756  
182  21  2  2751  2780  
192  31  1  2764  
252  13  1  2704  
260  56  2  2720  2745  
272  71  1  2751  
273  35  3  2707  2760  2780  
288  244  4  2721  2751  2761  2767  
290  142  1  2751  
292  230  3  2704  2774  2780  
293  321  9  2711  2716  2721  2729  2745  2753  2755  2779  2780  
295  54  1  2751  
297  77  1  2711  
301  199  2  2775  2779  
310  13  1  2745  
328  86  3  2745  2755  2780  
361  45  1  2772  
372  42  1  2711  
380  20  1  2714  
382  19  1  2721  
384  145  3  2725  2760  2766  
394  9  1  2751  
401  79  4  2700  2711  2766  2776  
408  157  7  2707  2711  2748  2770  2772  2773  2779  
424  9  2  2753  2756  
431  732  9  2707  2721  2743  2745  2756  2760  2766  2772  2780  
487  2  1  2756  
494  142  1  2751  
504  121  1  2764  
534  13  1  2751  
548  214  5  2748  2755  2764  2779  2780  
578  150  1  2704  
594  98  5  2700  2704  2720  2725  2780  
606  158  1  2760  
608  7  1  2707  
610  19  2  2707  2755  
635  118  1  2753  
638  11  1  2714  
643  81  2  2751  2774  
647  51  1  2740  
661  264  13  2700  2716  2720  2738  2740  2743  2753  2764  2766  2775  2779  2780  2795  
666  32  1  2795  
686  66  1  2700  
699  68  2  2714  2725  
702  773  23  2700  2704  2707  2711  2716  2720  2721  2729  2740  2745  2746  2748  2751  2755  2756  2760  2761  2767  2773  2775  2779  2780  2795  
705  146  2  2711  2748  
719  224  8  2700  2707  2711  2721  2753  2760  2766  2776  
724  317  2  2748  2773  
729  60  1  2729  
739  90  1  2755  
746  272  13  2704  2707  2711  2716  2721  2729  2745  2751  2770  2772  2775  2779  2780  
755  11  1  2772  
758  165  4  2707  2770  2772  2774  
759  249  12  2704  2714  2716  2720  2725  2727  2745  2764  2767  2775  2779  2780  
760  3  1  2770  
766  26  1  2772  
768  36  1  2755  
771  61  5  2716  2740  2745  2775  2780  
772  30  2  2743  2764  
783  99  3  2711  2714  2795  
785  91  4  2700  2721  2764  2776  
793  97  1  2764  
799  59  5  2737  2740  2743  2769  2795  
807  122  4  2721  2760  2772  2774  
847  149  1  2751  
852  21  1  2743  
861  46  2  2704  2716  
869  110  4  2740  2743  2772  2795  
870  27  1  2751  
882  16  1  2714  
895  36  1  2751  
903  47  1  2700  
909  292  21  2700  2707  2720  2721  2722  2738  2745  2751  2753  2755  2756  2764  2766  2767  2770  2772  2774  2775  2776  2779  2780  
914  238  2  2720  2760  
915  45  1  2776  
917  297  5  2700  2711  2716  2773  2775  
920  60  1  2761  
926  138  1  2780  
932  7  1  2738  
943  41  5  2725  2755  2775  2779  2780  
951  39  1  2770  
953  33  1  2751  
954  12  1  2711  
955  86  3  2714  2760  2776  
960  41  2  2700  2711  
969  46  1  2711  
972  196  3  2711  2751  2760  
977  156  8  2716  2751  2767  2770  2772  2775  2776  2779  
979  16  1  2780  
988  74  2  2764  2780  
1008  88  7  2707  2720  2760  2766  2773  2776  2779  
1009  305  9  2711  2716  2721  2751  2764  2775  2776  2779  2780  
1032  62  2  2711  2776  
1033  13  1  2716  
1037  57  1  2773  
1038  399  7  2707  2716  2729  2748  2753  2760  2780  
1039  3  1  2751  
1040  115  2  2704  2780  
1041  135  3  2707  2772  2779  
1047  14  1  2711  
1054  472  11  2711  2745  2748  2751  2755  2770  2772  2773  2774  2779  2780  
1066  599  16  2700  2707  2716  2720  2721  2725  2738  2748  2753  2760  2764  2767  2772  2776  2779  2780  
1067  158  3  2714  2774  2779  
1069  29  2  2700  2766  
1083  9  1  2704  
1084  79  2  2711  2780  
1096  9  1  2795  
1100  107  5  2700  2767  2776  2779  2780  
1102  66  4  2716  2764  2779  2780  
1104  61  3  2700  2748  2776  
1107  26  1  2795  
1110  218  2  2766  2773  
1120  77  3  2753  2767  2770  
1135  103  4  2729  2745  2751  2776  
1140  35  1  2751  
1146  77  1  2748  
1150  51  1  2779  
1156  45  1  2751  
1162  61  5  2704  2711  2716  2745  2779  
1174  124  4  2711  2721  2751  2755  
1178  20  1  2704  
1179  31  3  2704  2751  2755  
1180  65  2  2704  2705  
1183  34  4  2720  2745  2760  2767  
1188  9  1  2772  
1189  76  5  2714  2751  2770  2775  2780  
1197  290  24  2700  2704  2707  2711  2714  2716  2720  2721  2725  2729  2740  2745  2751  2753  2755  2756  2764  2767  2770  2774  2775  2776  2779  2795  
1211  181  6  2707  2751  2760  2767  2770  2779  
1212  6  1  2751  
1246  20  1  2766  
1247  91  2  2716  2779  
1250  22  2  2700  2766  
1255  40  1  2721  
1261  462  8  2704  2711  2714  2725  2751  2764  2766  2776  
1268  52  2  2714  2772  
1269  17  1  2751  
1270  4  1  2711  
1272  35  1  2745  
1277  32  3  2755  2764  2766  
1282  199  5  2704  2711  2772  2775  2779  
1301  13  2  2766  2776  
1303  41  1  2775  
1312  183  5  2707  2721  2751  2767  2779  
1347  26  1  2711  
1354  156  3  2748  2751  2756  
1357  91  1  2714  
1368  117  3  2766  2767  2776  
1372  157  5  2707  2729  2751  2766  2779  
1376  210  5  2729  2743  2751  2753  2779  
1377  28  1  2766  
1380  48  1  2764  
1381  38  1  2700  
1386  41  1  2766  
1400  99  4  2707  2751  2760  2770  
1401  139  3  2721  2729  2745  
1416  68  5  2711  2751  2770  2773  2779  
1417  81  1  2751  
1421  244  6  2721  2753  2760  2761  2772  2773  
1427  587  23  2700  2704  2707  2711  2714  2716  2720  2721  2725  2729  2745  2751  2753  2755  2756  2770  2772  2773  2774  2775  2776  2779  2780  
1428  42  1  2753  
1430  81  1  2760  
1441  27  1  2776  
1443  46  2  2772  2779  
1458  87  4  2704  2716  2738  2780  
1460  102  1  2751  
1466  30  2  2711  2780  
1468  114  2  2716  2720  
1470  29  1  2707  
1481  355  9  2700  2720  2729  2743  2745  2767  2775  2776  2780  
1487  73  1  2780  
1495  50  2  2707  2751  
1496  39  1  2714  
1511  36  1  2704  
1518  19  1  2751  
1538  55  1  2760  
1558  25  1  2704  
1561  50  2  2746  2779  
1570  93  1  2795  
1571  112  5  2721  2729  2748  2772  2775  
1574  47  8  2704  2711  2716  2720  2740  2745  2775  2779  
1575  4  1  2704  
1576  34  1  2704  
1586  96  3  2745  2753  2775  
1598  45  1  2795  
1600  18  1  2704  
1601  42  1  2761  
1612  8  1  2770  
1616  76  3  2755  2772  2776  
1617  68  6  2700  2738  2740  2766  2776  2779  
1618  35  2  2700  2764  
1623  89  5  2704  2711  2714  2720  2725  
1633  27  1  2704  
1634  97  5  2704  2711  2738  2775  2779  
1636  67  2  2716  2773  
1639  141  1  2770  
1648  57  2  2751  2776  
1658  26  1  2780  
1659  44  2  2721  2766  
1666  19  1  2748  
1671  129  3  2704  2711  2774  
1676  41  5  2760  2770  2772  2774  2780  
1677  105  15  2704  2711  2714  2716  2720  2725  2727  2729  2738  2740  2745  2775  2779  2780  2795  
1680  90  2  2711  2738  
1694  73  3  2740  2743  2748  
1696  28  3  2711  2779  2780  
1697  57  1  2707  
1705  47  1  2721  
1730  33  2  2743  2775  
1744  36  1  2725  
1749  51  1  2767  
1762  3  1  2772  
1768  20  3  2707  2751  2760  
1769  112  3  2725  2779  2780  
1772  204  16  2700  2704  2711  2714  2743  2748  2753  2764  2766  2767  2770  2772  2774  2775  2776  2795  
1775  22  1  2764  
1798  29  2  2721  2756  
1809  13  1  2714  
1811  18  1  2704  
1812  31  1  2721  
1817  181  16  2704  2707  2714  2716  2720  2729  2745  2751  2753  2755  2770  2772  2773  2774  2775  2776  
1820  6  1  2704  
1824  47  3  2740  2751  2775  
1834  36  1  2753  
1835  66  3  2704  2711  2716  
1845  63  4  2721  2753  2764  2772  
1850  63  1  2779  
1857  13  1  2772  
1898  121  2  2753  2760  
1901  50  2  2748  2764  
1908  121  4  2716  2745  2775  2779  
1925  55  3  2714  2720  2775  
1933  45  1  2716  
1939  47  1  2753  
1941  4  1  2776  
1944  39  9  2716  2740  2745  2753  2772  2774  2775  2780  2795  
1946  20  2  2751  2780  
1947  23  1  2714  
1948  113  5  2707  2714  2716  2725  2745  
1950  122  3  2722  2727  2743  
1956  44  3  2770  2772  2780  
1957  8  1  2704  
1960  129  8  2704  2711  2716  2720  2727  2740  2745  2775  
1962  146  5  2711  2756  2766  2779  2780  
1971  145  4  2729  2748  2751  2770  
1990  3  1  2725  
1993  16  2  2767  2776  
1994  29  1  2780  
1996  65  3  2704  2753  2776  
1999  3  2  2738  2740  
2008  61  7  2711  2716  2725  2727  2745  2767  2775  
2015  12  1  2738  
2029  31  2  2764  2766  
2035  15  2  2764  2773  
2044  34  4  2700  2753  2766  2780  
2048  143  5  2700  2764  2766  2767  2776  
2049  49  3  2743  2751  2779  
2050  66  4  2725  2727  2776  2795  
2052  36  1  2779  
2055  75  7  2700  2714  2716  2766  2776  2779  2780  
2056  241  15  2704  2716  2721  2743  2745  2751  2756  2760  2767  2770  2772  2774  2775  2779  2780  
2059  108  6  2700  2751  2760  2766  2770  2776  
2068  25  5  2716  2720  2725  2745  2766  
2069  22  2  2751  2772  
2072  31  2  2711  2745  
2073  247  11  2704  2707  2711  2722  2727  2740  2745  2751  2769  2774  2776  
2075  95  1  2729  
2087  31  1  2780  
2099  4  1  2716  
2102  120  7  2721  2722  2751  2753  2755  2756  2770  
2106  9  1  2737  
2109  164  9  2707  2751  2755  2760  2766  2770  2772  2779  2780  
2110  48  2  2740  2774  
2111  67  4  2720  2745  2772  2776  
2118  7  1  2770  
2134  111  7  2707  2751  2753  2760  2764  2766  2774  
2137  252  13  2707  2721  2729  2751  2753  2755  2756  2766  2767  2770  2772  2774  2776  
2138  215  10  2707  2721  2729  2751  2756  2760  2770  2772  2774  2780  
2142  36  2  2764  2766  
2165  57  8  2707  2721  2751  2753  2770  2772  2774  2779  
2168  3  1  2751  
2173  77  6  2700  2751  2755  2766  2774  2776  
2176  17  2  2764  2767  
2177  189  1  2748  
2179  124  15  2704  2711  2716  2720  2721  2725  2727  2740  2743  2745  2753  2772  2775  2779  2780  
2184  26  2  2751  2770  
2186  45  3  2707  2729  2751  
2188  71  2  2753  2780  
2190  72  2  2753  2774  
2193  66  1  2760  
2204  62  2  2770  2772  
2215  34  1  2773  
2216  141  11  2704  2707  2722  2751  2760  2770  2774  2775  2776  2780  2795  
2221  37  4  2714  2716  2740  2775  
2222  7  1  2738  
2235  2  1  2711  
2236  35  2  2776  2780  
2240  50  3  2753  2772  2780  
2271  75  3  2704  2711  2745  
2272  103  9  2704  2711  2716  2727  2740  2745  2775  2779  2795  
2273  142  10  2700  2704  2711  2716  2740  2753  2770  2775  2779  2780  
2274  2  1  2772  
2275  35  5  2716  2745  2775  2779  2780  
2283  324  18  2704  2707  2714  2720  2740  2751  2753  2755  2756  2760  2764  2766  2770  2772  2773  2774  2775  2780  
2285  21  1  2764  
2294  38  2  2756  2795  
2299  30  2  2748  2764  
2301  100  5  2748  2755  2766  2780  2795  
2303  46  1  2760  
2304  69  8  2704  2711  2721  2751  2761  2767  2779  2780  
2307  68  4  2745  2751  2776  2780  
2313  44  1  2772  
2314  5  1  2743  
2315  4  1  2770  
2320  5  1  2745  
2329  47  1  2729  
2334  37  4  2711  2738  2775  2795  
2335  93  4  2716  2764  2767  2774  
2337  11  1  2760  
2338  7  1  2772  
2339  34  1  2780  
2340  105  7  2720  2738  2740  2743  2760  2780  2795  
2341  12  1  2751  
2342  70  9  2704  2707  2711  2748  2751  2753  2770  2775  2779  
2348  77  9  2704  2711  2714  2720  2725  2727  2743  2745  2760  
2349  2  1  2766  
2350  82  5  2700  2707  2716  2775  2780  
2351  180  12  2700  2711  2716  2720  2727  2740  2743  2745  2755  2770  2780  2795  
2355  50  2  2729  2773  
2356  893  33  2700  2704  2707  2711  2714  2716  2720  2721  2722  2725  2727  2729  2738  2740  2745  2746  2748  2751  2753  2755  2756  2764  2766  2767  2770  2772  2773  2774  2775  2776  2779  2780  2795  
2357  32  1  2720  
2367  146  4  2721  2751  2767  2779  
2376  60  5  2707  2751  2770  2774  2776  
2382  32  3  2707  2737  2772  
2383  45  3  2707  2751  2776  
2384  49  1  2780  
2388  9  1  2755  
2391  64  4  2711  2743  2775  2779  
2394  14  1  2727  
2395  7  1  2748  
2403  22  1  2775  
2404  53  3  2707  2721  2776  
2405  46  3  2711  2720  2774  
2408  108  2  2743  2770  
2415  2  1  2716  
2431  39  6  2711  2716  2720  2727  2740  2775  
2436  269  14  2707  2721  2729  2751  2753  2755  2756  2766  2767  2770  2772  2774  2775  2776  
2438  113  7  2707  2751  2753  2755  2770  2772  2774  
2439  104  6  2707  2743  2751  2753  2756  2772  
2440  49  2  2729  2769  
2442  44  2  2751  2764  
2443  307  6  2721  2746  2748  2751  2756  2760  
2444  12  1  2751  
2445  164  8  2700  2751  2756  2760  2764  2766  2773  2776  
2450  6  1  2721  
2451  126  1  2761  
2458  103  6  2721  2753  2770  2772  2775  2780  
2469  156  8  2700  2753  2755  2764  2766  2767  2774  2776  
2471  618  22  2700  2707  2721  2722  2729  2748  2751  2753  2755  2756  2760  2761  2766  2767  2770  2772  2773  2774  2776  2779  2780  2795  
2472  38  3  2707  2756  2770  
2474  44  2  2707  2760  
2475  19  2  2700  2776  
2476  149  11  2707  2721  2748  2751  2753  2755  2756  2760  2764  2767  2776  
2479  64  3  2766  2767  2772  
2480  45  5  2743  2751  2770  2772  2776  
2481  15  3  2755  2766  2776  
2482  74  5  2721  2755  2764  2770  2772  
2483  168  15  2707  2721  2722  2729  2751  2753  2755  2756  2764  2766  2767  2770  2772  2774  2776  
2484  19  1  2776  
2485  80  4  2725  2727  2738  2764  
2486  61  4  2700  2766  2767  2776  
2487  75  5  2700  2738  2740  2779  2780  
2489  18  2  2721  2753  
2490  103  8  2707  2729  2748  2761  2766  2770  2779  2780  
2491  9  2  2748  2776  
2494  200  12  2707  2721  2722  2729  2751  2753  2755  2767  2770  2772  2774  2776  
2499  21  1  2707  
2501  2  1  2711  
2504  10  2  2721  2722  
2506  33  4  2707  2753  2760  2774  
2517  28  1  2721  
2520  25  1  2707  
2521  79  7  2721  2722  2751  2753  2756  2770  2772  
2540  40  6  2711  2716  2720  2727  2737  2745  
2547  35  1  2780  
2550  22  1  2720  
2552  3  1  2720  
2562  173  9  2700  2721  2751  2755  2767  2770  2774  2776  2782  
2563  15  2  2704  2711  
2564  18  1  2753  
2567  8  1  2704  
2582  11  2  2743  2775  
2585  18  1  2764  
2587  43  5  2716  2738  2775  2779  2795  
2595  39  1  2720  
2596  50  2  2727  2775  
2600  21  2  2707  2745  
2602  14  2  2720  2740  
2604  124  9  2700  2707  2721  2751  2755  2756  2766  2770  2774  
2607  3  1  2704  
2613  44  2  2704  2761  
2619  3  1  2711  
2620  139  6  2707  2729  2753  2770  2774  2780  
2621  5  1  2764  
2628  3  1  2773  
2632  282  25  2700  2704  2707  2711  2714  2720  2725  2727  2729  2740  2743  2745  2751  2753  2756  2760  2766  2770  2772  2774  2775  2776  2779  2780  2795  
2633  87  6  2727  2729  2751  2753  2770  2774  
2641  28  2  2716  2767  
2643  5  2  2720  2725  
2647  14  1  2773  
2661  18  1  2745  
2665  12  1  2764  
2666  57  1  2779  
2668  33  4  2766  2767  2779  2780  
2669  11  1  2751  
2670  4  1  2711  
2677  35  6  2720  2727  2737  2766  2772  2774  
2679  19  5  2704  2705  2720  2725  2727  
2685  62  3  2704  2707  2774  
2687  36  1  2748  
2688  8  1  2745  
2691  123  8  2707  2721  2722  2725  2751  2755  2772  2774  
2696  10  2  2716  2775  
2697  26  1  2779  
2699  13  6  2711  2714  2720  2725  2740  2745  
2700  19  1  2760  
2701  1  1  2704  
2702  10  1  2704  
2703  1  1  2704  
2707  47  1  2751  
2708  1  1  2711  
2709  1  1  2711  
2710  1  1  2711  
2712  70  7  2700  2707  2714  2729  2767  2779  2780  
2713  2  2  2714  2740  
2715  238  13  2707  2714  2716  2729  2748  2751  2753  2755  2756  2760  2772  2775  2780  
2716  55  2  2714  2772  
2717  3  2  2720  2774  
2718  1  1  2720  
2719  1  1  2720  
2720  357  6  2707  2721  2729  2748  2773  2774  
2722  15  2  2725  2729  
2723  2  1  2722  
2724  7  1  2722  
2726  6  1  2725  
2731  28  1  2760  
2735  55  1  2772  
2736  10  1  2772  
2738  7  2  2707  2740  
2739  1  1  2740  
2740  1  1  2738  
2741  3  1  2740  
2742  10  2  2740  2775  
2746  43  1  2767  
2751  28  2  2770  2776  
2752  31  8  2716  2738  2745  2766  2767  2775  2776  2795  
2756  123  11  2721  2722  2745  2751  2753  2755  2770  2772  2774  2776  2779  
2758  1  1  2745  
2759  1  1  2745  
2761  44  1  2766  
2764  19  2  2721  2780  
2766  52  3  2700  2767  2776  
2770  52  4  2707  2721  2751  2775  
2772  175  10  2707  2721  2753  2760  2770  2773  2774  2775  2779  2795  
2773  39  1  2775  
2774  189  6  2707  2722  2753  2755  2772  2775  
2775  2  1  2773  
2777  50  2  2751  2764  
2778  216  4  2751  2766  2772  2773  
2779  45  3  2707  2770  2772  
2780  38  2  2751  2760  
2782  7  1  2755  
2783  7  2  2738  2767  
2785  14  2  2707  2751  
2786  7  1  2767  
2787  14  1  2776  
2791  10  2  2764  2795  
2792  12  3  2738  2779  2780  
2793  1  1  2795  
2794  6  3  2779  2780  2795  
2800  52  7  2751  2755  2756  2770  2772  2774  2780  
2801  44  5  2721  2748  2755  2779  2780  
2802  48  2  2753  2770  
2803  32  2  2772  2779  
2804  4  1  2779  
2805  2  1  2779  
2806  42  2  2700  2779  
2810  2  1  2738  
2813  34  4  2729  2748  2767  2780  
2817  4  1  2780  
2820  20  1  2707  
2822  2  1  2780  
2823  62  2  2751  2772  
2824  1  1  2780  
2825  8  1  2780  
2826  8  1  2780  
2827  37  3  2751  2753  2780  
2828  4  1  2780  
2829  12  1  2780  
2830  1  1  2780  
2831  81  2  2773  2780  
2834  37  2  2700  2764  
2837  37  2  2700  2766  
2848  21  1  2774  
2858  3  1  2766  
2860  16  1  2751  
2862  15  1  2774  
2875  49  1  2751  
2877  88  7  2721  2722  2760  2764  2767  2772  2774  
2878  18  1  2780  
2899  79  3  2707  2753  2766  
2902  13  2  2753  2774  
2903  7  1  2722  
2905  41  2  2770  2772  
2907  24  1  2707  
2915  20  1  2774  
2918  68  2  2748  2773  
2919  56  2  2770  2772  
2926  13  1  2774  
2936  41  1  2751  
2952  13  1  2766  
2978  37  3  2755  2770  2774  
2981  19  2  2766  2767  
2983  95  4  2751  2761  2776  2780  
2985  8  1  2776  
2987  9  1  2780  
2992  1  1  2700  
2997  2  1  2776  
2999  69  1  2761  
3001  79  8  2707  2753  2760  2767  2770  2772  2774  2780  
3008  20  1  2770  
3010  1  1  2766  
3012  58  3  2707  2721  2760  
3017  51  3  2707  2753  2767  
3020  5  1  2767  
3021  15  1  2772  
3024  31  3  2751  2756  2764  
3025  5  1  2764  
3034  13  1  2707  
3036  15  1  2770  
3045  18  4  2707  2760  2767  2776  
3046  1  1  2776  
3047  1  1  2776  
3048  15  1  2776  
3049  13  1  2776  
3050  1  1  2776  
3056  13  3  2722  2751  2774  
3058  35  1  2767  
3059  5  1  2767  
3062  55  4  2748  2773  2774  2780  
3064  273  11  2707  2721  2729  2751  2753  2755  2760  2770  2772  2773  2774  
3076  63  2  2760  2773  
3082  12  1  2729  
3084  43  3  2707  2751  2772  
3088  19  1  2755  
3089  42  1  2751  
3090  180  1  2746  
3095  12  2  2751  2774  
3100  33  1  2770  
3102  156  6  2707  2722  2751  2756  2760  2773  
3103  1  1  2764  
3104  2  1  2764  
3105  3  1  2764  
3106  1  1  2764  
3107  3  1  2764  
3108  1  1  2764  
3109  1  1  2764  
3110  122  5  2748  2760  2764  2773  2780  
3111  3  1  2764  
3112  89  3  2721  2756  2773  
3137  88  2  2755  2772  
3140  20  1  2772  
3144  271  4  2760  2761  2773  2780  
3146  314  5  2748  2760  2761  2773  2780  
3147  27  2  2760  2780  
3148  98  3  2707  2729  2760  
3150  319  4  2748  2760  2773  2780  
3151  148  3  2707  2729  2774  
3152  68  2  2748  2780  
3153  241  3  2760  2773  2780  
3154  166  3  2748  2773  2774  
3155  69  4  2707  2748  2751  2772  
3156  92  2  2761  2773  
3158  101  1  2780  
3159  54  1  2760  
3160  56  3  2760  2773  2780  
3166  23  1  2774  
3167  21  1  2721  
3172  53  3  2751  2756  2770  
3174  102  6  2707  2729  2748  2751  2755  2773  
3175  18  2  2721  2753  
3177  24  4  2721  2722  2756  2774  
3178  20  1  2772  
3191  114  2  2760  2761  
3196  11  1  2772  
3200  9  1  2729  
3201  4  1  2755  
3205  6  1  2751  
3206  48  4  2753  2770  2772  2774  
3208  29  1  2751  
3209  71  1  2707  
3210  28  3  2721  2751  2756  
3212  16  1  2751  
3214  64  5  2753  2756  2770  2772  2774  
3215  13  2  2721  2770  
3219  5  1  2722  
3226  81  5  2707  2751  2753  2772  2774  
3238  6  2  2707  2755  
3239  14  4  2721  2755  2770  2772  
3241  10  1  2774  
3245  40  4  2707  2721  2751  2770  
3250  18  1  2729  
3251  147  4  2707  2729  2756  2761  
3252  42  1  2772  
3253  45  1  2729  
3254  4  1  2772  
3268  13  1  2760  
3274  13  2  2756  2772  
3278  52  1  2773  
3280  12  1  2748  
3287  22  2  2721  2751  
3289  205  4  2707  2748  2773  2780  
3290  144  4  2729  2753  2770  2772  
3297  22  3  2770  2772  2774  
3299  64  5  2721  2729  2753  2770  2772  
3302  4  1  2756  
3303  32  3  2707  2751  2770  
3304  91  2  2753  2772  
3306  48  1  2774  
3308  63  2  2707  2753  
3312  12  1  2772  
3314  212  6  2707  2748  2760  2770  2772  2773  
3316  44  1  2770  
3317  40  1  2707  
3318  9  2  2707  2729  
3319  13  3  2753  2770  2774  
3320  9  1  2772  
3327  9  1  2748  
3330  39  1  2751  
3331  38  3  2707  2772  2774  
3332  87  2  2707  2748  
3333  36  3  2753  2770  2772  
3337  20  1  2774  
3338  144  3  2729  2770  2772  
3353  75  2  2729  2770  
3379  7  1  2772  
3383  15  2  2707  2756  
3384  1  1  2756  
3385  1  1  2756  
3386  1  1  2751  
3387  14  2  2707  2751  
3391  93  3  2707  2729  2772  
3395  85  1  2780  
3398  15  1  2722  
3404  2  1  2770  
3408  30  2  2707  2772  
3410  2  1  2753  
3411  11  1  2774  
3414  6  1  2772  
3425  9  2  2774  2780  
3432  12  2  2707  2770  
3441  18  3  2707  2729  2772  
3442  99  1  2707  
3443  232  4  2707  2753  2760  2780  
3445  1  1  2722  
3446  27  1  2780  
3449  113  3  2748  2760  2780  
3451  23  2  2753  2774  
3452  6  2  2753  2774  
3453  3  1  2774  
3455  8  1  2770  
3459  45  1  2770  
3465  53  4  2707  2729  2760  2770  
3467  47  2  2707  2729  
3468  20  1  2770  
3471  10  1  2707  
3472  2  1  2753  
3479  20  1  2760  
3486  5  1  2760  
3489  15  2  2753  2770  
3498  82  3  2770  2772  2780  
3503  5  1  2772  
3513  3  1  2772  
3517  2  1  2772  
3536  43  2  2760  2780  
3548  42  1  2707  
3551  15  1  2770  
3552  6  1  2729  
3576  3  1  2707  
3578  30  1  2707  
3579  1  1  2770  
3580  1  1  2770  
3581  2  1  2770  
3582  3  1  2770  
3583  85  1  2770  
3592  89  1  2773  
3601  145  2  2760  2780  
3610  32  1  2707  
3617  57  1  2761  
3636  6  1  2729  
3648  147  4  2707  2729  2746  2773  
3649  15  1  2707  
3651  9  1  2729  
3653  68  1  2761  
3654  21  2  2707  2729  
3656  89  1  2760  
3657  257  3  2748  2761  2780  
3658  89  1  2748  
3674  131  4  2707  2729  2748  2761  
3679  111  2  2707  2729  
3682  115  1  2760  
3683  33  1  2707  
3685  86  1  2707  
3686  77  2  2773  2780  
3715  12  1  2748  
3717  6  2  2707  2729  
3718  3  1  2707  
3725  41  1  2760  
3726  9  1  2707  
3733  2  1  2707  
3740  37  1  2780  
3742  76  1  2707  
3749  84  2  2773  2780  
3750  43  1  2760  
3753  5  1  2707  
3808  112  2  2748  2760  
3810  42  1  2760  
3852  23  1  2760  
3855  52  1  2773  
3879  278  2  2746  2773  
3919  80  2  2761  2773  
3929  39  1  2760  
3939  11  1  2780  
3983  6  1  2760  
3990  70  2  2760  2780  
3993  6  1  2760  
3994  202  1  2748  
3995  18  1  2760  
4001  36  1  2760  
4039  50  1  2760  
4073  81  1  2746  
4082  45  1  2760  
4083  100  1  2773  
4109  5  1  2760  
4114  11  1  2760  
4136  1  1  2760  
4137  7  1  2760  
4138  1  1  2760  
4139  4  2  2760  2780  
4152  228  1  2746  
4160  1  1  2780  
4198  59  1  2748  
4220  121  1  2761  
4231  36  1  2748  
4232  15  1  2773  
4242  3  1  2748  
4247  18  1  2748  
4263  53  1  2746  
4309  28  1  2748  
4320  78  1  2773  
4380  79  1  2761  
4384  169  2  2748  2773  
4407  10  1  2761  
4418  17  1  2748  
4427  214  3  2748  2761  2773  
4437  60  1  2761  
4440  361  3  2748  2761  2773  
4445  8  1  2748  
4446  44  2  2748  2773  
4462  4  1  2748  
4464  19  1  2761  
4475  14  1  2773  
4479  7  1  2773  
4485  139  1  2773  
4486  172  1  2761  
4490  26  1  2773  
4497  5  1  2748  
4498  7  1  2748  
4499  3  2  2748  2773  
4531  271  1  2761  
4564  13  1  2773  
4569  69  1  2761  
4611  139  1  2773  
4614  217  1  2746  
4619  68  1  2773  
4620  152  1  2761  
4624  312  2  2761  2773  
4625  80  1  2773  
4638  15  1  2773  
4663  24  1  2773  
4669  19  1  2773  
4685  75  1  2773  
4724  12  1  2773  
4729  11  1  2773  
4749  3  1  2773  
4763  15  1  2773  
4783  19  1  2773  
4786  3  1  2773  
4790  37  1  2773  
4825  1  1  2773  
4826  26  1  2773  
4827  1  1  2773  
4828  66  1  2773  
4829  2  1  2773  
4831  63  2  2746  2761  
4832  26  1  2761  
4901  389  2  2746  2761  
4908  243  2  2746  2761  
4919  137  1  2761  
4951  105  1  2761  
4992  36  1  2761  
5045  49  1  2761  
5080  45  1  2761  
5129  191  1  2761  
5133  222  1  2746  
5137  33  1  2746  
5151  67  1  2761  
5313  25  1  2761  
5335  39  1  2761  
5366  18  1  2761  
5427  22  1  2761  
5798  135  1  2746  
6026  191  1  2746  
6054  57  1  2746  
6154  40  1  2746  
6155  98  1  2746  
6157  118  1  2746  
6300  101  1  2746  
6308  21  1  2746  
6334  19  1  2746  
6441  2  1  2746  
