65  275  1  6914  
67  164  2  6905  6981  
82  195  1  6993  
93  24  1  6984  
103  190  1  6905  
158  93  5  6939  6942  6984  6986  6993  
224  41  1  6977  
246  56  1  6993  
263  76  1  6942  
293  321  1  6942  
301  199  2  6901  6977  
431  732  7  6901  6907  6913  6914  6977  6986  6993  
528  30  1  6901  
548  214  1  6905  
637  100  1  6907  
676  232  3  6914  6986  6993  
702  773  3  6901  6905  6934  
705  146  1  6993  
888  16  3  6901  6905  6907  
909  292  12  6901  6905  6914  6934  6942  6977  6978  6979  6981  6982  6986  6993  
1009  305  2  6913  6993  
1038  399  2  6914  6986  
1066  599  3  6942  6978  6986  
1261  462  5  6901  6942  6977  6978  6981  
1386  41  1  6986  
1409  11  1  6993  
1485  68  5  6901  6905  6907  6913  6986  
1486  15  1  6999  
1494  80  1  6977  
1538  55  1  6986  
1586  96  1  6942  
1694  73  1  6993  
1843  39  2  6905  6977  
2042  15  1  6999  
2059  108  1  6942  
2075  95  1  6942  
2111  67  1  6942  
2177  189  1  6942  
2252  42  1  6907  
2299  30  1  6993  
2313  44  1  6981  
2356  893  16  6901  6905  6907  6914  6929  6934  6942  6977  6978  6979  6981  6982  6984  6986  6993  6999  
2443  307  4  6901  6905  6907  6986  
2445  164  1  6993  
2692  11  1  6993  
2731  28  1  6914  
2778  216  1  6942  
2827  37  1  6979  
2831  81  2  6986  6993  
2875  49  4  6905  6914  6979  6986  
3017  51  6  6901  6907  6934  6942  6978  6993  
3029  18  1  6914  
3060  25  1  6907  
3067  3  1  6907  
3089  42  2  6905  6914  
3090  180  3  6942  6978  6986  
3150  319  2  6905  6981  
3191  114  2  6907  6942  
3264  156  4  6905  6914  6977  6981  
3307  82  1  6993  
3337  20  1  6907  
3411  11  1  6901  
3412  15  1  6934  
3442  99  1  6986  
3443  232  5  6942  6978  6979  6986  6993  
3462  2  1  6905  
3465  53  1  6905  
3511  4  1  6902  
3592  89  1  6986  
3648  147  4  6901  6905  6934  6981  
3652  104  1  6914  
3914  55  7  6905  6939  6949  6977  6981  6982  6986  
3958  9  2  6934  6991  
3994  202  1  6914  
4028  16  1  6991  
4035  153  2  6905  6981  
4078  9  1  6942  
4152  228  2  6934  6978  
4180  24  5  6905  6906  6907  6934  6942  
4285  62  1  6939  
4315  101  1  6905  
4384  169  3  6905  6907  6981  
4422  31  3  6977  6981  6986  
4427  214  7  6901  6905  6907  6914  6978  6979  6981  
4480  14  1  6978  
4489  43  3  6934  6942  6979  
4522  10  1  6979  
4551  54  1  6993  
4552  127  5  6914  6942  6978  6981  6993  
4608  122  3  6914  6981  6986  
4614  217  5  6907  6942  6979  6986  6993  
4620  152  1  6981  
4624  312  1  6984  
4656  17  1  6921  
4667  2  1  6914  
4672  44  1  6999  
4780  17  2  6905  6907  
4831  63  1  6902  
4832  26  1  6913  
4860  28  1  6986  
4870  12  1  6914  
4901  389  9  6901  6905  6907  6977  6978  6979  6981  6986  6993  
4924  11  1  6901  
4927  46  3  6977  6979  6986  
5012  139  3  6939  6977  6984  
5024  5  2  6979  6981  
5051  230  2  6977  6979  
5059  7  1  6905  
5108  9  1  6993  
5112  42  1  6978  
5129  191  1  6977  
5133  222  7  6905  6942  6949  6977  6978  6979  6986  
5135  385  11  6901  6905  6907  6914  6942  6949  6978  6979  6981  6984  6999  
5139  83  2  6934  6981  
5147  144  2  6921  6986  
5152  61  2  6901  6977  
5183  16  3  6905  6907  6993  
5222  5  1  6981  
5228  10  2  6905  6986  
5235  10  2  6914  6981  
5253  4  1  6982  
5296  10  2  6979  6986  
5309  10  1  6986  
5325  80  2  6905  6977  
5335  39  1  6901  
5359  32  1  6986  
5363  54  9  6901  6905  6907  6929  6934  6942  6978  6981  6993  
5423  13  1  6986  
5464  3  1  6986  
5477  53  1  6977  
5495  75  2  6905  6914  
5521  76  2  6914  6934  
5546  190  7  6901  6906  6907  6981  6986  6991  6993  
5566  3  1  6986  
5585  2  1  6993  
5606  29  1  6934  
5639  70  2  6986  6993  
5652  2  1  6993  
5655  58  1  6905  
5691  12  1  6986  
5699  54  1  6986  
5725  21  3  6984  6993  6999  
5737  29  1  6977  
5772  177  10  6913  6914  6934  6942  6949  6977  6978  6979  6981  6982  
5792  91  2  6977  6982  
5798  135  7  6901  6905  6907  6977  6978  6979  6981  
5801  50  1  6993  
5806  3  1  6905  
5826  11  2  6981  6984  
5908  10  1  6977  
5915  22  1  6914  
5921  77  1  6942  
5986  14  2  6905  6981  
5989  11  1  6901  
6019  31  2  6977  6986  
6021  28  2  6934  6977  
6026  191  9  6905  6907  6942  6949  6977  6978  6981  6986  6993  
6033  95  2  6986  6993  
6035  54  3  6949  6981  6986  
6042  16  1  6913  
6058  68  4  6949  6977  6981  6982  
6063  47  3  6901  6905  6939  
6122  15  1  6977  
6127  13  1  6942  
6147  161  14  6901  6905  6907  6914  6934  6939  6977  6978  6979  6981  6984  6986  6991  6993  
6153  31  3  6906  6942  6986  
6155  98  1  6914  
6157  118  4  6914  6942  6977  6986  
6171  70  1  6982  
6175  123  11  6901  6905  6907  6914  6934  6942  6977  6979  6981  6986  6993  
6180  93  2  6929  6977  
6216  30  1  6977  
6233  12  3  6986  6993  6999  
6250  9  1  6906  
6302  22  3  6942  6977  6986  
6306  15  1  6914  
6332  4  1  6977  
6335  89  4  6905  6977  6979  6993  
6348  39  1  6977  
6355  27  2  6907  6939  
6381  12  1  6986  
6405  38  2  6914  6979  
6415  52  2  6914  6978  
6459  39  4  6905  6934  6949  6986  
6493  27  2  6942  6981  
6509  16  1  6907  
6542  31  7  6905  6907  6914  6934  6977  6979  6981  
6552  28  1  6978  
6560  8  1  6993  
6563  4  1  6942  
6616  14  1  6977  
6624  12  1  6902  
6627  36  4  6902  6981  6984  6999  
6630  13  2  6901  6979  
6639  19  2  6939  6984  
6657  30  1  6978  
6662  45  2  6914  6977  
6672  50  2  6914  6977  
6696  20  2  6934  6986  
6698  35  8  6901  6905  6914  6934  6977  6978  6981  6986  
6723  12  1  6979  
6730  23  3  6905  6942  6986  
6752  2  1  6977  
6761  7  1  6977  
6765  11  2  6905  6906  
6768  24  2  6905  6914  
6796  27  8  6901  6905  6907  6942  6977  6978  6981  6986  
6797  30  3  6901  6905  6914  
6798  21  5  6905  6914  6981  6984  6999  
6803  12  1  6942  
6850  11  1  6978  
6864  15  4  6907  6929  6984  6986  
6884  2  1  6905  
6886  7  2  6905  6907  
6892  1  1  6914  
6900  19  4  6901  6977  6979  6981  
6903  1  1  6905  
6904  3  1  6905  
6909  16  1  6914  
6910  20  1  6914  
6922  5  1  6977  
6925  3  1  6977  
6935  1  1  6937  
6936  1  1  6937  
6938  2  1  6939  
6940  1  1  6942  
6941  1  1  6942  
6947  2  1  6948  
6956  2  1  6986  
6966  13  1  6993  
6971  2  1  6993  
6974  1  1  6977  
6975  1  1  6977  
6976  1  1  6977  
6983  2  2  6984  6999  
6987  1  1  6986  
6988  1  1  6986  
6989  1  1  6986  
6990  1  1  6986  
6992  1  1  6993  
6994  1  1  6993  
6995  1  1  6993  
6996  2  1  6993  
6997  2  1  6999  
6998  1  1  6999  
7049  11  1  6914  
7053  1  1  6914  
7054  1  1  6914  
