3  302  19  809  812  820  821  823  829  831  832  838  847  856  860  876  881  884  887  892  893  899  
5  182  8  803  806  809  810  812  860  862  898  
6  81  5  820  829  843  856  893  
8  743  36  801  806  809  810  812  814  820  821  829  832  833  838  843  847  853  856  858  859  860  861  864  865  866  868  869  870  876  877  879  880  881  884  889  892  896  899  
9  65  1  861  
11  114  1  889  
12  50  2  820  895  
13  15  1  814  
14  45  1  864  
17  187  4  822  843  864  866  
18  76  6  814  820  833  856  881  884  
20  74  7  809  823  829  831  865  868  893  
21  309  9  814  820  821  833  856  859  868  869  881  
22  90  2  820  880  
25  133  3  821  858  879  
26  150  15  806  810  820  821  829  843  853  856  858  860  862  865  877  879  887  
32  65  5  832  881  884  892  899  
33  227  9  821  833  847  864  868  879  880  893  896  
34  20  1  809  
35  14  1  847  
36  41  1  806  
38  30  3  814  820  847  
39  89  3  832  833  896  
40  4  1  843  
41  44  3  833  870  887  
44  146  2  859  879  
45  21  1  806  
48  24  1  820  
52  64  4  843  865  877  879  
56  94  5  821  852  859  861  880  
63  44  1  898  
66  109  5  821  833  861  884  892  
67  164  11  809  812  821  822  866  869  870  880  887  893  896  
69  69  9  820  821  843  847  861  876  877  879  881  
70  31  1  852  
72  25  1  806  
74  53  7  803  806  820  854  858  876  879  
75  59  1  868  
81  122  9  806  820  821  833  838  843  856  861  893  
82  195  6  838  852  856  879  884  899  
85  72  2  856  879  
89  80  2  801  861  
92  8  1  887  
98  30  1  876  
104  95  19  809  810  812  820  821  823  829  843  853  854  856  858  860  861  865  868  876  887  893  
105  29  3  812  821  865  
107  89  2  820  880  
116  213  1  895  
119  29  3  861  880  881  
120  25  2  838  877  
121  132  4  820  877  895  899  
122  80  5  801  821  829  861  881  
124  13  2  821  860  
131  72  3  803  864  892  
132  37  2  821  879  
136  94  4  814  843  881  893  
140  58  3  861  879  887  
143  74  19  806  814  820  821  823  831  838  843  854  860  862  864  865  868  876  877  879  887  893  
146  61  2  821  879  
147  28  1  852  
149  44  4  812  820  876  887  
153  32  3  864  884  899  
158  93  3  823  833  880  
160  9  1  803  
162  70  5  814  829  832  854  881  
163  123  3  801  806  896  
164  334  23  801  814  821  829  832  833  838  843  847  859  861  864  868  869  870  871  876  879  880  881  892  893  896  
167  39  3  847  871  881  
168  19  2  889  893  
169  63  3  821  831  879  
170  17  1  898  
171  54  1  833  
173  79  6  806  821  887  892  893  898  
176  37  2  856  898  
180  13  1  880  
181  19  2  856  860  
182  21  1  895  
188  17  1  884  
190  21  1  877  
204  100  3  829  866  877  
205  8  1  821  
211  19  1  810  
214  25  3  861  887  898  
218  50  1  877  
219  23  1  881  
241  25  2  809  821  
242  86  2  806  820  
244  8  2  861  898  
246  56  2  820  880  
249  22  3  820  843  847  
252  13  1  859  
254  3  1  859  
255  30  3  821  893  898  
256  14  2  859  861  
260  56  1  869  
263  76  3  833  887  898  
272  71  5  814  833  869  880  895  
274  6  1  868  
286  79  9  831  832  833  868  884  887  892  893  899  
288  244  20  803  806  809  821  822  828  832  833  838  858  860  862  877  879  881  884  892  893  895  899  
290  142  12  806  821  833  838  864  871  879  880  881  893  895  899  
292  230  15  806  820  829  843  847  856  859  860  868  869  870  876  879  887  893  
293  321  22  803  806  810  814  820  821  829  832  833  847  854  860  861  864  866  869  876  877  879  892  893  899  
294  227  24  806  809  810  812  814  820  821  823  843  853  856  860  861  864  866  868  871  877  879  880  887  893  898  899  
295  54  5  864  879  880  895  899  
297  77  10  801  806  809  812  820  821  854  865  866  884  
299  140  17  806  810  814  821  843  853  854  856  858  862  864  871  877  879  881  892  893  
301  199  12  806  829  831  832  833  847  860  876  888  892  893  899  
303  27  10  821  843  858  862  868  876  879  887  892  893  
306  14  1  887  
309  8  1  843  
310  13  2  803  887  
316  41  7  812  820  843  856  864  868  876  
318  31  1  864  
321  80  8  809  812  820  821  843  860  864  880  
322  30  7  812  843  856  861  868  884  893  
323  47  5  831  847  861  880  899  
328  86  5  860  862  865  868  895  
330  21  2  806  864  
333  11  1  820  
350  117  11  806  809  810  812  821  823  860  868  879  881  898  
355  37  1  898  
372  42  1  888  
380  20  1  895  
384  145  4  814  861  869  879  
386  2  1  803  
389  21  1  861  
394  9  1  895  
400  6  1  820  
408  157  3  821  881  899  
415  8  1  821  
431  732  12  801  829  833  847  859  864  869  880  881  884  892  896  
438  12  1  820  
440  10  1  820  
445  8  1  899  
458  14  1  820  
459  10  1  814  
481  7  1  879  
493  24  2  881  899  
494  142  4  833  861  869  895  
501  22  1  820  
503  3  1  820  
504  121  5  806  820  821  823  868  
512  15  2  821  831  
535  18  3  847  864  893  
536  22  4  847  864  870  880  
548  214  10  801  806  812  820  821  832  856  869  881  887  
551  8  1  881  
561  10  3  862  865  868  
565  11  3  803  821  876  
567  14  2  809  810  
572  31  2  820  881  
577  55  2  820  831  
578  150  8  814  859  860  862  864  869  871  879  
579  66  2  861  879  
581  25  2  861  898  
583  31  2  864  866  
587  46  3  854  879  893  
588  27  1  833  
589  16  1  803  
590  17  1  884  
593  40  4  806  809  810  812  
594  98  8  812  821  847  856  860  876  898  899  
597  2  1  879  
603  14  2  831  899  
606  158  14  803  806  809  814  828  847  853  854  858  860  870  887  892  899  
607  13  1  831  
616  16  3  806  821  893  
626  83  7  861  866  871  877  887  892  899  
629  47  1  801  
631  24  2  852  861  
635  118  4  820  856  879  892  
636  6  2  828  854  
637  100  5  803  821  860  864  881  
639  8  1  899  
643  81  5  801  833  864  871  895  
644  28  8  806  831  847  856  864  866  879  899  
645  95  4  828  838  884  899  
646  123  12  829  832  852  862  864  868  869  871  877  892  898  899  
647  51  6  854  861  870  877  879  899  
649  105  5  861  864  876  881  893  
651  19  1  899  
654  23  1  899  
661  264  14  820  821  823  829  831  833  856  858  859  876  884  895  898  899  
669  34  4  820  821  876  879  
676  232  1  862  
680  93  7  812  820  823  831  864  898  899  
686  66  1  806  
695  77  6  820  821  823  831  884  893  
698  50  5  809  821  822  854  887  
699  68  1  820  
700  34  2  869  870  
702  773  8  806  833  869  881  888  889  895  899  
705  146  11  814  820  829  847  864  871  879  880  881  895  899  
706  3  2  820  823  
707  7  1  820  
719  224  8  829  833  861  869  870  871  884  895  
723  113  11  820  821  828  829  854  862  877  880  884  895  899  
724  317  13  803  814  820  829  854  861  869  870  880  884  892  893  899  
725  41  1  880  
728  18  2  821  887  
729  60  6  810  814  821  881  884  887  
732  16  1  899  
739  90  4  864  869  871  881  
743  34  2  880  898  
746  272  11  806  814  833  861  864  869  870  879  880  889  895  
747  3  1  820  
751  2  1  856  
756  15  1  876  
759  249  7  814  833  861  869  871  881  889  
764  3  1  806  
768  36  6  806  809  810  812  829  856  
772  30  5  859  860  861  868  871  
774  45  5  859  860  868  880  887  
777  8  3  809  810  820  
781  39  1  838  
782  16  1  829  
783  99  5  803  829  889  893  899  
785  91  1  823  
787  13  1  880  
788  8  3  831  858  876  
789  16  1  864  
790  3  1  823  
791  5  2  823  831  
793  97  9  810  820  821  823  853  854  860  865  868  
797  11  2  810  864  
798  38  2  814  822  
799  59  5  803  864  866  881  892  
800  29  1  895  
801  5  1  803  
802  1  1  803  
804  1  1  806  
805  2  1  806  
807  122  1  809  
808  1  1  809  
810  7  2  823  884  
812  7  2  861  898  
819  1  1  820  
822  26  1  823  
824  10  1  823  
828  1  1  829  
829  119  3  852  880  892  
830  2  1  831  
832  9  1  880  
833  9  1  879  
834  12  1  862  
836  27  5  843  856  858  865  879  
837  9  2  853  876  
840  7  1  843  
843  17  1  829  
845  10  1  864  
846  6  1  899  
847  149  12  814  829  833  838  852  854  861  864  866  869  895  899  
850  6  1  856  
851  1  1  853  
852  21  1  853  
855  2  1  856  
857  18  1  887  
859  22  1  860  
861  46  4  862  876  879  898  
862  2  2  887  893  
864  80  5  832  847  852  892  899  
866  30  5  843  847  868  876  881  
867  5  1  868  
869  110  3  814  861  870  
873  9  1  843  
874  1  1  843  
875  34  2  829  876  
877  42  2  879  899  
878  3  1  879  
880  12  1  899  
882  16  1  887  
883  3  1  887  
884  3  1  887  
885  4  1  887  
886  1  1  887  
888  16  1  893  
889  5  1  893  
890  2  1  893  
891  11  1  893  
892  72  7  829  854  861  864  877  880  893  
894  2  1  898  
895  36  2  898  899  
896  11  1  898  
897  1  1  898  
899  65  3  833  877  880  
903  47  3  814  854  861  
907  77  5  847  869  871  881  899  
909  292  3  847  880  895  
914  238  12  801  814  833  859  861  869  870  871  877  880  896  899  
917  297  6  832  869  870  880  889  892  
918  30  3  838  877  892  
919  4  1  880  
920  60  3  822  881  889  
923  18  1  869  
926  138  9  829  859  861  864  871  877  881  884  896  
929  44  1  871  
930  6  1  871  
933  23  2  854  861  
941  14  1  899  
948  135  7  838  864  877  881  884  892  899  
951  39  1  899  
952  6  1  877  
953  33  2  832  895  
954  12  1  870  
955  86  4  833  869  870  881  
959  49  2  822  838  
962  9  1  864  
964  24  2  892  899  
968  44  3  877  881  896  
969  46  2  862  889  
972  196  8  822  833  838  852  871  880  881  899  
976  2  1  861  
977  156  8  847  859  864  866  869  870  880  896  
978  29  1  892  
988  74  2  832  892  
992  5  1  880  
1001  8  1  801  
1002  2  1  866  
1006  10  1  880  
1008  88  1  864  
1009  305  4  869  870  880  888  
1022  60  2  847  880  
1025  39  4  847  864  892  899  
1030  37  2  854  881  
1032  62  1  864  
1034  62  6  814  838  864  880  881  899  
1037  57  1  892  
1038  399  3  822  838  847  
1040  115  9  814  833  847  861  866  881  892  896  899  
1041  135  4  814  880  884  899  
1046  48  2  881  899  
1047  14  1  889  
1048  7  1  864  
1054  472  8  829  833  861  870  888  889  895  896  
1059  2  1  854  
1061  2  1  854  
1062  24  4  854  864  892  899  
1063  1  1  854  
1064  39  1  833  
1066  599  6  801  814  822  869  880  899  
1067  158  7  801  829  833  847  884  892  899  
1082  7  2  847  864  
1084  79  1  884  
1085  43  2  861  884  
1090  4  1  895  
1093  31  3  814  852  880  
1099  2  2  847  864  
1100  107  1  864  
1101  35  2  864  899  
1102  66  4  814  829  832  864  
1103  22  3  814  864  884  
1104  61  3  847  864  866  
1105  1  1  864  
1106  1  1  864  
1107  26  1  864  
1108  1  1  864  
1109  1  1  864  
1110  218  4  859  861  864  870  
1111  79  2  833  864  
1112  4  1  864  
1113  1  1  864  
1114  2  2  847  864  
1115  65  3  822  864  870  
1116  1  1  864  
1120  77  4  814  832  833  899  
1122  1  1  847  
1123  1  1  847  
1124  1  1  847  
1125  1  1  847  
1126  1  1  847  
1127  11  2  847  899  
1128  1  1  847  
1129  33  1  847  
1130  1  1  847  
1131  1  1  847  
1132  14  3  832  847  861  
1133  16  3  847  866  899  
1134  20  2  847  884  
1135  103  5  847  852  871  881  892  
1136  6  1  847  
1137  1  1  847  
1138  1  1  847  
1140  35  2  895  899  
1145  8  1  866  
1146  77  2  881  892  
1147  21  1  852  
1150  51  1  899  
1156  45  1  866  
1162  61  2  859  889  
1166  2  1  866  
1173  69  5  832  881  884  892  899  
1174  124  7  814  832  871  880  881  892  899  
1176  10  1  869  
1178  20  2  859  861  
1180  65  1  859  
1182  16  2  884  899  
1185  33  4  832  881  884  892  
1189  76  3  880  895  899  
1190  1  1  899  
1197  290  1  871  
1198  20  1  832  
1207  6  1  829  
1208  7  1  829  
1210  2  1  880  
1211  181  8  832  833  869  871  880  892  895  899  
1214  12  2  869  881  
1223  6  1  880  
1227  62  2  859  892  
1240  117  2  833  870  
1242  121  7  814  829  833  852  861  884  892  
1246  20  1  881  
1247  91  5  814  832  881  884  892  
1248  18  1  880  
1255  40  2  880  895  
1256  33  1  880  
1261  462  5  822  829  880  888  895  
1264  33  1  881  
1265  14  1  859  
1267  63  5  852  884  892  895  896  
1268  52  2  838  871  
1273  61  7  814  852  859  861  871  881  896  
1281  9  2  814  881  
1282  199  7  829  859  869  870  880  896  899  
1307  8  1  881  
1308  52  2  814  832  
1312  183  7  801  814  829  833  859  861  896  
1313  3  1  884  
1320  1  1  884  
1323  9  2  852  899  
1324  1  1  899  
1325  41  4  829  861  869  899  
1327  3  1  892  
1346  48  1  881  
1350  24  1  881  
1351  11  1  892  
1353  7  1  892  
1354  156  6  814  829  869  880  892  895  
1355  72  5  829  832  871  881  892  
1356  1  1  832  
1357  91  4  832  833  838  881  
1358  2  1  832  
1361  44  1  822  
1363  26  1  833  
1364  52  2  814  881  
1368  117  5  814  829  838  852  859  
1372  157  4  814  859  861  871  
1376  210  4  814  833  838  869  
1377  28  1  880  
1380  48  1  881  
1381  38  2  829  869  
1385  4  1  859  
1386  41  1  895  
1389  16  1  881  
1400  99  2  829  861  
1401  139  1  870  
1404  35  2  829  881  
1405  4  2  829  881  
1406  1  1  881  
1417  81  3  829  852  861  
1421  244  3  801  880  888  
1425  28  3  814  838  889  
1427  587  11  814  822  829  833  859  861  869  870  880  895  896  
1430  81  2  859  889  
1433  79  5  814  829  838  861  871  
1443  46  1  861  
1447  24  1  896  
1460  102  4  833  838  859  880  
1462  1  1  871  
1463  13  2  838  871  
1468  114  6  814  829  838  859  861  896  
1481  355  9  814  829  833  838  861  870  880  889  896  
1488  162  7  814  833  838  852  859  861  869  
1489  1  1  852  
1494  80  2  869  870  
1496  39  1  814  
1503  6  1  829  
1511  36  1  859  
1521  1  1  814  
1532  66  1  895  
1541  18  1  838  
1542  1  1  838  
1558  25  1  859  
1561  50  1  888  
1563  6  1  859  
1567  70  1  801  
1570  93  3  833  861  899  
1574  47  1  869  
1585  6  1  829  
1586  96  1  859  
1589  14  1  859  
1591  14  1  859  
1600  18  1  829  
1602  55  1  833  
1610  6  1  859  
1617  68  1  829  
1623  89  5  833  861  869  880  889  
1633  27  1  870  
1634  97  1  861  
1639  141  2  861  880  
1648  57  2  870  895  
1666  19  1  895  
1671  129  1  869  
1680  90  1  869  
1683  49  1  859  
1694  73  2  880  895  
1695  16  2  833  880  
1697  57  2  833  861  
1705  47  1  880  
1723  22  1  896  
1727  5  1  859  
1734  1  1  859  
1735  1  1  859  
1736  1  1  859  
1741  36  2  801  899  
1749  51  1  870  
1769  112  6  833  861  869  870  880  896  
1772  204  1  869  
1775  22  2  895  896  
1810  9  1  861  
1811  18  1  861  
1812  31  2  801  895  
1817  181  1  895  
1820  6  1  895  
1824  47  1  870  
1829  56  2  869  880  
1830  17  1  833  
1836  16  1  861  
1837  3  1  869  
1841  88  5  801  861  870  889  896  
1845  63  1  862  
1850  63  1  869  
1885  3  1  895  
1888  14  2  869  889  
1898  121  6  801  861  869  870  880  896  
1899  21  1  861  
1901  50  1  880  
1908  121  4  801  869  870  880  
1917  28  1  889  
1936  11  1  801  
1947  23  1  889  
1948  113  1  889  
1950  122  1  896  
1956  44  1  899  
1960  129  4  869  870  880  889  
1971  145  2  870  895  
1975  2  1  896  
1981  41  1  869  
1986  2  1  801  
1991  32  1  869  
1994  29  2  801  889  
1998  17  1  801  
1999  3  1  801  
2025  1  1  896  
2026  1  1  896  
2029  31  1  895  
2048  143  2  889  895  
2050  66  1  889  
2052  36  2  880  889  
2055  75  1  869  
2056  241  1  895  
2059  108  2  870  895  
2066  38  1  869  
2071  6  1  869  
2072  31  3  869  870  880  
2073  247  2  869  889  
2087  31  1  880  
2089  48  1  870  
2090  32  1  822  
2102  120  1  895  
2134  111  1  880  
2137  252  1  895  
2138  215  5  870  880  889  895  899  
2142  36  1  889  
2165  57  1  895  
2166  12  1  870  
2177  189  1  822  
2179  124  1  880  
2204  62  2  889  895  
2216  141  1  895  
2240  50  1  822  
2283  324  2  822  895  
2320  5  1  889  
2334  37  1  895  
2339  34  1  889  
2350  82  1  895  
2355  50  1  895  
2356  893  3  862  888  895  
2367  146  1  895  
2383  45  1  895  
2404  53  1  895  
2436  269  1  895  
2440  49  1  822  
2442  44  1  895  
2443  307  1  888  
2464  6  1  822  
2469  156  1  822  
2471  618  3  822  895  899  
2476  149  1  822  
2480  45  1  895  
2483  168  1  895  
2494  200  1  899  
2519  39  1  822  
2521  79  1  895  
2562  173  1  895  
2574  16  1  895  
2604  124  1  899  
2613  44  1  888  
2657  29  1  895  
2691  123  1  862  
2692  11  1  895  
2715  238  1  895  
2720  357  1  822  
2744  3  1  895  
2751  28  1  895  
2753  15  1  822  
2755  51  1  895  
2756  123  1  895  
2772  175  1  895  
2774  189  1  899  
2777  50  1  895  
2778  216  2  888  899  
2780  38  1  899  
2880  6  1  895  
2983  95  1  895  
3064  273  1  895  
3087  41  1  822  
3088  19  1  895  
3095  12  1  895  
3102  156  1  895  
3112  89  1  822  
3137  88  1  895  
3146  314  1  822  
3148  98  1  899  
3149  131  1  822  
3154  166  1  822  
3155  69  1  822  
3156  92  1  822  
3167  21  1  895  
3175  18  1  899  
3177  24  1  895  
3191  114  1  822  
3245  40  1  895  
3278  52  1  895  
3282  1  1  895  
3283  1  1  895  
3284  24  1  895  
3289  205  1  822  
3304  91  1  899  
3315  362  1  822  
3317  40  1  899  
3331  38  1  899  
3333  36  1  899  
3391  93  1  899  
3466  94  1  822  
3601  145  1  899  
3617  57  1  822  
3631  21  1  822  
3652  104  1  888  
3674  131  1  822  
3679  111  1  822  
3682  115  1  822  
3719  2  1  899  
3722  50  1  899  
3742  76  1  822  
3800  65  1  899  
3855  52  1  822  
3879  278  1  862  
3882  5  1  899  
3914  55  1  888  
3994  202  1  888  
4067  9  1  822  
4152  228  1  888  
4183  13  1  862  
4220  121  1  888  
4225  62  2  822  888  
4275  27  1  822  
4304  46  1  888  
4319  168  1  822  
4427  214  1  888  
4440  361  1  822  
4485  139  1  822  
4560  4  1  888  
4569  69  1  822  
4608  122  1  862  
4611  139  1  822  
4615  49  1  822  
4617  14  1  822  
4620  152  1  888  
4624  312  1  822  
4680  33  1  822  
4685  75  1  822  
4730  32  1  822  
4797  8  1  822  
4817  37  1  822  
4831  63  1  888  
4832  26  1  888  
4901  389  2  822  888  
4908  243  1  822  
4956  11  1  822  
4986  28  1  822  
5002  21  1  822  
5012  139  1  862  
5053  10  1  888  
5065  44  1  822  
5122  32  1  822  
5129  191  1  822  
5133  222  1  862  
5135  385  2  862  888  
5152  61  1  822  
5182  92  2  822  862  
5186  24  1  822  
5191  50  1  822  
5224  52  1  888  
5239  33  1  822  
5241  42  1  822  
5245  2  1  822  
5249  4  1  822  
5252  9  1  822  
5269  1  1  822  
5281  10  1  822  
5293  2  1  822  
5294  81  1  822  
5295  20  1  822  
5296  10  1  822  
5427  22  1  888  
5480  31  1  862  
5528  52  1  862  
5595  3  1  888  
5655  58  1  888  
5656  6  1  888  
5742  3  1  888  
5772  177  1  888  
5798  135  1  888  
5871  7  1  888  
5873  4  1  888  
6026  191  2  862  888  
6033  95  1  862  
6058  68  1  862  
6063  47  1  888  
6094  81  1  888  
6145  36  1  888  
6152  142  1  888  
6155  98  1  888  
6175  123  1  862  
6215  24  1  888  
6300  101  2  862  888  
6306  15  1  862  
6310  21  1  862  
6382  3  1  888  
6552  28  1  888  
6609  6  1  888  
6672  50  1  888  
6693  19  1  888  
6769  1  1  888  
