8  743  7  3216  3222  3241  3245  3251  3284  3290  
11  114  1  3245  
17  187  2  3204  3289  
21  309  4  3222  3251  3264  3284  
24  102  1  3222  
33  227  3  3222  3245  3264  
50  39  1  3251  
65  275  5  3222  3241  3264  3284  3289  
66  109  3  3216  3245  3254  
67  164  1  3284  
81  122  3  3216  3222  3254  
82  195  1  3204  
97  68  1  3222  
103  190  1  3289  
107  89  2  3222  3264  
116  213  8  3204  3207  3222  3226  3251  3258  3265  3290  
121  132  9  3204  3207  3222  3233  3245  3250  3258  3265  3290  
142  28  1  3251  
158  93  1  3245  
163  123  5  3204  3216  3258  3265  3289  
164  334  1  3222  
171  54  2  3250  3265  
173  79  1  3222  
193  12  1  3204  
251  31  1  3265  
272  71  1  3204  
288  244  4  3216  3222  3245  3250  
290  142  1  3245  
301  199  3  3222  3231  3284  
328  86  6  3207  3222  3226  3241  3245  3258  
361  45  3  3216  3222  3290  
384  145  1  3258  
401  79  1  3258  
424  9  1  3232  
431  732  8  3216  3222  3241  3245  3251  3264  3289  3290  
437  17  1  3245  
494  142  3  3204  3245  3289  
504  121  1  3222  
530  34  1  3241  
531  26  1  3254  
548  214  1  3251  
577  55  1  3284  
578  150  3  3204  3238  3258  
579  66  1  3204  
635  118  4  3204  3222  3258  3284  
649  105  2  3204  3222  
661  264  2  3258  3285  
676  232  1  3251  
680  93  1  3251  
686  66  2  3222  3284  
695  77  3  3207  3222  3265  
699  68  1  3216  
702  773  16  3204  3222  3226  3231  3233  3238  3239  3241  3245  3258  3264  3265  3284  3289  3290  3291  
705  146  1  3238  
719  224  3  3251  3265  3290  
723  113  2  3204  3289  
724  317  4  3222  3238  3264  3284  
732  16  1  3251  
742  4  1  3241  
746  272  6  3207  3222  3241  3258  3265  3290  
755  11  1  3222  
758  165  6  3222  3232  3245  3251  3265  3289  
759  249  1  3204  
768  36  2  3204  3232  
785  91  2  3204  3226  
793  97  1  3238  
800  29  1  3265  
807  122  6  3204  3222  3241  3245  3251  3284  
870  27  2  3233  3290  
895  36  2  3258  3265  
903  47  1  3290  
909  292  10  3216  3222  3223  3226  3231  3232  3241  3250  3258  3265  
914  238  1  3222  
915  45  2  3216  3222  
917  297  4  3222  3238  3241  3245  
920  60  1  3264  
926  138  1  3251  
929  44  1  3216  
951  39  1  3265  
955  86  1  3204  
959  49  1  3264  
972  196  5  3204  3207  3226  3238  3258  
977  156  1  3216  
978  29  1  3251  
1008  88  3  3238  3245  3258  
1009  305  3  3216  3222  3258  
1030  37  1  3204  
1038  399  7  3222  3238  3241  3251  3264  3284  3290  
1041  135  2  3222  3290  
1046  48  1  3204  
1054  472  1  3222  
1066  599  12  3204  3222  3223  3226  3238  3241  3245  3258  3264  3265  3284  3290  
1067  158  1  3226  
1096  9  1  3241  
1104  61  1  3222  
1110  218  5  3222  3241  3258  3264  3265  
1135  103  1  3290  
1146  77  1  3222  
1147  21  1  3245  
1156  45  1  3216  
1177  8  1  3241  
1180  65  1  3222  
1188  9  1  3222  
1189  76  2  3204  3258  
1197  290  9  3204  3216  3223  3226  3232  3241  3250  3258  3265  
1255  40  5  3207  3222  3232  3265  3285  
1256  33  1  3241  
1261  462  3  3216  3238  3245  
1268  52  1  3222  
1271  37  2  3222  3265  
1277  32  1  3204  
1303  41  2  3204  3232  
1354  156  6  3204  3222  3258  3265  3284  3289  
1372  157  2  3222  3251  
1376  210  2  3245  3264  
1380  48  1  3290  
1401  139  1  3207  
1416  68  1  3251  
1417  81  1  3258  
1421  244  3  3222  3238  3264  
1427  587  8  3216  3222  3226  3245  3251  3258  3265  3290  
1428  42  1  3251  
1430  81  1  3284  
1431  20  1  3251  
1443  46  1  3222  
1460  102  3  3207  3258  3290  
1466  30  1  3204  
1470  29  1  3245  
1481  355  3  3207  3231  3245  
1494  80  1  3251  
1495  50  1  3258  
1496  39  1  3258  
1518  19  1  3265  
1532  66  1  3232  
1538  55  1  3222  
1558  25  1  3222  
1561  50  1  3245  
1570  93  1  3291  
1571  112  3  3204  3222  3264  
1586  96  4  3204  3265  3284  3289  
1601  42  1  3284  
1602  55  1  3222  
1616  76  2  3232  3245  
1617  68  3  3204  3223  3245  
1634  97  1  3226  
1636  67  2  3222  3290  
1648  57  3  3222  3245  3258  
1660  38  1  3289  
1666  19  1  3222  
1671  129  1  3204  
1676  41  1  3241  
1677  105  1  3204  
1680  90  1  3241  
1681  7  2  3204  3232  
1697  57  1  3245  
1727  5  1  3216  
1744  36  1  3251  
1751  6  1  3204  
1772  204  2  3204  3222  
1775  22  1  3265  
1795  15  2  3226  3245  
1798  29  2  3233  3290  
1812  31  4  3207  3222  3258  3265  
1817  181  5  3204  3216  3245  3258  3265  
1824  47  1  3241  
1834  36  1  3245  
1843  39  1  3238  
1845  63  1  3284  
1855  10  1  3284  
1901  50  1  3265  
1915  2  1  3232  
1939  47  1  3245  
1944  39  1  3254  
1946  20  1  3216  
1948  113  2  3258  3284  
1950  122  2  3223  3232  
1956  44  3  3216  3241  3251  
1962  146  3  3222  3251  3289  
1971  145  2  3222  3265  
1984  26  1  3245  
1994  29  1  3289  
1996  65  1  3204  
2008  61  1  3284  
2029  31  2  3258  3265  
2030  17  1  3245  
2037  11  2  3245  3251  
2045  28  1  3284  
2048  143  5  3207  3222  3251  3258  3265  
2049  49  2  3226  3298  
2050  66  1  3289  
2056  241  7  3216  3222  3226  3241  3251  3258  3290  
2059  108  2  3258  3290  
2069  22  2  3207  3254  
2073  247  9  3207  3231  3239  3245  3254  3265  3285  3289  3291  
2075  95  2  3251  3264  
2090  32  1  3289  
2101  14  1  3251  
2102  120  14  3204  3207  3216  3222  3226  3231  3232  3240  3241  3250  3251  3258  3265  3285  
2109  164  9  3204  3216  3222  3245  3251  3254  3265  3284  3290  
2111  67  3  3226  3258  3290  
2118  7  1  3291  
2134  111  4  3204  3226  3245  3258  
2137  252  15  3204  3207  3216  3222  3223  3226  3232  3241  3245  3250  3251  3258  3265  3290  3291  
2138  215  7  3216  3222  3245  3251  3265  3284  3290  
2142  36  3  3232  3240  3245  
2165  57  1  3290  
2172  14  1  3223  
2173  77  2  3204  3258  
2177  189  2  3226  3238  
2179  124  2  3204  3222  
2186  45  2  3226  3290  
2188  71  1  3284  
2190  72  1  3204  
2193  66  1  3238  
2204  62  4  3204  3239  3258  3285  
2215  34  1  3264  
2216  141  8  3216  3222  3223  3232  3258  3265  3285  3290  
2221  37  1  3265  
2256  31  1  3284  
2273  142  1  3245  
2283  324  9  3204  3216  3222  3241  3245  3251  3258  3265  3290  
2285  21  1  3284  
2294  38  3  3216  3231  3232  
2301  100  2  3251  3284  
2303  46  1  3226  
2305  13  1  3245  
2307  68  3  3204  3216  3241  
2329  47  1  3284  
2335  93  2  3258  3265  
2337  11  2  3251  3290  
2339  34  1  3250  
2340  105  4  3204  3241  3258  3265  
2341  12  1  3251  
2342  70  1  3290  
2348  77  1  3284  
2350  82  4  3204  3245  3251  3258  
2351  180  7  3204  3207  3222  3241  3250  3258  3290  
2355  50  1  3222  
2356  893  18  3204  3207  3216  3222  3223  3226  3231  3232  3241  3245  3250  3251  3254  3258  3265  3284  3285  3290  
2357  32  2  3216  3245  
2367  146  1  3204  
2376  60  4  3222  3245  3258  3290  
2378  12  1  3251  
2383  45  2  3245  3258  
2384  49  3  3222  3264  3290  
2391  64  1  3251  
2398  29  2  3239  3265  
2399  25  1  3226  
2403  22  1  3258  
2404  53  1  3245  
2408  108  5  3204  3231  3233  3264  3290  
2436  269  11  3204  3226  3231  3232  3245  3250  3254  3258  3284  3285  3290  
2438  113  9  3204  3216  3222  3232  3251  3258  3265  3285  3290  
2439  104  6  3216  3222  3226  3240  3245  3250  
2442  44  5  3204  3245  3250  3251  3258  
2443  307  6  3222  3226  3241  3258  3265  3285  
2445  164  7  3204  3216  3222  3226  3258  3265  3284  
2451  126  3  3238  3264  3289  
2458  103  1  3245  
2469  156  5  3204  3207  3223  3231  3289  
2470  13  1  3232  
2471  618  23  3204  3207  3216  3222  3223  3226  3231  3232  3233  3238  3239  3241  3245  3251  3254  3258  3264  3265  3284  3285  3289  3290  3291  
2472  38  1  3216  
2474  44  1  3251  
2476  149  10  3204  3216  3222  3233  3245  3251  3258  3265  3284  3290  
2479  64  2  3222  3251  
2480  45  3  3222  3245  3290  
2481  15  2  3204  3232  
2482  74  2  3258  3265  
2483  168  11  3204  3207  3216  3223  3232  3240  3241  3258  3265  3285  3290  
2485  80  3  3204  3222  3223  
2486  61  2  3204  3223  
2487  75  1  3223  
2489  18  2  3222  3265  
2490  103  3  3204  3222  3251  
2493  13  3  3222  3232  3233  
2494  200  11  3204  3207  3216  3232  3241  3245  3251  3254  3258  3265  3290  
2499  21  1  3245  
2506  33  2  3204  3216  
2514  16  1  3204  
2517  28  1  3207  
2520  25  1  3245  
2521  79  5  3204  3216  3251  3254  3258  
2547  35  1  3251  
2562  173  9  3204  3207  3222  3232  3233  3239  3254  3258  3285  
2574  16  3  3222  3258  3265  
2579  19  2  3245  3284  
2585  18  3  3204  3232  3298  
2595  39  1  3216  
2596  50  1  3251  
2600  21  2  3204  3265  
2604  124  5  3207  3223  3258  3265  3292  
2620  139  4  3241  3245  3251  3290  
2632  282  5  3222  3241  3245  3251  3290  
2633  87  2  3241  3245  
2677  35  3  3204  3222  3251  
2685  62  4  3222  3241  3251  3290  
2687  36  2  3222  3284  
2690  7  1  3216  
2691  123  1  3241  
2692  11  2  3233  3285  
2700  19  1  3290  
2707  47  1  3204  
2712  70  1  3290  
2715  238  10  3207  3216  3223  3245  3251  3258  3265  3284  3285  3290  
2716  55  3  3204  3241  3245  
2720  357  6  3222  3241  3245  3251  3284  3290  
2722  15  1  3245  
2723  2  1  3226  
2724  7  1  3226  
2729  44  2  3222  3251  
2733  3  1  3222  
2735  55  2  3222  3290  
2738  7  2  3245  3290  
2742  10  2  3222  3250  
2746  43  1  3251  
2751  28  3  3216  3245  3258  
2755  51  2  3231  3289  
2756  123  8  3207  3216  3222  3233  3241  3258  3265  3285  
2764  19  2  3222  3241  
2766  52  1  3204  
2770  52  2  3245  3258  
2772  175  8  3216  3222  3232  3245  3251  3265  3284  3290  
2774  189  8  3216  3241  3250  3251  3254  3258  3289  3291  
2777  50  4  3204  3222  3250  3258  
2778  216  8  3204  3207  3226  3241  3250  3251  3265  3290  
2779  45  2  3251  3258  
2780  38  2  3251  3290  
2782  7  2  3204  3269  
2783  7  1  3258  
2786  7  1  3254  
2790  6  1  3204  
2798  9  1  3204  
2800  52  1  3265  
2801  44  5  3204  3207  3232  3250  3265  
2802  48  1  3265  
2803  32  1  3222  
2820  20  2  3204  3284  
2823  62  5  3222  3239  3241  3245  3251  
2825  8  1  3284  
2833  5  1  3222  
2848  21  1  3290  
2857  8  1  3207  
2862  15  2  3226  3241  
2877  88  4  3216  3241  3250  3251  
2881  26  2  3204  3245  
2899  79  5  3204  3241  3245  3251  3290  
2903  7  2  3216  3222  
2905  41  3  3216  3222  3226  
2907  24  3  3204  3216  3222  
2915  20  3  3239  3250  3298  
2916  10  1  3265  
2919  56  2  3222  3290  
2923  22  1  3216  
2927  8  1  3290  
2929  8  1  3204  
2936  41  1  3207  
2952  13  2  3204  3290  
2965  3  1  3239  
2978  37  3  3204  3245  3265  
2983  95  7  3207  3226  3231  3241  3251  3265  3290  
2999  69  1  3222  
3000  14  1  3204  
3001  79  3  3216  3245  3290  
3008  20  3  3204  3240  3241  
3011  36  1  3265  
3012  58  3  3204  3245  3265  
3021  15  1  3254  
3024  31  4  3204  3216  3241  3258  
3036  15  1  3251  
3048  15  1  3265  
3056  13  1  3226  
3058  35  1  3264  
3061  9  2  3258  3265  
3062  55  2  3204  3290  
3064  273  9  3204  3216  3222  3241  3245  3250  3251  3284  3290  
3082  12  1  3290  
3083  4  1  3204  
3084  43  5  3204  3207  3241  3245  3290  
3086  4  1  3265  
3087  41  1  3245  
3088  19  1  3204  
3089  42  4  3204  3207  3290  3298  
3093  3  1  3258  
3098  60  1  3222  
3100  33  2  3216  3239  
3102  156  8  3204  3216  3222  3226  3232  3245  3251  3290  
3110  122  3  3204  3222  3284  
3112  89  4  3216  3232  3264  3265  
3114  4  1  3226  
3137  88  6  3204  3223  3232  3240  3250  3265  
3144  271  1  3222  
3146  314  4  3222  3241  3284  3289  
3147  27  1  3241  
3149  131  2  3222  3264  
3150  319  4  3222  3241  3251  3284  
3151  148  4  3222  3241  3251  3290  
3152  68  1  3222  
3153  241  3  3222  3251  3284  
3154  166  7  3222  3226  3231  3239  3251  3284  3285  
3155  69  4  3207  3216  3222  3264  
3158  101  2  3241  3284  
3159  54  1  3241  
3166  23  4  3216  3250  3265  3290  
3167  21  2  3258  3265  
3172  53  3  3216  3241  3265  
3173  42  1  3264  
3174  102  6  3222  3223  3251  3258  3265  3290  
3175  18  1  3226  
3176  17  1  3223  
3189  10  1  3245  
3191  114  1  3264  
3198  1  1  3204  
3199  1  1  3204  
3200  9  1  3204  
3201  4  1  3204  
3202  1  1  3204  
3203  3  3  3204  3223  3265  
3206  48  3  3216  3251  3290  
3207  1  1  3216  
3208  29  2  3216  3251  
3209  71  3  3216  3238  3241  
3210  28  2  3207  3216  
3211  1  1  3216  
3212  16  2  3216  3226  
3213  6  1  3216  
3214  64  2  3216  3254  
3219  5  1  3232  
3221  6  1  3207  
3226  81  3  3245  3254  3291  
3228  3  1  3232  
3229  7  1  3285  
3237  8  1  3265  
3239  14  1  3222  
3240  14  1  3226  
3241  10  1  3290  
3244  4  1  3245  
3245  40  3  3222  3226  3258  
3251  147  4  3222  3241  3245  3290  
3252  42  4  3222  3226  3241  3258  
3253  45  1  3264  
3256  2  1  3258  
3257  2  1  3258  
3259  1  1  3265  
3260  1  1  3265  
3261  4  1  3265  
3262  1  1  3265  
3263  2  1  3265  
3264  156  1  3265  
3267  1  1  3268  
3268  13  2  3251  3290  
3272  2  1  3222  
3288  1  1  3291  
3289  205  8  3222  3238  3241  3245  3251  3264  3284  3291  
3290  144  6  3226  3241  3245  3251  3284  3291  
3299  64  1  3251  
3300  4  1  3207  
3302  4  1  3222  
3303  32  1  3245  
3304  91  3  3245  3251  3290  
3306  48  2  3241  3254  
3308  63  3  3245  3251  3290  
3312  12  1  3222  
3314  212  5  3222  3245  3251  3284  3290  
3315  362  2  3264  3289  
3317  40  2  3245  3251  
3320  9  1  3254  
3323  1  1  3222  
3324  1  1  3222  
3330  39  2  3222  3251  
3331  38  1  3251  
3332  87  5  3241  3245  3251  3284  3290  
3333  36  4  3239  3245  3251  3290  
3338  144  6  3238  3241  3245  3251  3264  3290  
3345  2  1  3241  
3353  75  2  3226  3245  
3362  95  4  3222  3241  3251  3290  
3383  15  1  3245  
3387  14  2  3226  3245  
3388  11  3  3245  3251  3290  
3391  93  4  3239  3245  3251  3290  
3396  11  1  3245  
3398  15  1  3241  
3408  30  1  3222  
3412  15  1  3290  
3434  11  1  3251  
3441  18  1  3245  
3442  99  2  3226  3245  
3443  232  4  3222  3238  3241  3251  
3447  46  2  3222  3251  
3449  113  4  3222  3251  3284  3290  
3451  23  1  3264  
3453  3  1  3251  
3459  45  1  3238  
3466  94  4  3222  3245  3251  3290  
3467  47  2  3251  3290  
3474  2  1  3226  
3475  1  1  3226  
3486  5  1  3245  
3492  8  1  3238  
3498  82  3  3222  3245  3284  
3499  6  1  3290  
3502  2  1  3245  
3503  5  1  3222  
3529  1  1  3254  
3532  9  1  3251  
3546  17  1  3290  
3548  42  1  3264  
3549  29  1  3251  
3551  15  1  3289  
3578  30  1  3245  
3583  85  2  3222  3251  
3592  89  2  3251  3290  
3596  90  3  3222  3284  3290  
3599  33  2  3245  3290  
3601  145  1  3222  
3602  14  1  3245  
3615  7  1  3245  
3617  57  1  3264  
3622  28  1  3251  
3625  15  1  3245  
3648  147  3  3245  3264  3284  
3651  9  1  3245  
3652  104  3  3245  3264  3290  
3653  68  1  3238  
3654  21  1  3290  
3656  89  2  3222  3284  
3657  257  4  3222  3264  3284  3289  
3669  4  1  3245  
3670  1  1  3245  
3671  4  1  3245  
3672  27  2  3245  3251  
3673  1  1  3245  
3674  131  4  3245  3251  3284  3290  
3675  5  2  3245  3251  
3676  1  1  3245  
3677  6  1  3245  
3678  1  1  3245  
3679  111  2  3245  3264  
3680  17  1  3245  
3681  29  2  3241  3245  
3682  115  3  3222  3245  3289  
3683  33  1  3245  
3684  1  1  3245  
3685  86  1  3290  
3686  77  3  3222  3245  3251  
3687  2  1  3245  
3688  4  1  3245  
3703  8  1  3251  
3721  25  1  3290  
3722  50  3  3222  3251  3290  
3734  26  1  3290  
3735  7  1  3251  
3736  64  1  3251  
3739  5  1  3251  
3742  76  1  3264  
3749  84  4  3222  3251  3264  3290  
3750  43  2  3251  3290  
3753  5  1  3290  
3786  7  1  3290  
3800  65  2  3222  3251  
3801  53  1  3222  
3803  9  1  3251  
3808  112  1  3284  
3815  3  1  3290  
3817  1  1  3290  
3844  24  2  3222  3251  
3852  23  1  3251  
3854  5  1  3222  
3855  52  1  3264  
3867  4  1  3251  
3879  278  2  3264  3289  
3881  5  1  3251  
3882  5  1  3251  
3883  4  1  3251  
3884  29  1  3251  
3885  8  1  3251  
3886  3  1  3251  
3887  3  1  3251  
3888  4  1  3251  
3889  2  1  3251  
3890  1  1  3251  
3906  40  3  3222  3238  3284  
3914  55  1  3238  
3921  50  1  3222  
3929  39  1  3238  
3981  12  1  3222  
3986  24  1  3241  
3990  70  1  3241  
3994  202  2  3222  3289  
4035  153  1  3222  
4056  11  1  3222  
4064  14  1  3222  
4068  14  1  3241  
4072  5  1  3222  
4082  45  1  3222  
4090  16  1  3264  
4095  11  1  3238  
4102  40  1  3264  
4113  27  1  3222  
4152  228  2  3238  3264  
4169  114  1  3222  
4179  9  1  3222  
4185  7  1  3238  
4187  96  1  3289  
4196  57  1  3238  
4198  59  1  3284  
4217  25  1  3264  
4247  18  1  3222  
4304  46  1  3289  
4315  101  2  3222  3264  
4319  168  1  3264  
4350  30  2  3222  3284  
4367  28  1  3222  
4384  169  2  3222  3264  
4418  17  1  3222  
4422  31  1  3222  
4426  10  1  3222  
4427  214  3  3222  3238  3284  
4436  13  1  3222  
4437  60  2  3222  3264  
4440  361  3  3222  3264  3289  
4445  8  1  3222  
4446  44  2  3222  3264  
4449  3  1  3284  
4453  53  1  3264  
4454  43  1  3222  
4471  2  1  3284  
4472  1  1  3284  
4485  139  1  3238  
4486  172  1  3289  
4487  4  1  3222  
4495  4  1  3222  
4498  7  1  3222  
4499  3  1  3222  
4514  26  1  3222  
4515  3  1  3222  
4516  13  1  3222  
4517  1  1  3222  
4518  1  1  3222  
4531  271  2  3264  3289  
4552  127  1  3289  
4557  84  1  3289  
4569  69  1  3264  
4611  139  1  3264  
4612  101  2  3264  3289  
4614  217  1  3289  
4615  49  1  3264  
4620  152  1  3289  
4624  312  1  3264  
4626  10  1  3238  
4672  44  1  3264  
4686  7  1  3238  
4711  16  1  3238  
4727  24  1  3264  
4747  30  1  3264  
4748  2  1  3264  
4814  48  1  3289  
4817  37  1  3264  
4826  26  1  3264  
4836  17  1  3238  
4855  8  1  3238  
4865  22  1  3264  
4901  389  1  3264  
4919  137  1  3264  
4986  28  1  3264  
5012  139  1  3264  
5051  230  2  3264  3289  
5065  44  1  3264  
5107  6  1  3264  
5129  191  2  3264  3289  
5132  23  1  3289  
5135  385  1  3289  
5145  41  1  3289  
5151  67  1  3289  
5152  61  1  3264  
5166  11  1  3264  
5182  92  1  3264  
5201  2  1  3264  
5263  11  1  3289  
5278  6  1  3264  
5279  4  1  3264  
5280  1  1  3264  
5281  10  1  3264  
5282  1  1  3264  
5283  1  1  3264  
5284  1  1  3264  
5285  4  1  3264  
5286  1  1  3264  
5287  1  1  3264  
5418  9  1  3289  
5560  6  1  3289  
5583  35  1  3289  
