8  743  1  5135  
17  187  4  5112  5115  5147  5151  
21  309  2  5151  5187  
24  102  1  5173  
33  227  3  5132  5137  5155  
34  20  1  5115  
39  89  1  5112  
50  39  1  5137  
65  275  7  5115  5139  5147  5169  5175  5184  5187  
82  195  4  5112  5125  5131  5137  
93  24  1  5145  
97  68  3  5133  5155  5192  
103  190  13  5131  5132  5133  5135  5137  5151  5152  5155  5157  5158  5160  5169  5191  
116  213  1  5125  
129  99  4  5157  5173  5191  5192  
136  94  2  5133  5155  
158  93  1  5133  
164  334  1  5132  
169  63  1  5137  
246  56  2  5110  5159  
280  2  1  5127  
292  230  1  5173  
299  140  1  5135  
301  199  1  5139  
350  117  1  5112  
372  42  2  5151  5192  
383  34  1  5155  
384  145  1  5150  
401  79  4  5131  5133  5144  5165  
431  732  27  5112  5113  5115  5126  5131  5132  5133  5134  5135  5137  5139  5142  5144  5145  5147  5150  5151  5155  5158  5160  5161  5162  5173  5176  5184  5191  5192  
494  142  3  5133  5140  5191  
548  214  1  5160  
577  55  1  5110  
578  150  4  5110  5147  5151  5158  
606  158  1  5139  
629  47  1  5125  
637  100  1  5125  
676  232  8  5109  5133  5135  5140  5147  5155  5157  5158  
702  773  23  5110  5112  5113  5115  5125  5132  5133  5135  5139  5147  5150  5151  5155  5158  5159  5160  5165  5167  5169  5173  5175  5191  5192  
705  146  2  5137  5159  
723  113  2  5131  5147  
724  317  2  5137  5150  
725  41  2  5137  5144  
746  272  1  5175  
758  165  2  5150  5159  
807  122  2  5133  5160  
822  26  1  5131  
888  16  1  5152  
895  36  1  5155  
909  292  1  5152  
917  297  4  5119  5125  5159  5187  
920  60  1  5131  
954  12  1  5150  
959  49  1  5125  
960  41  1  5132  
972  196  3  5115  5125  5187  
978  29  1  5173  
987  95  6  5132  5151  5157  5158  5160  5191  
1009  305  12  5109  5110  5113  5133  5139  5140  5144  5145  5147  5152  5155  5160  
1038  399  7  5110  5112  5115  5145  5150  5175  5187  
1054  472  8  5112  5113  5151  5155  5159  5169  5175  5192  
1066  599  15  5109  5110  5115  5119  5125  5131  5133  5139  5144  5147  5157  5159  5184  5187  5192  
1107  26  1  5162  
1110  218  4  5132  5137  5151  5155  
1146  77  1  5150  
1150  51  1  5159  
1179  31  1  5151  
1180  65  2  5151  5173  
1227  62  2  5159  5176  
1261  462  11  5110  5115  5125  5140  5147  5150  5159  5167  5169  5173  5191  
1346  48  3  5115  5159  5192  
1347  26  1  5155  
1354  156  1  5131  
1372  157  1  5173  
1376  210  1  5187  
1409  11  1  5159  
1421  244  5  5115  5131  5132  5133  5176  
1427  587  6  5112  5113  5150  5155  5173  5192  
1481  355  1  5155  
1485  68  3  5109  5144  5147  
1487  73  1  5175  
1494  80  1  5169  
1532  66  2  5144  5150  
1538  55  2  5173  5192  
1558  25  1  5131  
1567  70  2  5110  5150  
1571  112  2  5112  5159  
1586  96  1  5115  
1591  14  1  5151  
1616  76  1  5150  
1629  47  3  5144  5160  5191  
1653  11  1  5157  
1659  44  2  5110  5147  
1660  38  2  5147  5191  
1663  48  3  5131  5137  5147  
1677  105  2  5131  5152  
1683  49  2  5137  5152  
1694  73  2  5132  5159  
1705  47  1  5158  
1720  6  1  5147  
1744  36  1  5119  
1817  181  1  5158  
1826  29  1  5169  
1828  7  1  5150  
1829  56  1  5150  
1843  39  2  5159  5187  
1845  63  2  5134  5152  
1851  27  1  5169  
1928  2  1  5132  
1933  45  1  5115  
1939  47  1  5125  
1945  16  1  5159  
1971  145  5  5133  5144  5158  5159  5167  
1984  26  1  5160  
2008  61  1  5175  
2045  28  2  5110  5133  
2056  241  2  5173  5175  
2059  108  3  5147  5158  5191  
2074  49  1  5139  
2075  95  7  5110  5119  5125  5131  5137  5159  5187  
2080  58  1  5112  
2109  164  1  5159  
2111  67  3  5147  5158  5160  
2134  111  2  5132  5150  
2138  215  5  5133  5139  5147  5155  5160  
2173  77  3  5110  5112  5115  
2177  189  3  5112  5132  5144  
2184  26  1  5155  
2188  71  1  5132  
2190  72  2  5112  5125  
2193  66  2  5115  5175  
2220  4  1  5147  
2240  50  1  5152  
2252  42  4  5133  5144  5147  5169  
2283  324  5  5125  5137  5139  5151  5192  
2299  30  2  5110  5159  
2301  100  1  5159  
2313  44  4  5147  5158  5173  5187  
2329  47  1  5150  
2335  93  1  5159  
2342  70  4  5110  5119  5125  5159  
2355  50  1  5175  
2356  893  18  5109  5110  5113  5133  5135  5139  5140  5144  5145  5147  5150  5151  5155  5160  5165  5169  5191  5192  
2367  146  3  5135  5147  5152  
2406  24  3  5133  5160  5191  
2408  108  2  5109  5150  
2436  269  5  5112  5115  5152  5173  5175  
2438  113  1  5150  
2443  307  7  5133  5139  5144  5145  5150  5165  5192  
2445  164  5  5110  5125  5159  5167  5187  
2451  126  2  5131  5137  
2458  103  2  5137  5159  
2461  40  4  5110  5133  5140  5155  
2471  618  18  5112  5115  5119  5125  5133  5147  5150  5157  5158  5159  5160  5167  5173  5175  5184  5187  5191  5192  
2474  44  2  5150  5159  
2476  149  3  5115  5137  5151  
2485  80  2  5159  5187  
2487  75  1  5176  
2490  103  1  5112  
2519  39  3  5119  5184  5192  
2532  23  3  5119  5159  5176  
2546  46  1  5159  
2550  22  1  5145  
2595  39  1  5158  
2598  5  1  5127  
2632  282  2  5112  5150  
2685  62  1  5159  
2691  123  2  5139  5192  
2707  47  1  5109  
2720  357  8  5112  5113  5147  5150  5151  5155  5173  5175  
2735  55  1  5112  
2746  43  4  5133  5135  5139  5144  
2756  123  3  5115  5160  5191  
2761  44  5  5112  5115  5147  5161  5173  
2770  52  1  5150  
2773  39  2  5187  5191  
2778  216  5  5113  5132  5155  5159  5187  
2780  38  1  5125  
2802  48  1  5112  
2823  62  1  5151  
2831  81  2  5112  5150  
2875  49  1  5145  
2878  18  1  5125  
2883  10  1  5159  
2899  79  1  5125  
2918  68  1  5112  
2954  19  1  5155  
2964  28  2  5147  5169  
2973  2  1  5110  
2983  95  1  5157  
3039  5  1  5139  
3045  18  1  5150  
3058  35  2  5112  5119  
3060  25  1  5139  
3064  273  1  5150  
3076  63  1  5150  
3090  180  13  5113  5131  5133  5137  5139  5147  5151  5152  5155  5158  5165  5191  5192  
3098  60  1  5112  
3110  122  1  5150  
3112  89  2  5169  5173  
3137  88  1  5158  
3144  271  11  5112  5133  5137  5144  5147  5151  5152  5158  5160  5173  5191  
3146  314  12  5112  5115  5125  5131  5137  5147  5159  5167  5173  5175  5176  5187  
3147  27  1  5150  
3149  131  2  5125  5173  
3150  319  13  5112  5115  5119  5133  5135  5137  5144  5150  5155  5158  5160  5173  5191  
3152  68  1  5150  
3153  241  9  5112  5133  5155  5158  5159  5160  5169  5173  5175  
3154  166  2  5133  5158  
3155  69  1  5137  
3156  92  7  5115  5142  5144  5161  5169  5173  5191  
3157  22  2  5152  5160  
3159  54  1  5150  
3160  56  1  5150  
3166  23  1  5173  
3173  42  5  5112  5132  5147  5160  5176  
3174  102  2  5173  5192  
3185  3  1  5147  
3191  114  6  5115  5125  5159  5167  5173  5187  
3208  29  1  5173  
3209  71  2  5125  5151  
3251  147  3  5173  5175  5187  
3252  42  1  5147  
3253  45  5  5132  5134  5147  5151  5192  
3264  156  10  5132  5133  5137  5139  5144  5147  5152  5158  5169  5192  
3270  26  2  5113  5175  
3277  12  1  5144  
3289  205  9  5112  5131  5135  5137  5151  5159  5167  5173  5175  
3290  144  2  5137  5150  
3304  91  1  5150  
3307  82  6  5110  5133  5139  5145  5150  5187  
3314  212  7  5133  5135  5144  5151  5160  5175  5191  
3315  362  21  5110  5112  5115  5119  5125  5132  5133  5135  5137  5147  5151  5157  5158  5159  5160  5167  5173  5175  5184  5191  5192  
3330  39  1  5132  
3338  144  4  5125  5150  5159  5187  
3362  95  2  5133  5165  
3389  2  1  5110  
3395  85  3  5112  5115  5159  
3407  4  1  5125  
3408  30  1  5175  
3423  10  1  5140  
3442  99  5  5114  5115  5125  5159  5187  
3443  232  10  5119  5125  5131  5133  5137  5144  5147  5150  5159  5187  
3447  46  2  5151  5175  
3449  113  5  5112  5115  5159  5173  5175  
3459  45  1  5147  
3466  94  2  5115  5187  
3514  13  1  5109  
3534  3  1  5151  
3544  33  3  5110  5115  5132  
3548  42  1  5112  
3583  85  3  5112  5137  5191  
3592  89  3  5135  5152  5155  
3601  145  4  5133  5150  5184  5192  
3603  2  1  5151  
3617  57  3  5115  5158  5175  
3631  21  2  5160  5187  
3648  147  7  5115  5125  5147  5152  5158  5159  5165  
3652  104  1  5169  
3653  68  2  5160  5173  
3657  257  12  5110  5112  5113  5115  5125  5132  5147  5151  5155  5158  5173  5175  
3658  89  4  5110  5134  5144  5147  
3674  131  2  5133  5191  
3679  111  6  5112  5119  5125  5159  5187  5192  
3680  17  1  5112  
3685  86  1  5137  
3690  15  5  5119  5125  5167  5175  5187  
3704  155  5  5133  5151  5158  5159  5191  
3742  76  2  5176  5187  
3749  84  4  5132  5150  5151  5173  
3782  20  1  5175  
3800  65  1  5133  
3808  112  2  5133  5150  
3810  42  2  5151  5191  
3811  41  2  5125  5150  
3812  7  1  5176  
3848  11  1  5115  
3855  52  1  5112  
3870  38  5  5144  5151  5152  5169  5191  
3877  3  1  5150  
3879  278  16  5112  5131  5133  5137  5139  5140  5144  5147  5151  5155  5157  5169  5173  5175  5191  5192  
3914  55  1  5152  
3919  80  2  5112  5173  
3921  50  4  5112  5114  5115  5119  
3929  39  1  5150  
3945  4  1  5140  
3975  15  1  5160  
3981  12  1  5175  
3985  8  2  5147  5151  
3990  70  3  5112  5113  5139  
3994  202  9  5115  5131  5132  5137  5145  5167  5173  5175  5187  
3996  7  1  5132  
4000  14  3  5151  5184  5192  
4035  153  11  5125  5132  5133  5135  5137  5139  5144  5160  5169  5187  5191  
4038  31  1  5150  
4039  50  3  5133  5150  5152  
4062  9  1  5110  
4073  81  2  5112  5135  
4083  100  1  5150  
4090  16  1  5115  
4102  40  1  5159  
4113  27  1  5173  
4122  71  10  5110  5113  5119  5125  5133  5157  5160  5169  5187  5191  
4137  7  1  5132  
4152  228  8  5115  5131  5133  5137  5140  5152  5158  5192  
4158  2  1  5150  
4169  114  1  5173  
4175  19  2  5137  5155  
4180  24  1  5176  
4183  13  2  5133  5134  
4187  96  4  5131  5132  5137  5158  
4197  23  1  5157  
4217  25  1  5112  
4220  121  3  5113  5133  5144  
4222  3  1  5112  
4223  11  2  5125  5173  
4225  62  1  5160  
4226  46  1  5173  
4229  2  1  5150  
4238  3  1  5168  
4240  11  1  5187  
4263  53  4  5133  5134  5151  5173  
4275  27  1  5159  
4281  20  1  5160  
4285  62  2  5160  5191  
4288  73  4  5110  5147  5169  5192  
4291  4  1  5140  
4304  46  1  5132  
4309  28  2  5125  5147  
4315  101  6  5112  5115  5159  5167  5173  5175  
4316  2  1  5112  
4319  168  6  5139  5144  5151  5160  5191  5192  
4320  78  4  5133  5135  5151  5169  
4334  24  2  5159  5176  
4367  28  3  5139  5165  5192  
4370  3  1  5150  
4380  79  3  5132  5173  5192  
4384  169  8  5112  5115  5132  5145  5152  5158  5173  5187  
4427  214  9  5110  5133  5139  5145  5150  5152  5169  5173  5192  
4434  8  1  5132  
4437  60  2  5152  5173  
4440  361  22  5112  5113  5115  5125  5126  5131  5132  5135  5137  5140  5147  5151  5155  5158  5159  5160  5167  5173  5175  5187  5191  5199  
4446  44  3  5112  5173  5192  
4453  53  1  5140  
4454  43  1  5150  
4459  23  1  5125  
4464  19  1  5133  
4470  115  9  5110  5133  5135  5139  5147  5155  5158  5173  5192  
4475  14  1  5175  
4485  139  5  5109  5150  5176  5184  5192  
4486  172  9  5131  5132  5140  5142  5147  5151  5157  5160  5187  
4489  43  2  5147  5169  
4507  8  1  5112  
4509  52  2  5112  5165  
4516  13  1  5176  
4531  271  18  5112  5115  5131  5132  5134  5135  5144  5145  5147  5150  5157  5158  5159  5160  5167  5173  5191  5192  
4536  4  1  5199  
4551  54  4  5110  5145  5147  5151  
4552  127  4  5132  5137  5147  5169  
4557  84  3  5131  5135  5137  
4569  69  4  5112  5132  5147  5157  
4571  54  5  5125  5159  5167  5176  5187  
4583  51  2  5158  5173  
4586  16  1  5139  
4591  13  1  5112  
4603  2  1  5192  
4604  48  2  5139  5147  
4606  41  2  5112  5173  
4607  29  3  5115  5159  5162  
4608  122  8  5109  5110  5119  5125  5133  5139  5145  5169  
4610  35  2  5112  5125  
4611  139  3  5112  5115  5192  
4612  101  7  5131  5133  5137  5142  5158  5169  5191  
4613  19  1  5144  
4614  217  10  5112  5113  5114  5131  5133  5135  5137  5140  5147  5191  
4615  49  7  5112  5115  5125  5167  5173  5175  5187  
4616  41  6  5119  5158  5167  5173  5175  5187  
4617  14  3  5159  5175  5187  
4619  68  1  5112  
4620  152  9  5131  5132  5133  5135  5137  5151  5158  5160  5191  
4622  31  7  5112  5119  5159  5173  5175  5184  5187  
4623  211  19  5112  5113  5115  5125  5131  5132  5135  5137  5147  5151  5155  5158  5159  5160  5167  5173  5175  5187  5191  
4624  312  18  5112  5131  5132  5133  5137  5139  5142  5145  5150  5152  5157  5160  5161  5167  5169  5173  5187  5192  
4625  80  2  5150  5159  
4628  18  2  5187  5192  
4631  32  3  5135  5137  5191  
4634  22  2  5152  5160  
4640  13  1  5147  
4663  24  1  5151  
4669  19  1  5142  
4672  44  2  5158  5169  
4680  33  3  5140  5155  5169  
4684  59  8  5142  5147  5159  5167  5175  5176  5187  5192  
4685  75  10  5119  5125  5159  5167  5173  5175  5176  5184  5187  5192  
4686  7  2  5150  5159  
4710  22  2  5115  5169  
4715  61  3  5137  5139  5158  
4724  12  2  5112  5115  
4727  24  1  5173  
4728  18  1  5115  
4730  32  2  5184  5192  
4780  17  1  5145  
4794  12  1  5168  
4800  40  2  5119  5125  
4811  9  1  5112  
4814  48  3  5131  5132  5137  
4817  37  2  5173  5175  
4826  26  4  5159  5173  5175  5187  
4828  66  5  5110  5132  5133  5151  5160  
4831  63  3  5159  5169  5176  
4832  26  1  5139  
4836  17  1  5155  
4840  44  3  5115  5126  5159  
4844  19  1  5115  
4853  16  1  5187  
4860  28  2  5110  5187  
4863  12  2  5159  5176  
4865  22  1  5115  
4870  12  2  5115  5145  
4901  389  17  5110  5113  5133  5135  5137  5144  5145  5147  5151  5152  5155  5158  5160  5165  5169  5191  5192  
4906  39  2  5152  5169  
4908  243  13  5112  5113  5115  5132  5133  5135  5137  5139  5147  5151  5158  5160  5191  
4909  26  2  5109  5115  
4911  14  1  5112  
4919  137  8  5131  5133  5137  5139  5140  5151  5155  5192  
4926  8  1  5115  
4927  46  1  5187  
4951  105  6  5113  5132  5135  5155  5157  5160  
4957  5  1  5150  
4958  27  2  5132  5147  
4962  30  4  5133  5155  5176  5191  
4969  7  1  5191  
4971  28  9  5112  5115  5159  5161  5162  5167  5173  5175  5192  
4977  66  3  5159  5175  5187  
4982  22  3  5109  5115  5133  
4986  28  4  5114  5117  5142  5175  
4992  36  1  5157  
5002  21  1  5187  
5012  139  5  5139  5155  5160  5173  5187  
5013  5  1  5168  
5015  10  1  5145  
5017  2  1  5132  
5038  18  1  5131  
5045  49  11  5115  5119  5125  5159  5161  5167  5173  5175  5184  5187  5192  
5046  21  1  5110  
5050  50  2  5137  5157  
5051  230  22  5110  5113  5131  5132  5133  5135  5137  5140  5147  5151  5152  5155  5158  5159  5160  5167  5173  5175  5184  5187  5191  5192  
5060  11  2  5132  5144  
5065  44  5  5131  5132  5137  5151  5159  
5069  10  1  5113  
5079  14  1  5155  
5080  45  6  5133  5135  5160  5175  5191  5192  
5087  2  1  5132  
5099  9  3  5115  5119  5133  
5100  4  1  5112  
5103  1  1  5104  
5107  6  1  5119  
5108  9  2  5110  5112  
5109  15  4  5112  5133  5144  5160  
5110  75  6  5109  5112  5133  5144  5147  5159  
5111  1  1  5112  
5112  42  2  5110  5133  
5113  14  1  5192  
5118  23  4  5119  5173  5175  5187  
5123  5  2  5125  5135  
5124  1  1  5125  
5129  191  11  5109  5133  5135  5137  5140  5147  5151  5155  5158  5160  5191  
5131  12  1  5137  
5133  222  13  5135  5139  5140  5145  5147  5151  5152  5155  5157  5158  5165  5169  5191  
5134  2  1  5150  
5135  385  19  5110  5113  5131  5132  5133  5137  5139  5140  5144  5147  5152  5155  5157  5158  5160  5165  5169  5191  5192  
5137  33  2  5134  5191  
5138  16  1  5132  
5139  83  3  5133  5144  5192  
5140  27  1  5113  
5141  6  1  5137  
5142  21  1  5147  
5144  79  3  5133  5134  5151  
5145  41  3  5133  5147  5151  
5147  144  10  5133  5135  5139  5144  5145  5151  5158  5165  5187  5191  
5148  5  1  5131  
5149  84  1  5131  
5150  75  3  5133  5144  5147  
5151  67  5  5131  5137  5147  5160  5191  
5152  61  3  5159  5162  5199  
5153  20  1  5169  
5154  22  1  5192  
5155  98  6  5132  5133  5152  5160  5169  5192  
5156  12  1  5131  
5157  41  7  5110  5133  5147  5151  5159  5161  5175  
5158  15  1  5159  
5160  12  1  5161  
5163  1  1  5167  
5164  6  1  5167  
5166  11  1  5173  
5169  41  4  5158  5160  5168  5191  
5174  3  2  5175  5176  
5182  92  4  5132  5139  5151  5158  
5183  16  1  5184  
5185  2  1  5187  
5186  24  1  5187  
5191  50  5  5133  5144  5158  5160  5169  
5192  27  2  5139  5145  
5210  2  1  5150  
5218  19  1  5145  
5224  52  1  5169  
5239  33  4  5132  5157  5191  5192  
5241  42  3  5133  5135  5191  
5263  11  1  5137  
5268  7  1  5109  
5278  6  1  5132  
5294  81  8  5110  5113  5132  5133  5139  5147  5155  5165  
5297  5  1  5191  
5302  68  4  5113  5132  5137  5145  
5316  30  2  5132  5147  
5325  80  2  5133  5139  
5331  6  1  5160  
5337  7  1  5110  
5339  4  1  5133  
5341  3  1  5144  
5363  54  3  5139  5151  5152  
5372  18  1  5132  
5380  11  1  5147  
5382  26  3  5139  5147  5192  
5400  2  1  5147  
5401  24  2  5155  5191  
5403  11  1  5160  
5410  7  1  5147  
5418  9  1  5137  
5427  22  1  5131  
5438  14  2  5157  5191  
5439  10  1  5151  
5449  2  1  5155  
5460  14  2  5155  5160  
5466  12  2  5133  5151  
5472  3  1  5157  
5477  53  6  5131  5132  5139  5140  5144  5147  
5480  31  2  5147  5165  
5490  3  1  5137  
5495  75  4  5139  5147  5155  5192  
5497  35  5  5133  5160  5169  5191  5192  
5519  88  6  5110  5132  5133  5144  5147  5160  
5520  11  1  5132  
5521  76  8  5133  5139  5144  5152  5155  5158  5169  5191  
5528  52  3  5110  5133  5139  
5538  3  1  5147  
5542  78  7  5110  5113  5135  5137  5139  5147  5160  
5546  190  7  5110  5132  5134  5147  5157  5158  5160  
5557  23  1  5137  
5559  44  3  5133  5144  5160  
5563  108  11  5109  5110  5113  5133  5140  5147  5151  5155  5157  5158  5160  
5573  2  1  5158  
5575  11  1  5110  
5582  81  6  5135  5147  5155  5158  5160  5191  
5583  35  2  5131  5137  
5587  1  1  5137  
5588  1  1  5137  
5590  17  3  5131  5160  5191  
5591  2  1  5131  
5606  29  2  5147  5191  
5621  23  3  5140  5160  5169  
5622  11  1  5155  
5639  70  1  5133  
5643  12  1  5157  
5653  28  1  5151  
5655  58  3  5133  5152  5169  
5673  28  1  5158  
5674  10  1  5155  
5676  85  6  5110  5133  5139  5144  5147  5192  
5677  4  1  5135  
5678  22  2  5133  5191  
5681  4  2  5135  5157  
5682  2  1  5135  
5684  101  5  5132  5133  5139  5144  5147  
5689  8  1  5132  
5690  17  2  5132  5158  
5691  12  1  5132  
5692  4  1  5132  
5693  7  1  5158  
5699  54  1  5133  
5706  33  2  5147  5192  
5710  29  2  5160  5191  
5711  33  2  5133  5169  
5712  8  1  5140  
5713  17  2  5144  5160  
5714  11  2  5160  5191  
5735  9  1  5145  
5737  29  1  5169  
5740  35  2  5144  5147  
5741  43  5  5113  5133  5144  5151  5169  
5743  58  2  5110  5147  
5748  4  1  5192  
5772  177  3  5145  5169  5191  
5782  4  1  5158  
5783  18  5  5151  5157  5158  5160  5191  
5789  160  10  5110  5113  5133  5140  5144  5147  5151  5155  5160  5191  
5792  91  8  5110  5113  5133  5139  5140  5145  5147  5155  
5793  104  7  5110  5133  5139  5144  5147  5155  5192  
5794  93  8  5110  5113  5133  5140  5144  5147  5151  5155  
5798  135  5  5133  5139  5165  5169  5192  
5801  50  2  5110  5165  
5818  26  1  5151  
5826  11  1  5169  
5831  29  1  5157  
5864  10  2  5169  5192  
5866  1  1  5157  
5867  3  1  5157  
5874  100  5  5133  5139  5155  5165  5192  
5884  12  2  5133  5160  
5891  2  1  5135  
5893  33  4  5133  5151  5169  5191  
5900  4  1  5110  
5908  10  1  5191  
5915  22  1  5165  
5919  6  2  5139  5191  
5920  2  1  5191  
5921  77  8  5110  5133  5139  5151  5152  5160  5191  5192  
5922  1  1  5191  
5923  24  3  5147  5169  5191  
5924  3  1  5191  
5925  3  2  5133  5160  
5929  6  1  5152  
5932  4  1  5160  
5933  42  4  5133  5139  5151  5169  
5936  11  1  5133  
5937  11  1  5155  
5945  6  1  5110  
5962  1  1  5160  
5963  2  2  5151  5160  
5964  1  1  5160  
5982  14  1  5133  
5986  14  2  5110  5147  
5989  11  1  5113  
5995  19  3  5133  5144  5151  
5997  5  1  5133  
5999  3  1  5133  
6002  15  1  5151  
6003  1  1  5151  
6004  1  1  5151  
6005  1  1  5151  
6008  4  1  5113  
6018  2  1  5133  
6019  31  2  5133  5144  
6021  28  2  5110  5192  
6025  49  3  5110  5113  5147  
6026  191  9  5110  5113  5133  5139  5145  5147  5165  5169  5192  
6032  44  5  5109  5110  5113  5147  5155  
6033  95  6  5110  5133  5139  5165  5169  5192  
6035  54  2  5139  5192  
6049  65  3  5133  5139  5192  
6054  57  2  5152  5165  
6057  18  2  5144  5192  
6058  68  1  5133  
6068  5  1  5169  
6080  10  1  5134  
6081  41  3  5113  5133  5155  
6094  81  3  5139  5169  5192  
6122  15  3  5133  5139  5192  
6124  8  1  5109  
6125  3  1  5147  
6131  2  1  5155  
6139  7  1  5109  
6146  21  1  5133  
6147  161  3  5145  5152  5169  
6150  5  1  5169  
6152  142  6  5113  5133  5139  5165  5169  5192  
6155  98  5  5133  5139  5165  5169  5192  
6156  37  1  5169  
6157  118  7  5133  5139  5145  5152  5165  5169  5192  
6160  3  1  5155  
6162  16  1  5133  
6171  70  5  5110  5133  5139  5152  5192  
6175  123  6  5133  5139  5145  5152  5169  5192  
6180  93  4  5110  5133  5165  5192  
6183  5  1  5110  
6185  18  1  5147  
6204  18  1  5113  
6205  7  2  5113  5133  
6210  3  1  5110  
6214  2  1  5110  
6215  24  1  5110  
6216  30  2  5169  5192  
6225  4  1  5110  
6231  10  1  5169  
6252  2  1  5152  
6253  1  1  5110  
6254  2  1  5110  
6255  4  1  5110  
6256  1  1  5110  
6257  2  1  5110  
6258  2  1  5110  
6261  9  1  5147  
6266  14  1  5144  
6294  47  5  5133  5139  5152  5169  5192  
6295  4  1  5165  
6296  12  1  5192  
6298  7  1  5165  
6299  4  1  5139  
6300  101  4  5133  5139  5169  5192  
6302  22  2  5144  5192  
6306  15  1  5133  
6308  21  2  5139  5192  
6310  21  3  5133  5139  5192  
6319  1  1  5134  
6322  11  1  5165  
6334  19  1  5145  
6335  89  4  5139  5145  5152  5169  
6348  39  4  5133  5139  5144  5169  
6355  27  1  5152  
6373  2  1  5192  
6379  2  1  5139  
6381  12  1  5139  
6387  21  3  5133  5139  5192  
6389  15  1  5165  
6391  4  1  5133  
6405  38  3  5133  5139  5192  
6414  24  1  5192  
6417  12  1  5169  
6420  15  2  5139  5169  
6421  3  1  5192  
6427  10  2  5144  5169  
6453  10  1  5133  
6459  39  2  5145  5192  
6489  3  2  5139  5192  
6538  3  1  5165  
6552  28  1  5145  
6563  4  1  5152  
6566  33  1  5169  
6578  39  1  5169  
6603  10  1  5169  
6650  2  1  5169  
6651  2  1  5169  
6657  30  1  5169  
6662  45  1  5145  
6672  50  3  5145  5152  5169  
6674  8  1  5169  
6698  35  1  5152  
6699  11  2  5152  5169  
6722  2  1  5169  
6748  1  1  5169  
6796  27  1  5152  
6797  30  1  5145  
6850  11  1  5152  
6908  7  1  5145  
6909  16  1  5145  
6910  20  1  5145  
6911  3  1  5145  
6912  1  1  5145  
6914  8  1  5145  
6915  1  1  5145  
6916  20  1  5145  
6917  2  1  5145  
6930  4  1  5152  
6931  1  1  5152  
6932  1  1  5152  
6933  1  1  5152  
