3  302  14  900  904  912  914  916  927  934  941  945  951  954  961  972  977  
6  81  2  903  967  
8  743  21  903  906  910  914  915  919  920  926  932  937  941  950  951  953  954  967  972  976  977  988  992  
9  65  1  934  
11  114  3  950  971  992  
12  50  1  926  
13  15  2  903  914  
14  45  1  903  
17  187  10  900  902  903  914  915  953  962  972  977  988  
18  76  2  934  967  
20  74  7  902  910  934  948  957  971  976  
21  309  9  914  915  919  937  953  961  971  988  992  
22  90  1  915  
25  133  6  900  912  934  945  949  989  
26  150  5  934  945  971  976  992  
32  65  3  942  945  988  
33  227  8  902  903  914  919  942  945  956  988  
36  41  1  927  
39  89  5  914  943  945  971  988  
43  59  2  912  914  
44  146  2  910  914  
46  15  1  950  
52  64  4  934  939  949  992  
53  24  1  989  
56  94  2  920  953  
63  44  3  932  945  988  
65  275  1  945  
66  109  4  910  934  945  953  
67  164  10  910  912  914  927  942  945  950  954  971  977  
69  69  4  914  916  945  971  
70  31  1  989  
74  53  4  900  934  939  971  
75  59  1  945  
81  122  6  902  910  912  927  934  945  
82  195  6  910  919  941  945  971  972  
84  29  3  939  945  950  
85  72  2  915  927  
89  80  1  971  
95  16  1  989  
98  30  1  989  
103  190  3  914  937  987  
104  95  6  900  902  910  912  927  934  
105  29  3  915  916  988  
107  89  2  902  934  
116  213  1  945  
119  29  1  934  
120  25  1  910  
121  132  4  903  927  934  945  
122  80  2  914  932  
135  25  1  934  
136  94  5  912  916  951  977  988  
138  18  1  992  
140  58  5  914  915  927  934  945  
143  74  2  910  915  
144  21  1  989  
146  61  2  910  971  
149  44  4  915  934  971  972  
153  32  1  910  
160  9  1  914  
162  70  6  903  920  941  954  961  977  
163  123  2  914  932  
164  334  17  900  914  916  919  920  927  941  942  945  950  951  953  954  971  972  976  988  
167  39  1  961  
169  63  4  904  914  915  934  
170  17  1  910  
171  54  2  945  950  
173  79  6  903  914  926  927  945  961  
176  37  1  910  
186  11  2  988  992  
190  21  3  942  945  961  
192  31  1  988  
204  100  4  906  914  915  937  
207  2  1  989  
212  13  1  915  
214  25  2  910  934  
218  50  1  992  
219  23  1  942  
224  41  1  953  
236  15  1  926  
241  25  1  934  
242  86  1  914  
244  8  1  902  
245  6  1  977  
246  56  1  988  
249  22  1  900  
251  31  1  927  
255  30  1  915  
263  76  10  910  912  915  916  927  932  934  945  961  971  
267  6  1  914  
286  79  7  902  910  934  939  942  945  971  
287  7  1  934  
288  244  9  900  914  927  937  941  945  951  957  961  
290  142  11  903  914  915  919  941  945  953  956  957  972  977  
292  230  12  906  910  912  914  915  916  919  926  934  951  957  976  
293  321  19  902  904  906  910  914  915  916  926  932  934  941  942  945  949  950  953  956  971  972  
294  227  19  900  902  903  906  910  912  915  916  919  926  927  934  942  949  954  957  961  976  977  
295  54  3  902  919  945  
297  77  3  906  914  956  
299  140  19  900  902  910  912  914  915  916  919  927  934  941  942  945  951  957  971  972  977  988  
300  3  1  992  
301  199  7  902  914  916  942  945  954  956  
302  7  1  992  
303  27  3  942  945  971  
306  14  1  945  
307  25  1  950  
309  8  1  971  
310  13  1  945  
316  41  4  906  910  934  942  
317  46  1  945  
321  80  2  971  992  
322  30  3  906  927  939  
323  47  4  906  910  927  992  
330  21  2  902  941  
334  9  1  989  
337  18  2  914  961  
343  14  1  927  
350  117  7  912  942  945  950  951  962  971  
355  37  5  906  919  942  945  961  
364  11  1  971  
377  12  1  962  
382  19  2  949  971  
384  145  6  910  914  920  934  945  967  
405  5  1  967  
406  5  1  912  
408  157  7  914  919  950  957  962  967  972  
422  15  1  967  
431  732  10  914  920  932  937  941  945  972  976  977  992  
432  4  1  971  
445  8  1  945  
458  14  2  919  992  
473  5  1  937  
493  24  2  919  945  
494  142  2  945  953  
500  2  1  945  
504  121  6  914  919  954  962  971  988  
508  8  1  992  
531  26  1  945  
534  13  1  992  
535  18  1  912  
536  22  2  919  954  
538  8  2  945  977  
548  214  7  919  942  945  967  971  988  992  
567  14  1  900  
572  31  2  914  920  
577  55  3  903  939  945  
578  150  5  914  919  926  962  976  
579  66  7  903  912  932  934  939  945  954  
581  25  2  934  945  
583  31  5  906  910  942  945  949  
587  46  3  942  945  971  
588  27  1  941  
591  32  3  906  950  971  
593  40  3  916  927  934  
594  98  6  903  916  939  945  949  971  
606  158  8  900  906  914  927  939  945  961  971  
616  16  1  902  
626  83  10  902  906  941  951  954  956  957  961  977  992  
629  47  2  937  957  
631  24  1  961  
635  118  2  919  934  
636  6  1  945  
637  100  11  902  903  914  915  927  934  942  945  951  957  977  
643  81  6  906  914  919  927  945  953  
644  28  4  902  927  948  977  
645  95  4  914  934  971  992  
646  123  16  910  912  915  919  927  939  942  945  949  956  957  971  972  976  977  988  
647  51  4  902  912  950  957  
649  105  11  900  910  912  914  945  956  961  962  971  972  977  
654  23  4  919  926  977  988  
661  264  7  910  912  914  937  945  967  971  
664  6  2  926  971  
669  34  6  904  910  941  945  950  954  
672  8  1  945  
677  8  1  900  
680  93  9  914  915  926  927  942  945  956  957  971  
686  66  1  957  
695  77  8  900  902  916  919  934  971  988  992  
697  8  1  910  
698  50  6  900  914  932  945  948  971  
699  68  1  967  
702  773  5  943  945  950  954  967  
705  146  11  914  926  937  945  950  953  961  962  967  971  992  
719  224  11  903  906  910  914  919  926  927  934  950  971  992  
722  12  1  937  
723  113  4  932  942  957  971  
724  317  11  906  910  915  919  926  927  934  945  971  976  992  
725  41  3  902  941  971  
728  18  2  903  934  
729  60  6  914  919  934  942  953  971  
730  6  1  950  
739  90  3  914  915  972  
742  4  1  961  
743  34  3  910  927  948  
746  272  7  914  915  937  950  954  967  972  
747  3  1  900  
749  29  1  914  
756  15  2  900  945  
758  165  1  945  
759  249  4  914  967  972  976  
762  3  1  914  
766  26  1  914  
774  45  7  910  927  934  945  961  962  971  
779  4  1  945  
781  39  4  910  912  914  971  
782  16  1  906  
783  99  1  902  
784  2  1  934  
789  16  2  945  956  
793  97  4  945  949  971  992  
797  11  1  926  
798  38  1  914  
799  59  4  903  919  972  977  
800  29  2  914  962  
810  7  2  906  971  
811  3  1  961  
812  7  1  916  
822  26  1  971  
824  10  1  945  
829  119  5  903  914  919  934  950  
836  27  5  949  957  962  971  992  
837  9  2  915  971  
839  7  1  910  
843  17  3  906  920  988  
845  10  1  945  
847  149  11  903  914  920  934  941  948  950  953  954  972  977  
850  6  1  949  
857  18  3  919  934  992  
861  46  7  900  902  904  939  950  971  976  
864  80  2  953  977  
866  30  3  942  948  954  
869  110  8  906  914  937  939  950  954  967  977  
875  34  2  906  910  
877  42  6  914  942  945  950  957  971  
878  3  1  942  
880  12  2  906  945  
881  22  2  920  953  
882  16  2  950  967  
891  11  1  941  
892  72  5  900  903  926  934  976  
896  11  1  914  
899  65  10  900  910  914  932  941  945  948  950  977  992  
901  1  1  900  
902  16  1  971  
903  47  4  932  954  961  971  
905  7  1  916  
907  77  4  906  914  954  977  
908  2  1  910  
909  292  4  903  910  937  967  
911  1  1  912  
914  238  9  916  919  920  934  941  945  950  954  976  
915  45  5  916  927  942  945  957  
917  297  4  937  954  967  976  
918  30  2  934  971  
919  4  1  934  
920  60  2  934  937  
926  138  14  903  915  927  934  942  945  948  949  951  953  957  961  988  992  
928  8  1  945  
929  44  4  915  942  945  961  
931  6  1  950  
933  23  5  906  934  962  971  992  
940  1  1  945  
941  14  3  945  971  972  
942  9  1  945  
943  41  1  945  
944  1  1  945  
946  6  2  942  957  
947  7  2  949  971  
948  135  15  903  919  920  926  949  951  956  957  962  971  972  976  977  988  992  
950  19  1  932  
951  39  2  914  957  
952  6  1  971  
953  33  2  961  977  
955  86  2  945  957  
956  6  1  957  
957  6  1  910  
958  1  1  956  
959  49  2  945  956  
960  41  1  961  
962  9  1  967  
967  3  1  962  
968  44  2  941  971  
969  46  1  971  
970  4  1  971  
972  196  3  914  953  988  
977  156  5  903  914  915  919  954  
981  5  1  962  
984  1  1  962  
985  1  1  962  
986  1  1  962  
987  95  1  915  
988  74  2  937  992  
990  5  1  988  
996  5  1  992  
1001  8  1  920  
1004  2  1  992  
1005  2  1  992  
1006  10  1  992  
1007  1  1  992  
1008  88  3  914  967  992  
1009  305  5  914  937  945  967  992  
1010  8  1  992  
1011  2  1  992  
1012  1  1  992  
1013  15  1  992  
1014  9  2  914  992  
1015  1  1  992  
1016  3  1  992  
1017  2  1  992  
1018  1  1  992  
1019  1  1  992  
1020  1  1  992  
1021  1  1  992  
1022  60  4  914  919  988  992  
1023  1  1  992  
1024  6  2  988  992  
1025  39  3  906  910  977  
1029  20  2  914  950  
1030  37  1  914  
1032  62  1  967  
1034  62  5  914  941  948  950  987  
1037  57  1  914  
1038  399  6  910  932  941  945  948  972  
1039  3  1  910  
1040  115  5  910  914  919  934  967  
1041  135  2  915  967  
1042  3  1  915  
1043  2  2  915  961  
1046  48  2  914  961  
1047  14  1  961  
1048  7  1  926  
1054  472  7  914  920  945  951  954  967  976  
1058  4  1  941  
1062  24  1  941  
1064  39  1  914  
1065  13  2  914  934  
1066  599  4  914  950  967  976  
1067  158  5  903  906  914  941  954  
1068  5  1  934  
1069  29  1  976  
1082  7  1  926  
1084  79  1  937  
1087  3  1  954  
1093  31  2  950  977  
1095  5  1  926  
1097  3  1  926  
1098  4  1  926  
1100  107  1  914  
1101  35  1  903  
1102  66  2  920  951  
1107  26  1  977  
1110  218  7  914  919  920  953  954  967  976  
1111  79  3  914  937  950  
1115  65  2  945  954  
1120  77  1  954  
1129  33  2  914  977  
1132  14  1  943  
1135  103  3  914  920  954  
1140  35  1  903  
1141  11  1  906  
1144  10  2  903  977  
1146  77  2  914  967  
1150  51  2  914  941  
1151  1  1  977  
1152  1  1  977  
1153  1  1  977  
1154  1  1  977  
1155  1  1  977  
1156  45  2  977  988  
1159  2  1  903  
1162  61  2  914  937  
1173  69  2  906  914  
1174  124  5  920  941  951  972  988  
1176  10  2  914  950  
1179  31  1  914  
1182  16  1  906  
1183  34  2  906  914  
1184  7  1  906  
1185  33  2  906  950  
1188  9  1  954  
1189  76  1  948  
1197  290  2  919  941  
1208  7  1  914  
1211  181  3  914  934  954  
1214  12  1  914  
1216  1  1  948  
1225  2  1  919  
1227  62  1  920  
1231  5  1  914  
1240  117  4  914  920  941  954  
1242  121  3  914  920  934  
1243  30  1  988  
1247  91  2  941  951  
1253  7  1  988  
1254  1  1  988  
1261  462  3  941  953  967  
1264  33  2  941  953  
1267  63  2  914  950  
1268  52  2  914  934  
1271  37  1  967  
1282  199  5  914  937  950  954  967  
1294  3  1  914  
1303  41  1  967  
1312  183  3  914  920  953  
1325  41  2  914  950  
1326  20  2  914  920  
1346  48  1  932  
1347  26  1  954  
1349  8  1  967  
1350  24  1  972  
1355  72  2  945  953  
1357  91  2  914  945  
1361  44  2  914  920  
1363  26  2  953  954  
1364  52  1  972  
1368  117  1  953  
1370  64  1  914  
1372  157  7  914  920  941  951  953  954  972  
1376  210  3  914  920  954  
1381  38  2  914  920  
1386  41  2  914  951  
1389  16  1  951  
1398  1  1  951  
1399  3  2  937  951  
1400  99  3  914  920  967  
1401  139  1  914  
1404  35  1  920  
1417  81  1  920  
1421  244  2  914  954  
1425  28  1  914  
1427  587  8  914  920  937  950  953  954  967  976  
1428  42  1  950  
1430  81  4  914  932  934  967  
1433  79  2  914  953  
1438  3  1  967  
1442  8  1  914  
1443  46  1  914  
1447  24  2  950  954  
1457  13  1  914  
1458  87  1  914  
1460  102  2  950  954  
1466  30  1  914  
1468  114  2  914  953  
1476  16  1  937  
1481  355  7  914  920  950  953  954  967  976  
1487  73  2  914  920  
1488  162  3  914  920  953  
1494  80  4  914  950  954  967  
1495  50  1  953  
1496  39  3  914  934  967  
1512  2  1  954  
1515  48  1  967  
1532  66  1  945  
1538  55  1  967  
1559  2  1  950  
1561  50  1  967  
1563  6  1  914  
1567  70  1  914  
1570  93  2  914  932  
1571  112  3  945  950  954  
1576  34  1  914  
1578  6  1  950  
1583  5  1  914  
1586  96  1  914  
1588  10  1  950  
1598  45  2  914  945  
1616  76  1  945  
1623  89  3  920  937  976  
1624  16  1  914  
1629  47  1  920  
1633  27  1  937  
1634  97  1  914  
1636  67  1  914  
1639  141  3  914  932  950  
1646  6  1  920  
1647  2  1  920  
1648  57  1  954  
1656  31  2  914  953  
1658  26  1  937  
1664  20  1  914  
1666  19  1  914  
1671  129  2  914  967  
1674  43  1  950  
1677  105  1  914  
1680  90  1  914  
1683  49  1  954  
1694  73  2  932  954  
1696  28  1  914  
1697  57  1  914  
1705  47  1  914  
1729  9  1  945  
1741  36  2  914  950  
1744  36  2  914  967  
1749  51  1  954  
1759  9  1  914  
1769  112  1  976  
1786  13  1  945  
1807  31  1  914  
1810  9  1  914  
1821  34  4  914  937  950  954  
1824  47  1  914  
1829  56  1  914  
1830  17  1  914  
1834  36  1  987  
1835  66  2  914  967  
1841  88  4  937  950  954  976  
1850  63  1  945  
1873  22  1  945  
1878  5  1  950  
1888  14  1  914  
1898  121  4  914  950  954  976  
1901  50  1  914  
1905  17  1  967  
1908  121  6  914  932  937  950  954  967  
1917  28  2  937  967  
1925  55  2  914  967  
1929  7  3  914  932  937  
1933  45  2  914  932  
1934  2  1  954  
1947  23  2  914  967  
1948  113  3  914  937  967  
1950  122  4  914  932  943  967  
1953  1  1  914  
1954  3  1  914  
1955  3  1  914  
1956  44  1  914  
1957  8  1  914  
1958  1  1  914  
1959  1  1  914  
1960  129  5  914  937  950  954  967  
1961  14  1  914  
1962  146  1  914  
1981  41  3  932  954  976  
1991  32  2  950  954  
2008  61  1  945  
2015  12  1  950  
2030  17  1  976  
2044  34  1  967  
2045  28  1  937  
2050  66  2  932  937  
2052  36  1  954  
2055  75  1  976  
2059  108  4  937  945  950  987  
2068  25  1  976  
2072  31  1  950  
2073  247  2  932  967  
2074  49  1  937  
2075  95  1  945  
2080  58  2  943  967  
2087  31  1  950  
2089  48  2  932  937  
2090  32  1  945  
2098  6  1  954  
2110  48  1  932  
2117  4  1  967  
2133  19  1  950  
2137  252  1  950  
2138  215  4  932  937  954  967  
2142  36  3  932  937  967  
2156  4  1  943  
2160  1  1  950  
2161  2  1  950  
2162  1  1  950  
2163  1  1  950  
2166  12  1  954  
2171  4  1  954  
2172  14  1  954  
2173  77  1  954  
2177  189  1  945  
2179  124  1  932  
2183  49  2  937  967  
2204  62  1  932  
2221  37  2  932  937  
2252  42  1  945  
2271  75  1  967  
2272  103  1  967  
2273  142  1  967  
2299  30  1  937  
2308  8  2  937  945  
2351  180  2  943  945  
2356  893  2  943  945  
2360  5  1  967  
2382  32  1  967  
2431  39  1  967  
2443  307  1  943  
2456  13  1  967  
2471  618  2  943  945  
2476  149  2  943  945  
2499  21  1  967  
2501  2  1  967  
2502  1  1  967  
2503  1  1  967  
2504  10  1  967  
2505  1  1  967  
2519  39  1  945  
2691  123  1  945  
2707  47  1  945  
2774  189  1  943  
2827  37  1  945  
2831  81  1  943  
2927  8  1  943  
2954  19  1  945  
3060  25  1  945  
3076  63  1  943  
3149  131  1  943  
3150  319  2  943  945  
3152  68  1  943  
3154  166  1  943  
3155  69  1  943  
3264  156  1  945  
3265  15  1  945  
3278  52  1  945  
3289  205  1  943  
3314  212  2  945  975  
3395  85  1  943  
3435  2  1  943  
3456  10  1  975  
3544  33  1  945  
3627  2  1  943  
3658  89  1  945  
3666  23  1  943  
3704  155  1  945  
3738  12  1  943  
3742  76  1  945  
3808  112  1  943  
3884  29  1  943  
3903  32  1  987  
3906  40  1  945  
3909  10  1  943  
3972  11  1  945  
4073  81  1  945  
4122  71  1  945  
4220  121  1  945  
4353  4  1  945  
4367  28  1  945  
4422  31  1  943  
4436  13  1  943  
4440  361  1  987  
4447  2  1  943  
4448  23  1  943  
4485  139  1  945  
4486  172  1  987  
4531  271  1  987  
4549  14  1  945  
4586  16  1  945  
4608  122  1  945  
4612  101  1  945  
4672  44  1  945  
4831  63  1  945  
4868  30  1  945  
4901  389  1  945  
4908  243  1  945  
4982  22  1  945  
5051  230  1  945  
5129  191  2  945  987  
5133  222  1  945  
5135  385  1  945  
5139  83  1  945  
5149  84  1  945  
5150  75  2  945  987  
5152  61  1  987  
5182  92  1  945  
5247  13  1  945  
5294  81  1  945  
5477  53  1  945  
5495  75  1  945  
5523  9  1  945  
5542  78  1  945  
5639  70  1  945  
5737  29  1  945  
5771  12  1  945  
5817  3  1  945  
5874  100  1  945  
6035  54  1  945  
6054  57  1  945  
6058  68  1  945  
6081  41  1  945  
6154  40  1  945  
6179  11  1  945  
6180  93  1  945  
6245  3  1  945  
6294  47  1  945  
6296  12  1  945  
6298  7  1  945  
6300  101  1  945  
6305  23  1  945  
6335  89  1  945  
6348  39  1  945  
6406  7  1  945  
6430  6  1  945  
6543  3  1  945  
6550  1  1  945  
6551  1  1  945  
6552  28  1  945  
6553  9  1  945  
6554  19  1  945  
6555  1  1  945  
