3  302  8  1619  1625  1635  1641  1648  1651  1652  1662  
8  743  24  1600  1614  1615  1617  1619  1624  1625  1635  1636  1638  1639  1641  1645  1648  1651  1652  1655  1662  1665  1668  1674  1678  1694  1695  
11  114  1  1694  
17  187  4  1625  1641  1648  1651  
21  309  11  1602  1621  1636  1639  1646  1671  1677  1678  1694  1695  1696  
26  150  1  1639  
33  227  3  1636  1648  1678  
35  14  1  1695  
39  89  1  1648  
43  59  1  1625  
44  146  1  1651  
50  39  1  1612  
56  94  3  1646  1671  1695  
65  275  1  1656  
66  109  1  1674  
69  69  2  1674  1695  
72  25  1  1678  
78  8  1  1617  
81  122  1  1694  
103  190  2  1625  1678  
104  95  1  1695  
116  213  3  1643  1656  1696  
121  132  1  1612  
122  80  2  1645  1651  
140  58  1  1621  
153  32  1  1621  
162  70  3  1614  1635  1638  
163  123  5  1602  1621  1624  1656  1677  
164  334  17  1600  1614  1615  1619  1625  1639  1641  1648  1651  1652  1655  1662  1665  1668  1671  1674  1695  
169  63  2  1601  1663  
171  54  1  1621  
173  79  1  1621  
177  3  1  1671  
192  31  1  1671  
193  12  1  1651  
204  100  14  1600  1614  1615  1625  1635  1638  1641  1648  1652  1655  1662  1665  1668  1674  
212  13  1  1657  
224  41  1  1662  
246  56  2  1671  1694  
252  13  1  1665  
255  30  1  1674  
260  56  3  1602  1656  1694  
272  71  7  1602  1621  1624  1641  1652  1668  1695  
286  79  2  1624  1692  
288  244  1  1600  
290  142  1  1674  
292  230  5  1614  1617  1621  1624  1641  
293  321  9  1602  1619  1621  1625  1636  1639  1641  1651  1677  
294  227  1  1695  
295  54  1  1639  
299  140  2  1641  1648  
301  199  1  1663  
306  14  1  1624  
316  41  1  1641  
323  47  1  1638  
328  86  2  1612  1643  
337  18  1  1694  
355  37  1  1665  
380  20  2  1612  1614  
381  5  2  1612  1614  
384  145  5  1619  1625  1651  1678  1694  
399  7  1  1615  
401  79  1  1643  
408  157  5  1614  1636  1665  1671  1674  
431  732  21  1601  1602  1619  1621  1624  1625  1635  1639  1641  1648  1652  1655  1662  1663  1665  1668  1674  1677  1678  1694  1695  
494  142  6  1602  1639  1671  1678  1695  1696  
501  22  1  1671  
504  121  2  1671  1695  
507  4  1  1665  
528  30  1  1601  
536  22  1  1695  
548  214  4  1671  1694  1695  1696  
578  150  3  1612  1624  1641  
587  46  1  1625  
590  17  3  1602  1621  1646  
594  98  2  1602  1695  
606  158  2  1621  1636  
621  3  1  1662  
625  2  1  1692  
626  83  3  1668  1692  1695  
629  47  2  1651  1668  
631  24  1  1694  
635  118  1  1600  
637  100  2  1624  1695  
643  81  2  1624  1651  
645  95  2  1639  1679  
646  123  2  1641  1671  
649  105  4  1602  1621  1635  1641  
651  19  1  1641  
658  4  1  1674  
661  264  8  1601  1602  1612  1621  1643  1648  1668  1695  
676  232  1  1683  
686  66  1  1612  
700  34  3  1602  1621  1639  
702  773  13  1601  1602  1621  1636  1639  1641  1643  1646  1663  1671  1677  1695  1696  
705  146  4  1651  1671  1694  1695  
719  224  8  1617  1619  1625  1636  1656  1657  1677  1695  
723  113  1  1695  
724  317  7  1617  1641  1645  1651  1663  1668  1678  
738  6  3  1600  1612  1614  
739  90  1  1648  
743  34  2  1625  1657  
746  272  8  1602  1612  1614  1621  1671  1694  1695  1696  
753  16  1  1679  
758  165  3  1621  1636  1683  
759  249  15  1600  1602  1617  1621  1624  1635  1639  1641  1646  1656  1668  1677  1678  1695  1696  
763  12  1  1674  
766  26  4  1602  1621  1665  1668  
768  36  4  1600  1614  1615  1619  
774  45  1  1692  
783  99  2  1637  1695  
785  91  1  1677  
787  13  1  1695  
793  97  1  1671  
798  38  2  1614  1635  
799  59  1  1678  
800  29  2  1645  1674  
807  122  1  1612  
829  119  17  1600  1614  1615  1617  1619  1624  1625  1635  1638  1641  1648  1651  1652  1655  1662  1679  1692  
832  9  1  1602  
833  9  1  1695  
843  17  2  1657  1665  
847  149  6  1635  1639  1641  1651  1668  1678  
857  18  1  1695  
859  22  1  1637  
861  46  2  1621  1646  
864  80  5  1621  1635  1641  1668  1678  
867  5  1  1619  
869  110  1  1671  
875  34  1  1695  
880  12  2  1694  1695  
881  22  1  1646  
892  72  6  1619  1625  1641  1645  1665  1674  
907  77  2  1602  1625  
909  292  10  1602  1612  1621  1636  1643  1646  1656  1677  1694  1696  
914  238  13  1617  1625  1635  1639  1641  1651  1652  1665  1671  1674  1677  1694  1695  
917  297  7  1602  1617  1648  1656  1677  1683  1694  
920  60  4  1602  1621  1646  1694  
926  138  8  1615  1641  1648  1651  1652  1657  1662  1695  
929  44  1  1674  
948  135  11  1625  1635  1641  1645  1648  1651  1652  1655  1662  1665  1674  
950  19  1  1694  
955  86  4  1602  1612  1625  1648  
959  49  1  1625  
960  41  2  1612  1694  
961  21  2  1602  1694  
968  44  3  1625  1657  1665  
970  4  1  1646  
972  196  7  1612  1619  1625  1635  1641  1674  1683  
977  156  8  1602  1621  1639  1671  1677  1678  1694  1695  
978  29  1  1663  
987  95  1  1683  
988  74  1  1665  
992  5  1  1695  
995  2  1  1648  
1006  10  2  1692  1695  
1008  88  2  1671  1677  
1009  305  11  1602  1621  1639  1646  1648  1671  1677  1692  1694  1695  1696  
1010  8  1  1695  
1013  15  2  1695  1696  
1016  3  1  1695  
1022  60  1  1695  
1025  39  3  1619  1637  1651  
1029  20  1  1639  
1030  37  2  1639  1648  
1032  62  3  1602  1621  1625  
1033  13  1  1663  
1034  62  1  1641  
1038  399  7  1601  1619  1639  1645  1655  1663  1695  
1040  115  8  1619  1625  1641  1646  1656  1671  1677  1695  
1041  135  4  1602  1621  1639  1646  
1054  472  23  1600  1601  1614  1615  1617  1619  1621  1624  1625  1635  1636  1637  1639  1641  1646  1648  1652  1655  1671  1677  1678  1694  1695  
1064  39  1  1678  
1066  599  16  1602  1612  1615  1617  1621  1624  1639  1646  1648  1651  1655  1663  1677  1678  1683  1695  
1067  158  6  1621  1641  1645  1657  1668  1694  
1068  5  1  1678  
1083  9  1  1671  
1084  79  2  1671  1694  
1085  43  4  1619  1625  1645  1668  
1093  31  1  1662  
1100  107  4  1621  1646  1656  1677  
1101  35  1  1645  
1102  66  3  1619  1625  1657  
1110  218  10  1612  1617  1621  1625  1639  1643  1648  1651  1656  1677  
1111  79  8  1639  1645  1651  1662  1671  1677  1679  1695  
1115  65  2  1602  1621  
1120  77  3  1621  1641  1677  
1129  33  3  1641  1677  1696  
1135  103  5  1602  1621  1648  1671  1678  
1140  35  1  1625  
1146  77  2  1621  1624  
1150  51  4  1619  1651  1652  1692  
1158  8  1  1679  
1162  61  3  1655  1674  1694  
1173  69  4  1639  1641  1671  1678  
1174  124  5  1600  1635  1641  1645  1651  
1176  10  1  1639  
1183  34  1  1677  
1189  76  1  1695  
1197  290  8  1602  1621  1636  1643  1646  1656  1671  1677  
1198  20  1  1671  
1200  4  1  1678  
1208  7  1  1695  
1211  181  12  1602  1621  1625  1635  1639  1641  1657  1665  1668  1671  1677  1678  
1227  62  5  1600  1637  1639  1662  1694  
1240  117  15  1600  1624  1625  1635  1641  1648  1652  1655  1657  1662  1665  1668  1674  1678  1695  
1242  121  15  1614  1615  1619  1624  1625  1637  1641  1645  1648  1651  1655  1665  1668  1674  1678  
1243  30  2  1648  1695  
1246  20  2  1600  1645  
1247  91  7  1602  1615  1625  1641  1656  1671  1677  
1248  18  1  1695  
1256  33  1  1678  
1261  462  12  1601  1614  1617  1624  1639  1641  1652  1656  1663  1668  1671  1677  
1262  4  1  1657  
1264  33  4  1641  1648  1668  1679  
1267  63  5  1621  1639  1641  1651  1656  
1268  52  2  1645  1668  
1269  17  1  1643  
1271  37  1  1696  
1273  61  4  1639  1641  1655  1668  
1281  9  1  1625  
1282  199  8  1602  1621  1646  1656  1662  1674  1678  1695  
1294  3  1  1639  
1304  12  2  1619  1645  
1308  52  2  1656  1677  
1312  183  19  1602  1614  1615  1619  1621  1624  1625  1639  1641  1646  1651  1652  1655  1657  1662  1665  1668  1674  1678  
1323  9  1  1677  
1325  41  6  1619  1624  1635  1645  1648  1651  
1326  20  3  1641  1645  1651  
1347  26  1  1671  
1349  8  1  1662  
1354  156  5  1612  1641  1663  1678  1695  
1355  72  3  1619  1625  1635  
1357  91  7  1615  1621  1645  1648  1657  1668  1695  
1361  44  10  1625  1639  1645  1652  1655  1662  1665  1668  1674  1678  
1363  26  2  1668  1678  
1364  52  8  1625  1635  1641  1655  1662  1665  1668  1674  
1368  117  7  1600  1614  1615  1619  1624  1678  1695  
1370  64  3  1635  1639  1678  
1372  157  8  1602  1615  1621  1639  1641  1648  1677  1678  
1375  10  2  1602  1678  
1376  210  12  1602  1621  1639  1641  1645  1648  1655  1662  1671  1677  1678  1695  
1379  12  1  1641  
1381  38  5  1639  1651  1652  1657  1674  
1400  99  11  1612  1614  1615  1635  1639  1645  1651  1655  1671  1677  1695  
1401  139  6  1621  1625  1643  1645  1655  1677  
1404  35  7  1645  1652  1655  1657  1662  1665  1674  
1409  11  1  1694  
1416  68  5  1602  1621  1671  1677  1678  
1417  81  12  1600  1602  1614  1615  1619  1635  1641  1665  1668  1674  1678  1695  
1421  244  6  1648  1662  1663  1683  1692  1695  
1427  587  28  1600  1601  1602  1612  1614  1615  1617  1621  1624  1635  1639  1641  1643  1645  1646  1648  1651  1656  1657  1662  1663  1665  1668  1671  1677  1678  1679  1695  
1430  81  5  1602  1648  1652  1671  1695  
1431  20  4  1625  1645  1652  1678  
1433  79  6  1635  1641  1645  1665  1668  1678  
1441  27  3  1639  1648  1668  
1442  8  2  1617  1662  
1443  46  1  1602  
1445  3  1  1657  
1457  13  2  1619  1641  
1458  87  3  1621  1624  1651  
1460  102  5  1621  1639  1651  1674  1695  
1466  30  2  1656  1696  
1468  114  12  1600  1614  1615  1619  1625  1637  1641  1648  1652  1655  1665  1695  
1470  29  1  1639  
1472  3  1  1641  
1476  16  1  1694  
1481  355  22  1600  1602  1614  1615  1617  1619  1621  1624  1625  1639  1646  1651  1652  1655  1656  1662  1665  1671  1674  1677  1678  1694  
1483  12  1  1615  
1487  73  8  1602  1641  1645  1651  1665  1668  1674  1677  
1488  162  19  1600  1614  1615  1619  1624  1625  1635  1637  1639  1641  1645  1651  1652  1655  1662  1665  1668  1674  1678  
1494  80  6  1602  1617  1621  1648  1671  1678  
1495  50  3  1639  1652  1678  
1500  12  1  1674  
1503  6  1  1625  
1511  36  1  1648  
1515  48  1  1651  
1532  66  2  1621  1671  
1538  55  2  1665  1694  
1539  5  1  1678  
1553  2  1  1665  
1559  2  1  1651  
1561  50  2  1636  1695  
1567  70  1  1671  
1570  93  4  1637  1639  1651  1678  
1571  112  2  1602  1621  
1574  47  1  1671  
1585  6  1  1615  
1586  96  2  1612  1619  
1588  10  1  1639  
1591  14  1  1671  
1597  19  1  1621  
1598  45  2  1600  1639  
1599  1  1  1600  
1600  18  3  1639  1668  1674  
1601  42  2  1663  1678  
1602  55  2  1621  1671  
1606  3  1  1674  
1610  6  2  1614  1645  
1611  1  1  1614  
1612  8  1  1614  
1613  1  1  1614  
1614  7  2  1612  1652  
1616  76  1  1615  
1617  68  1  1648  
1618  35  2  1602  1651  
1620  1  1  1625  
1621  23  1  1625  
1622  1  1  1625  
1623  89  14  1617  1625  1645  1648  1651  1652  1655  1662  1665  1668  1674  1678  1694  1695  
1624  16  4  1625  1648  1652  1655  
1625  2  2  1652  1665  
1626  5  1  1645  
1628  2  1  1637  
1629  47  1  1641  
1631  2  1  1674  
1633  27  3  1635  1655  1694  
1634  97  7  1635  1639  1641  1643  1645  1665  1674  
1636  67  3  1621  1637  1646  
1637  1  1  1638  
1639  141  10  1624  1641  1645  1648  1651  1655  1662  1668  1674  1695  
1640  1  1  1641  
1642  1  1  1643  
1644  8  3  1645  1655  1679  
1647  2  1  1646  
1648  57  2  1617  1621  
1653  11  1  1648  
1654  2  1  1655  
1656  31  4  1624  1651  1657  1668  
1658  26  1  1677  
1659  44  3  1662  1668  1677  
1660  38  1  1662  
1661  1  1  1662  
1664  20  2  1651  1695  
1666  19  1  1674  
1667  1  1  1674  
1668  2  1  1674  
1669  1  1  1674  
1670  8  1  1674  
1671  129  6  1602  1639  1648  1668  1674  1678  
1672  2  1  1674  
1673  1  1  1674  
1677  105  3  1602  1621  1646  
1680  90  5  1602  1621  1656  1671  1677  
1683  49  2  1617  1668  
1691  6  1  1668  
1694  73  1  1656  
1696  28  1  1621  
1697  57  2  1624  1639  
1705  47  1  1651  
1706  16  1  1651  
1723  22  3  1617  1648  1651  
1730  33  1  1696  
1738  44  1  1643  
1769  112  7  1602  1617  1624  1648  1651  1678  1695  
1772  204  7  1602  1621  1646  1656  1671  1677  1696  
1775  22  1  1695  
1789  5  1  1694  
1793  2  1  1678  
1799  3  1  1678  
1807  31  3  1624  1651  1678  
1812  31  2  1602  1621  
1817  181  6  1602  1621  1646  1656  1663  1683  
1821  34  2  1639  1695  
1824  47  4  1639  1643  1678  1694  
1825  2  1  1678  
1826  29  1  1678  
1829  56  3  1602  1617  1621  
1830  17  3  1639  1651  1694  
1835  66  5  1602  1621  1656  1671  1677  
1836  16  1  1671  
1841  88  6  1617  1624  1639  1648  1651  1694  
1843  39  1  1648  
1845  63  1  1677  
1850  63  1  1694  
1888  14  1  1694  
1898  121  6  1617  1621  1624  1639  1648  1695  
1899  21  1  1694  
1901  50  2  1639  1671  
1904  4  1  1648  
1908  121  7  1617  1624  1639  1651  1671  1694  1695  
1917  28  2  1656  1694  
1923  8  1  1695  
1925  55  3  1639  1656  1694  
1933  45  3  1636  1643  1671  
1939  47  1  1612  
1944  39  4  1602  1621  1643  1646  
1945  16  1  1694  
1948  113  3  1636  1639  1656  
1949  5  1  1677  
1950  122  3  1639  1646  1648  
1952  3  1  1695  
1960  129  4  1639  1671  1694  1695  
1962  146  2  1656  1696  
1967  2  1  1639  
1971  145  2  1602  1677  
1978  4  1  1624  
1981  41  1  1639  
1983  18  2  1617  1648  
1991  32  2  1639  1695  
1992  2  1  1639  
1993  16  1  1639  
1994  29  1  1639  
1995  1  1  1639  
1996  65  1  1671  
1998  17  1  1656  
2008  61  2  1636  1671  
2015  12  1  1695  
2019  4  1  1694  
2029  31  1  1651  
2030  17  2  1617  1651  
2046  4  1  1671  
2048  143  5  1602  1621  1656  1677  1694  
2049  49  2  1656  1671  
2050  66  1  1694  
2054  1  1  1648  
2055  75  6  1602  1621  1646  1648  1656  1677  
2056  241  5  1602  1612  1621  1636  1646  
2061  3  1  1617  
2069  22  1  1612  
2072  31  1  1695  
2073  247  4  1612  1643  1671  1677  
2074  49  2  1602  1683  
2075  95  1  1601  
2087  31  1  1656  
2089  48  1  1694  
2102  120  2  1612  1643  
2109  164  4  1602  1621  1656  1677  
2110  48  2  1656  1696  
2133  19  1  1694  
2134  111  3  1612  1643  1695  
2137  252  3  1612  1636  1643  
2138  215  3  1671  1694  1695  
2142  36  1  1694  
2165  57  1  1602  
2166  12  1  1621  
2173  77  2  1621  1656  
2174  7  1  1694  
2177  189  1  1663  
2179  124  7  1602  1621  1646  1656  1671  1677  1696  
2180  7  1  1694  
2186  45  2  1612  1643  
2199  4  1  1695  
2204  62  1  1602  
2215  34  1  1663  
2216  141  2  1621  1643  
2221  37  1  1694  
2271  75  4  1602  1621  1646  1671  
2272  103  6  1602  1621  1646  1656  1671  1677  
2273  142  6  1602  1621  1646  1656  1671  1677  
2275  35  2  1602  1621  
2283  324  4  1621  1636  1656  1671  
2285  21  1  1636  
2294  38  2  1612  1677  
2299  30  1  1694  
2300  2  1  1694  
2301  100  3  1636  1663  1694  
2302  1  1  1694  
2303  46  1  1694  
2304  69  3  1646  1677  1694  
2305  13  1  1694  
2306  11  1  1694  
2307  68  3  1656  1671  1677  
2334  37  1  1621  
2339  34  1  1602  
2340  105  3  1643  1656  1671  
2342  70  3  1602  1621  1671  
2348  77  1  1636  
2350  82  5  1602  1612  1621  1656  1677  
2351  180  3  1612  1621  1643  
2355  50  1  1663  
2356  893  10  1602  1612  1621  1636  1643  1646  1656  1663  1671  1677  
2357  32  1  1656  
2359  4  1  1671  
2367  146  1  1646  
2381  13  1  1663  
2382  32  2  1602  1621  
2384  49  1  1671  
2391  64  1  1671  
2399  25  1  1643  
2404  53  2  1602  1677  
2405  46  3  1621  1646  1671  
2431  39  3  1602  1671  1683  
2436  269  4  1612  1621  1636  1643  
2438  113  1  1602  
2439  104  3  1612  1646  1656  
2440  49  1  1656  
2443  307  3  1612  1636  1643  
2444  12  1  1612  
2445  164  5  1602  1612  1621  1646  1677  
2451  126  1  1663  
2458  103  3  1602  1621  1677  
2469  156  3  1643  1656  1677  
2471  618  11  1601  1602  1612  1621  1636  1643  1646  1656  1663  1677  1683  
2472  38  1  1663  
2473  26  2  1621  1677  
2474  44  1  1663  
2476  149  2  1612  1656  
2479  64  1  1663  
2480  45  1  1636  
2482  74  1  1612  
2483  168  2  1612  1643  
2485  80  1  1602  
2486  61  1  1677  
2487  75  3  1621  1677  1696  
2489  18  1  1677  
2490  103  2  1601  1677  
2494  200  1  1643  
2499  21  1  1671  
2504  10  1  1643  
2506  33  1  1621  
2521  79  1  1612  
2525  7  1  1612  
2540  40  1  1671  
2547  35  1  1663  
2562  173  4  1612  1621  1643  1677  
2563  15  1  1671  
2567  8  1  1671  
2570  8  1  1643  
2582  11  1  1602  
2602  14  1  1671  
2604  124  2  1612  1621  
2613  44  1  1621  
2620  139  2  1636  1643  
2632  282  4  1636  1643  1646  1677  
2641  28  1  1663  
2657  29  1  1621  
2661  18  2  1602  1621  
2666  57  1  1621  
2668  33  3  1602  1621  1636  
2670  4  2  1621  1671  
2677  35  1  1602  
2679  19  1  1671  
2685  62  1  1643  
2687  36  1  1671  
2691  123  1  1612  
2697  26  3  1602  1621  1646  
2712  70  1  1602  
2715  238  3  1602  1621  1636  
2716  55  1  1621  
2720  357  3  1601  1636  1663  
2724  7  1  1643  
2729  44  1  1663  
2734  9  2  1602  1621  
2746  43  1  1612  
2752  31  2  1656  1677  
2755  51  1  1601  
2756  123  4  1602  1612  1621  1663  
2761  44  1  1601  
2764  19  1  1621  
2766  52  5  1602  1621  1646  1656  1677  
2770  52  1  1621  
2772  175  4  1621  1656  1663  1677  
2774  189  1  1677  
2777  50  2  1602  1621  
2778  216  5  1612  1643  1656  1663  1683  
2779  45  2  1602  1646  
2792  12  2  1646  1656  
2800  52  1  1621  
2801  44  1  1612  
2803  32  3  1602  1621  1696  
2806  42  5  1602  1621  1646  1656  1677  
2812  25  3  1621  1646  1656  
2815  2  1  1621  
2820  20  1  1621  
2823  62  1  1643  
2828  4  1  1621  
2831  81  2  1636  1677  
2834  37  5  1602  1621  1646  1677  1696  
2837  37  3  1621  1646  1677  
2847  9  1  1602  
2848  21  1  1602  
2849  1  1  1602  
2860  16  2  1656  1677  
2875  49  1  1612  
2877  88  3  1643  1656  1696  
2886  1  1  1646  
2887  1  1  1646  
2899  79  1  1643  
2905  41  1  1643  
2907  24  1  1612  
2908  3  1  1663  
2919  56  1  1696  
2952  13  1  1677  
2983  95  1  1643  
3012  58  1  1612  
3024  31  1  1612  
3032  5  1  1643  
3048  15  1  1612  
3064  273  2  1636  1663  
3066  5  1  1683  
3090  180  1  1683  
3102  156  1  1643  
3110  122  1  1612  
3112  89  1  1663  
3133  4  1  1612  
3144  271  2  1663  1683  
3146  314  3  1601  1636  1663  
3149  131  2  1636  1663  
3150  319  3  1601  1636  1663  
3151  148  1  1636  
3152  68  1  1636  
3153  241  2  1636  1663  
3154  166  1  1663  
3155  69  1  1612  
3156  92  1  1663  
3167  21  1  1612  
3174  102  1  1612  
3191  114  1  1663  
3210  28  1  1612  
3214  64  1  1643  
3252  42  1  1643  
3278  52  1  1663  
3286  4  1  1612  
3287  22  1  1612  
3289  205  3  1601  1636  1663  
3290  144  1  1636  
3297  22  1  1612  
3299  64  2  1601  1612  
3306  48  1  1643  
3307  82  1  1663  
3312  12  1  1643  
3314  212  1  1636  
3315  362  2  1601  1683  
3318  9  1  1643  
3332  87  2  1636  1643  
3338  144  1  1663  
3349  17  1  1643  
3353  75  2  1612  1643  
3362  95  1  1663  
3372  1  1  1612  
3373  1  1  1612  
3374  1  1  1612  
3375  3  1  1612  
3376  1  1  1612  
3377  1  1  1612  
3442  99  1  1643  
3443  232  1  1663  
3447  46  1  1636  
3449  113  2  1601  1636  
3456  10  1  1636  
3483  35  1  1663  
3592  89  1  1636  
3596  90  1  1663  
3648  147  1  1636  
3656  89  1  1636  
3657  257  2  1601  1636  
3658  89  1  1636  
3674  131  1  1636  
3679  111  1  1601  
3681  29  1  1636  
3686  77  1  1663  
3749  84  2  1636  1663  
3808  112  1  1636  
3855  52  1  1601  
3879  278  1  1663  
3910  7  1  1683  
3919  80  1  1663  
3921  50  1  1601  
3994  202  1  1636  
4073  81  1  1601  
4082  45  1  1636  
4083  100  2  1601  1663  
4152  228  2  1663  1683  
4169  114  1  1663  
4176  46  1  1636  
4187  96  1  1683  
4193  14  1  1636  
4198  59  1  1636  
4220  121  1  1663  
4226  46  1  1663  
4231  36  1  1636  
4304  46  1  1683  
4315  101  2  1601  1663  
4320  78  1  1663  
4383  11  1  1636  
4384  169  2  1601  1663  
4427  214  1  1663  
4436  13  1  1636  
4440  361  2  1601  1663  
4441  1  1  1636  
4442  8  1  1636  
4443  1  1  1636  
4444  2  1  1636  
4445  8  1  1636  
4446  44  1  1636  
4485  139  1  1663  
4486  172  1  1683  
4531  271  1  1663  
4552  127  1  1683  
4564  13  1  1663  
4565  18  1  1663  
4583  51  1  1683  
4606  41  1  1663  
4611  139  2  1601  1663  
4614  217  1  1601  
4615  49  1  1601  
4619  68  2  1601  1663  
4623  211  2  1601  1683  
4624  312  2  1663  1683  
4625  80  1  1663  
4634  22  1  1683  
4638  15  1  1663  
4711  16  1  1663  
4818  3  1  1663  
4840  44  1  1663  
4844  19  1  1601  
4849  10  1  1663  
4908  243  1  1683  
5031  8  1  1601  
5045  49  1  1601  
5099  9  1  1601  
5135  385  1  1683  
5152  61  1  1683  
5521  76  1  1683  
5552  10  1  1683  
5563  108  1  1683  
5699  54  1  1683  
5724  5  1  1683  
