3  302  10  1117  1119  1120  1121  1133  1140  1147  1150  1158  1189  
8  743  27  1100  1101  1103  1111  1117  1119  1120  1121  1129  1138  1140  1142  1147  1148  1150  1156  1157  1158  1174  1177  1178  1179  1180  1188  1189  1197  1199  
9  65  2  1140  1189  
11  114  2  1156  1199  
12  50  1  1189  
14  45  1  1117  
17  187  3  1111  1117  1199  
18  76  1  1189  
21  309  7  1100  1133  1148  1162  1178  1179  1189  
25  133  2  1101  1180  
26  150  2  1189  1199  
30  24  1  1140  
32  65  2  1103  1189  
33  227  5  1121  1133  1188  1189  1199  
38  30  2  1156  1177  
39  89  2  1100  1133  
43  59  1  1174  
44  146  9  1111  1135  1147  1178  1179  1180  1189  1192  1199  
45  21  1  1111  
46  15  1  1111  
53  24  1  1111  
56  94  2  1101  1129  
63  44  1  1162  
65  275  1  1138  
66  109  2  1147  1189  
67  164  2  1111  1174  
69  69  2  1178  1189  
70  31  2  1142  1147  
73  41  1  1111  
76  18  1  1117  
81  122  4  1133  1147  1189  1197  
82  195  4  1147  1174  1189  1199  
84  29  1  1165  
85  72  2  1133  1197  
89  80  2  1101  1142  
96  5  1  1131  
100  9  1  1111  
103  190  3  1133  1158  1189  
107  89  2  1147  1189  
116  213  4  1138  1146  1183  1189  
119  29  2  1117  1180  
120  25  1  1189  
121  132  2  1162  1189  
122  80  1  1133  
129  99  2  1111  1133  
136  94  3  1111  1174  1189  
138  18  2  1147  1189  
143  74  1  1147  
146  61  3  1111  1174  1189  
149  44  1  1189  
153  32  3  1101  1131  1139  
155  9  3  1178  1179  1180  
156  8  1  1133  
158  93  5  1111  1147  1174  1189  1199  
162  70  8  1111  1117  1119  1139  1140  1156  1180  1189  
163  123  4  1111  1142  1162  1189  
164  334  17  1100  1101  1111  1117  1121  1129  1133  1135  1142  1147  1150  1162  1174  1179  1180  1188  1189  
167  39  4  1101  1117  1121  1133  
171  54  4  1103  1117  1121  1178  
173  79  2  1189  1197  
176  37  1  1111  
182  21  2  1111  1189  
194  12  1  1179  
204  100  2  1158  1189  
219  23  1  1189  
236  15  1  1147  
238  8  1  1158  
241  25  2  1100  1181  
242  86  1  1180  
246  56  1  1103  
252  13  1  1179  
255  30  1  1147  
256  14  2  1178  1179  
260  56  1  1111  
261  7  2  1117  1148  
263  76  3  1100  1148  1189  
264  39  1  1101  
272  71  7  1101  1111  1129  1147  1178  1189  1197  
273  35  1  1189  
274  6  1  1101  
286  79  3  1147  1178  1189  
287  7  1  1177  
288  244  7  1100  1133  1135  1150  1172  1180  1189  
290  142  6  1117  1147  1150  1174  1189  1199  
292  230  13  1100  1101  1111  1117  1121  1135  1139  1148  1157  1158  1162  1179  1189  
293  321  16  1100  1101  1111  1121  1129  1133  1135  1140  1142  1158  1172  1174  1178  1179  1180  1189  
294  227  15  1101  1103  1111  1117  1119  1120  1121  1133  1140  1147  1156  1174  1180  1188  1189  
295  54  2  1111  1189  
297  77  3  1101  1156  1188  
299  140  7  1101  1133  1172  1174  1180  1188  1189  
301  199  4  1100  1111  1162  1188  
307  25  1  1111  
316  41  5  1101  1103  1117  1180  1199  
317  46  2  1156  1177  
318  31  1  1101  
321  80  1  1188  
323  47  4  1101  1121  1161  1189  
325  4  1  1158  
328  86  1  1189  
342  3  1  1197  
343  14  1  1162  
350  117  6  1101  1111  1121  1157  1158  1189  
355  37  1  1133  
364  11  1  1101  
380  20  1  1111  
382  19  1  1172  
384  145  7  1101  1129  1135  1147  1178  1179  1189  
394  9  1  1189  
408  157  5  1101  1148  1179  1188  1197  
431  732  14  1100  1101  1111  1121  1129  1133  1140  1146  1157  1177  1178  1179  1180  1189  
437  17  1  1199  
458  14  1  1117  
485  5  1  1111  
493  24  2  1188  1189  
494  142  6  1111  1129  1158  1178  1189  1199  
501  22  2  1111  1138  
533  3  1  1199  
534  13  1  1101  
535  18  1  1180  
548  214  1  1189  
578  150  10  1100  1101  1117  1150  1158  1178  1179  1180  1188  1189  
579  66  3  1100  1111  1188  
580  11  1  1101  
583  31  4  1101  1121  1172  1180  
587  46  2  1156  1174  
591  32  2  1117  1189  
594  98  5  1111  1162  1180  1188  1189  
603  14  1  1189  
606  158  8  1111  1121  1133  1140  1158  1161  1165  1181  
616  16  1  1121  
626  83  6  1103  1120  1158  1172  1177  1189  
629  47  2  1189  1199  
631  24  4  1101  1103  1135  1142  
635  118  2  1111  1121  
637  100  3  1135  1150  1156  
639  8  1  1121  
643  81  4  1101  1121  1140  1189  
644  28  4  1101  1121  1165  1177  
645  95  5  1111  1147  1174  1188  1189  
646  123  8  1101  1103  1111  1133  1147  1150  1158  1189  
647  51  2  1165  1189  
649  105  10  1101  1111  1129  1133  1158  1162  1172  1174  1180  1189  
651  19  1  1150  
654  23  4  1120  1177  1180  1188  
661  264  13  1101  1111  1117  1131  1133  1135  1148  1158  1162  1172  1183  1189  1199  
666  32  1  1111  
680  93  3  1100  1101  1140  
686  66  1  1138  
695  77  2  1111  1129  
698  50  2  1111  1121  
699  68  2  1111  1162  
700  34  1  1111  
702  773  11  1101  1111  1138  1142  1146  1148  1162  1180  1183  1197  1199  
705  146  7  1101  1111  1117  1121  1147  1150  1189  
716  8  1  1158  
719  224  8  1100  1111  1121  1140  1147  1156  1158  1189  
722  12  1  1111  
723  113  1  1139  
724  317  12  1100  1101  1117  1119  1121  1140  1142  1146  1147  1161  1172  1189  
725  41  5  1101  1157  1165  1174  1189  
729  60  1  1111  
739  90  5  1101  1103  1121  1129  1199  
743  34  2  1117  1189  
746  272  13  1111  1129  1138  1147  1148  1150  1162  1174  1178  1179  1183  1188  1189  
749  29  1  1117  
758  165  1  1199  
759  249  6  1111  1129  1150  1162  1174  1189  
771  61  1  1183  
772  30  2  1178  1180  
774  45  2  1117  1180  
781  39  3  1111  1147  1189  
783  99  2  1111  1189  
785  91  2  1197  1199  
787  13  2  1111  1189  
789  16  1  1150  
793  97  2  1111  1121  
798  38  3  1133  1147  1174  
799  59  5  1111  1121  1140  1180  1181  
800  29  1  1174  
807  122  2  1189  1197  
829  119  5  1111  1121  1142  1158  1188  
833  9  1  1189  
843  17  1  1158  
845  10  1  1189  
847  149  20  1100  1101  1103  1111  1119  1121  1129  1133  1135  1140  1142  1147  1150  1158  1161  1174  1178  1180  1188  1189  
852  21  4  1111  1135  1162  1189  
859  22  3  1178  1179  1180  
861  46  5  1121  1139  1157  1172  1178  
864  80  9  1101  1121  1129  1133  1150  1157  1174  1180  1189  
866  30  1  1133  
869  110  6  1111  1117  1148  1150  1156  1189  
875  34  3  1117  1158  1172  
880  12  1  1189  
891  11  1  1189  
892  72  6  1111  1140  1157  1158  1172  1178  
894  2  1  1131  
895  36  1  1189  
899  65  5  1121  1133  1174  1188  1189  
903  47  3  1119  1121  1140  
905  7  1  1158  
907  77  12  1101  1103  1111  1139  1140  1161  1165  1172  1180  1181  1189  1199  
909  292  6  1148  1162  1183  1189  1197  1199  
914  238  16  1100  1101  1103  1111  1121  1129  1133  1135  1138  1142  1158  1174  1178  1179  1180  1189  
915  45  2  1156  1189  
917  297  10  1103  1111  1133  1142  1146  1148  1162  1183  1188  1189  
918  30  1  1147  
920  60  1  1150  
923  18  1  1129  
925  5  1  1133  
926  138  9  1100  1103  1119  1120  1121  1133  1147  1180  1189  
929  44  1  1103  
932  7  1  1117  
933  23  1  1157  
942  9  1  1101  
943  41  4  1174  1183  1197  1199  
948  135  8  1101  1111  1117  1119  1121  1158  1174  1189  
950  19  1  1189  
951  39  2  1142  1162  
953  33  4  1101  1117  1150  1189  
955  86  1  1189  
960  41  2  1162  1189  
962  9  1  1117  
964  24  2  1121  1133  
968  44  2  1103  1178  
972  196  8  1101  1111  1135  1146  1147  1158  1174  1189  
977  156  13  1101  1103  1120  1129  1142  1148  1156  1161  1162  1177  1180  1183  1188  
979  16  2  1100  1101  
980  7  1  1117  
987  95  1  1121  
988  74  1  1103  
1008  88  5  1101  1111  1138  1146  1189  
1009  305  1  1183  
1010  8  1  1189  
1014  9  1  1111  
1022  60  3  1140  1142  1146  
1025  39  8  1101  1111  1119  1120  1121  1158  1165  1180  
1030  37  2  1111  1181  
1032  62  1  1189  
1033  13  1  1174  
1034  62  7  1111  1133  1140  1147  1158  1180  1189  
1038  399  10  1111  1121  1138  1139  1147  1161  1177  1188  1189  1197  
1039  3  1  1189  
1040  115  9  1101  1103  1111  1133  1150  1162  1174  1178  1180  
1041  135  8  1100  1103  1120  1129  1158  1178  1180  1189  
1046  48  3  1101  1147  1189  
1047  14  1  1199  
1048  7  1  1117  
1054  472  14  1100  1101  1111  1129  1133  1135  1138  1142  1147  1148  1174  1178  1179  1189  
1062  24  1  1101  
1064  39  3  1111  1158  1161  
1065  13  1  1158  
1066  599  11  1100  1111  1129  1142  1148  1178  1179  1183  1189  1197  1199  
1067  158  12  1100  1101  1111  1119  1129  1133  1140  1150  1158  1165  1172  1180  
1082  7  2  1121  1139  
1084  79  2  1111  1178  
1093  31  4  1156  1157  1158  1189  
1095  5  1  1117  
1097  3  2  1101  1121  
1100  107  1  1162  
1101  35  6  1100  1121  1150  1156  1157  1158  
1102  66  7  1100  1101  1148  1150  1178  1183  1189  
1103  22  2  1183  1199  
1104  61  9  1101  1119  1121  1133  1156  1158  1162  1180  1197  
1107  26  2  1111  1172  
1110  218  7  1103  1121  1129  1142  1178  1180  1189  
1111  79  5  1150  1158  1162  1174  1180  
1112  4  1  1111  
1115  65  2  1111  1189  
1118  1  1  1119  
1120  77  8  1103  1121  1135  1150  1156  1177  1178  1188  
1129  33  4  1133  1142  1180  1189  
1133  16  2  1172  1189  
1134  20  1  1103  
1135  103  11  1101  1103  1111  1120  1129  1133  1150  1158  1174  1183  1189  
1136  6  2  1131  1157  
1140  35  5  1101  1133  1158  1180  1189  
1141  11  4  1101  1140  1158  1180  
1142  5  1  1101  
1144  10  4  1120  1140  1156  1180  
1145  8  2  1161  1180  
1146  77  3  1101  1150  1189  
1147  21  5  1120  1135  1140  1161  1189  
1149  2  1  1140  
1150  51  1  1189  
1156  45  3  1120  1188  1189  
1157  2  2  1140  1158  
1160  1  1  1140  
1162  61  4  1111  1148  1156  1179  
1163  1  1  1156  
1164  1  1  1156  
1166  2  1  1177  
1167  1  1  1172  
1168  1  1  1172  
1169  1  1  1172  
1170  1  1  1172  
1171  1  1  1172  
1173  69  11  1101  1103  1111  1129  1133  1150  1172  1174  1180  1181  1189  
1174  124  10  1101  1111  1133  1135  1147  1150  1162  1172  1180  1189  
1175  4  1  1172  
1176  10  1  1177  
1178  20  2  1179  1180  
1179  31  2  1180  1197  
1180  65  3  1129  1178  1179  
1182  16  2  1133  1189  
1183  34  2  1103  1158  
1185  33  1  1189  
1189  76  4  1111  1133  1147  1158  
1193  3  2  1103  1199  
1197  290  7  1101  1111  1133  1138  1183  1188  1189  
1198  20  4  1103  1133  1150  1199  
1206  1  1  1188  
1207  6  1  1188  
1208  7  1  1188  
1209  1  1  1188  
1210  2  1  1188  
1211  181  10  1100  1101  1103  1111  1135  1150  1158  1162  1174  1188  
1214  12  1  1162  
1227  62  4  1148  1150  1179  1189  
1236  2  1  1157  
1240  117  9  1101  1111  1129  1147  1150  1158  1174  1179  1189  
1242  121  12  1100  1101  1111  1129  1133  1135  1147  1150  1158  1178  1179  1189  
1244  8  1  1189  
1247  91  8  1101  1103  1129  1133  1135  1150  1174  1183  
1248  18  1  1199  
1255  40  1  1189  
1256  33  1  1158  
1260  4  1  1147  
1261  462  5  1146  1150  1162  1179  1189  
1264  33  4  1133  1150  1174  1189  
1265  14  1  1178  
1267  63  5  1101  1103  1133  1150  1189  
1268  52  2  1150  1189  
1269  17  2  1111  1189  
1273  61  5  1103  1111  1135  1147  1150  
1277  32  2  1111  1189  
1282  199  12  1100  1101  1135  1142  1147  1148  1150  1162  1178  1179  1183  1189  
1303  41  1  1183  
1308  52  5  1101  1133  1135  1183  1189  
1310  1  1  1103  
1311  2  2  1103  1199  
1312  183  8  1100  1103  1111  1147  1174  1178  1183  1189  
1313  3  1  1103  
1314  2  2  1103  1199  
1315  1  1  1103  
1323  9  2  1133  1135  
1325  41  4  1101  1150  1158  1189  
1326  20  2  1133  1189  
1331  7  1  1133  
1346  48  1  1158  
1347  26  2  1174  1178  
1350  24  1  1111  
1351  11  2  1129  1158  
1352  20  1  1101  
1354  156  6  1111  1133  1142  1146  1158  1189  
1355  72  6  1111  1133  1147  1150  1174  1189  
1357  91  3  1111  1174  1178  
1361  44  3  1129  1150  1178  
1363  26  2  1100  1189  
1364  52  5  1111  1133  1158  1174  1189  
1368  117  6  1101  1111  1147  1150  1174  1189  
1369  1  1  1189  
1370  64  7  1101  1133  1135  1150  1174  1189  1199  
1372  157  9  1100  1101  1111  1129  1135  1150  1174  1178  1189  
1375  10  1  1101  
1376  210  11  1100  1101  1111  1129  1147  1150  1158  1162  1174  1189  1199  
1377  28  3  1101  1133  1189  
1380  48  1  1189  
1381  38  1  1158  
1382  2  1  1133  
1386  41  1  1189  
1389  16  1  1133  
1399  3  1  1150  
1400  99  6  1101  1111  1129  1158  1162  1174  
1401  139  3  1111  1158  1189  
1404  35  4  1147  1150  1158  1174  
1405  4  1  1174  
1416  68  3  1111  1133  1183  
1417  81  5  1101  1135  1147  1150  1189  
1421  244  1  1133  
1427  587  14  1101  1111  1129  1142  1146  1147  1158  1162  1174  1178  1179  1183  1189  1199  
1430  81  5  1138  1178  1179  1183  1189  
1433  79  5  1129  1133  1135  1158  1189  
1442  8  1  1111  
1444  1  1  1172  
1447  24  3  1100  1174  1189  
1457  13  3  1111  1150  1174  
1458  87  2  1111  1135  
1460  102  6  1111  1142  1147  1174  1178  1189  
1461  5  1  1147  
1463  13  3  1101  1135  1158  
1468  114  7  1111  1129  1135  1147  1150  1174  1189  
1470  29  1  1101  
1476  16  1  1142  
1477  4  1  1150  
1478  10  1  1150  
1481  355  14  1101  1111  1129  1142  1147  1148  1150  1158  1162  1174  1178  1183  1189  1199  
1482  1  1  1101  
1483  12  5  1101  1111  1135  1150  1189  
1485  68  1  1111  
1486  15  1  1135  
1487  73  4  1111  1135  1162  1174  
1488  162  8  1100  1111  1129  1147  1150  1174  1179  1189  
1492  4  1  1189  
1494  80  1  1111  
1495  50  2  1174  1189  
1500  12  1  1189  
1502  2  1  1174  
1511  36  1  1178  
1515  48  1  1189  
1518  19  2  1111  1174  
1532  66  3  1111  1189  1197  
1544  8  2  1148  1174  
1545  2  1  1174  
1546  1  1  1174  
1547  2  1  1174  
1548  3  1  1111  
1558  25  1  1179  
1567  70  1  1146  
1570  93  1  1189  
1574  47  1  1189  
1576  34  4  1111  1162  1179  1189  
1578  6  1  1189  
1580  9  1  1111  
1586  96  4  1111  1158  1178  1189  
1589  14  1  1179  
1597  19  1  1100  
1598  45  1  1111  
1601  42  1  1146  
1602  55  1  1111  
1612  8  1  1189  
1616  76  1  1199  
1617  68  1  1189  
1621  23  1  1111  
1623  89  5  1100  1129  1148  1158  1189  
1633  27  2  1148  1189  
1634  97  1  1100  
1636  67  3  1111  1158  1178  
1639  141  3  1142  1158  1189  
1656  31  2  1158  1178  
1671  129  3  1129  1178  1179  
1674  43  2  1162  1189  
1675  4  1  1158  
1676  41  1  1158  
1677  105  2  1158  1183  
1680  90  4  1111  1162  1183  1189  
1682  11  1  1129  
1694  73  2  1100  1111  
1695  16  2  1111  1189  
1697  57  2  1138  1179  
1706  16  1  1111  
1707  1  1  1111  
1712  8  1  1129  
1727  5  1  1189  
1738  44  1  1189  
1739  4  1  1111  
1741  36  1  1142  
1744  36  3  1111  1129  1148  
1749  51  2  1111  1189  
1751  6  2  1129  1178  
1768  20  2  1111  1189  
1769  112  4  1100  1111  1142  1178  
1771  1  1  1129  
1772  204  3  1129  1162  1183  
1807  31  2  1100  1178  
1810  9  2  1178  1179  
1811  18  1  1179  
1812  31  2  1162  1179  
1817  181  7  1111  1138  1146  1162  1183  1189  1199  
1819  1  1  1178  
1820  6  2  1178  1179  
1821  34  2  1142  1178  
1822  1  1  1178  
1826  29  3  1111  1148  1162  
1834  36  1  1138  
1835  66  2  1162  1183  
1841  88  2  1179  1189  
1845  63  2  1162  1189  
1850  63  2  1111  1162  
1855  10  1  1162  
1889  1  1  1100  
1898  121  4  1142  1162  1179  1189  
1899  21  1  1179  
1901  50  1  1189  
1905  17  1  1148  
1908  121  4  1148  1179  1183  1189  
1917  28  1  1148  
1923  8  1  1199  
1925  55  1  1148  
1930  22  1  1189  
1933  45  3  1111  1142  1183  
1939  47  1  1111  
1944  39  1  1183  
1945  16  2  1111  1179  
1948  113  2  1138  1179  
1960  129  5  1111  1142  1148  1183  1189  
1962  146  3  1146  1162  1189  
1965  1  1  1179  
1984  26  1  1189  
1991  32  1  1111  
1993  16  1  1189  
1994  29  1  1148  
1998  17  1  1111  
2008  61  1  1183  
2015  12  2  1111  1189  
2035  15  1  1111  
2048  143  2  1148  1162  
2049  49  1  1189  
2050  66  1  1148  
2052  36  1  1148  
2053  14  1  1162  
2055  75  2  1162  1183  
2056  241  3  1183  1189  1197  
2059  108  3  1142  1189  1199  
2072  31  2  1142  1183  
2073  247  2  1183  1189  
2075  95  1  1189  
2087  31  2  1111  1189  
2089  48  2  1148  1162  
2098  6  1  1189  
2102  120  2  1189  1199  
2109  164  3  1162  1189  1199  
2110  48  1  1111  
2125  3  1  1189  
2133  19  1  1189  
2134  111  3  1142  1189  1199  
2137  252  3  1138  1189  1199  
2138  215  3  1111  1138  1189  
2142  36  1  1148  
2152  5  1  1111  
2153  7  1  1148  
2166  12  1  1162  
2173  77  1  1189  
2179  124  5  1111  1148  1162  1183  1189  
2183  49  1  1148  
2186  45  1  1199  
2188  71  1  1189  
2189  1  1  1189  
2204  62  1  1148  
2216  141  1  1189  
2221  37  2  1111  1183  
2236  35  2  1111  1189  
2262  4  1  1148  
2271  75  1  1162  
2272  103  2  1162  1183  
2273  142  3  1162  1183  1199  
2275  35  1  1183  
2281  3  1  1148  
2283  324  4  1138  1162  1183  1199  
2294  38  1  1111  
2304  69  1  1189  
2307  68  3  1148  1162  1189  
2334  37  2  1111  1189  
2335  93  3  1162  1189  1199  
2342  70  1  1111  
2344  2  1  1111  
2350  82  3  1111  1183  1189  
2351  180  6  1111  1138  1183  1189  1197  1199  
2356  893  8  1111  1138  1146  1162  1183  1189  1197  1199  
2358  5  1  1111  
2367  146  2  1111  1189  
2383  45  1  1189  
2384  49  1  1189  
2391  64  1  1189  
2398  29  2  1183  1189  
2404  53  1  1162  
2408  108  1  1189  
2431  39  1  1183  
2432  18  1  1183  
2436  269  2  1189  1197  
2438  113  3  1162  1189  1199  
2439  104  3  1162  1183  1189  
2440  49  2  1111  1199  
2442  44  1  1189  
2443  307  1  1197  
2445  164  1  1162  
2458  103  4  1162  1183  1189  1197  
2469  156  2  1162  1189  
2471  618  5  1138  1146  1162  1189  1197  
2472  38  1  1189  
2473  26  1  1162  
2474  44  1  1189  
2476  149  1  1138  
2479  64  1  1162  
2480  45  1  1189  
2483  168  2  1138  1189  
2487  75  1  1162  
2490  103  1  1138  
2494  200  3  1138  1189  1199  
2506  33  1  1111  
2521  79  1  1189  
2540  40  1  1183  
2546  46  1  1189  
2550  22  1  1111  
2561  3  1  1111  
2562  173  1  1189  
2563  15  1  1189  
2567  8  1  1111  
2582  11  1  1183  
2587  43  2  1111  1183  
2600  21  2  1111  1189  
2607  3  1  1111  
2620  139  2  1138  1199  
2627  6  1  1111  
2632  282  5  1111  1138  1162  1189  1199  
2633  87  3  1111  1189  1199  
2641  28  1  1111  
2657  29  2  1162  1189  
2661  18  1  1111  
2669  11  1  1197  
2674  2  1  1111  
2677  35  2  1111  1189  
2679  19  1  1111  
2685  62  2  1111  1189  
2686  6  1  1111  
2688  8  1  1111  
2689  1  1  1111  
2690  7  1  1111  
2691  123  1  1111  
2692  11  1  1111  
2696  10  1  1183  
2707  47  1  1162  
2712  70  4  1138  1162  1197  1199  
2715  238  4  1138  1189  1197  1199  
2720  357  3  1138  1146  1197  
2751  28  1  1199  
2752  31  2  1162  1183  
2756  123  3  1183  1189  1199  
2763  3  1  1183  
2766  52  1  1162  
2770  52  3  1183  1189  1199  
2772  175  3  1146  1189  1199  
2777  50  2  1162  1189  
2778  216  2  1138  1189  
2780  38  1  1189  
2785  14  1  1189  
2798  9  1  1189  
2800  52  1  1189  
2806  42  1  1162  
2823  62  1  1189  
2827  37  1  1189  
2834  37  1  1162  
2846  8  1  1162  
2848  21  1  1189  
2899  79  1  1199  
2907  24  1  1162  
2915  20  1  1189  
2916  10  1  1189  
2918  68  1  1146  
2919  56  2  1197  1199  
2924  4  1  1162  
2926  13  1  1162  
2936  41  1  1162  
2952  13  1  1162  
2953  1  1  1162  
2954  19  1  1162  
2955  1  1  1162  
2978  37  1  1189  
2983  95  1  1189  
3000  14  1  1189  
3001  79  1  1199  
3021  15  1  1189  
3026  7  1  1189  
3028  4  1  1189  
3034  13  1  1146  
3053  4  1  1189  
3056  13  1  1189  
3064  273  4  1138  1146  1189  1199  
3087  41  1  1189  
3100  33  2  1138  1189  
3102  156  2  1189  1197  
3110  122  1  1197  
3112  89  1  1189  
3137  88  1  1138  
3144  271  1  1197  
3146  314  1  1146  
3149  131  1  1197  
3150  319  2  1146  1197  
3151  148  3  1138  1197  1199  
3152  68  1  1197  
3153  241  1  1197  
3154  166  2  1189  1197  
3158  101  1  1146  
3159  54  1  1197  
3169  15  1  1197  
3173  42  2  1138  1189  
3174  102  1  1199  
3176  17  1  1189  
3177  24  1  1189  
3178  20  1  1146  
3196  11  1  1189  
3205  6  1  1189  
3210  28  1  1189  
3212  16  1  1189  
3214  64  1  1189  
3215  13  1  1189  
3226  81  1  1138  
3243  16  1  1189  
3245  40  1  1189  
3251  147  2  1138  1199  
3252  42  1  1189  
3253  45  1  1189  
3280  12  1  1197  
3287  22  1  1189  
3289  205  2  1146  1189  
3290  144  2  1189  1199  
3299  64  1  1146  
3300  4  1  1138  
3303  32  1  1189  
3304  91  1  1199  
3314  212  1  1199  
3315  362  1  1138  
3317  40  1  1138  
3330  39  1  1138  
3332  87  1  1199  
3338  144  1  1146  
3348  2  1  1197  
3353  75  2  1138  1199  
3362  95  1  1199  
3383  15  1  1138  
3389  2  1  1189  
3390  7  1  1189  
3391  93  3  1138  1189  1199  
3392  4  1  1189  
3393  3  1  1189  
3394  1  1  1189  
3395  85  2  1189  1199  
3396  11  2  1189  1199  
3397  1  1  1189  
3398  15  1  1189  
3399  1  1  1189  
3400  3  1  1189  
3443  232  1  1197  
3451  23  1  1138  
3465  53  1  1199  
3466  94  1  1199  
3467  47  2  1138  1199  
3510  15  1  1199  
3578  30  1  1138  
3583  85  1  1199  
3596  90  1  1197  
3601  145  1  1197  
3610  32  1  1138  
3648  147  4  1138  1146  1197  1199  
3653  68  1  1146  
3654  21  1  1138  
3656  89  1  1197  
3657  257  1  1197  
3674  131  2  1138  1197  
3679  111  1  1197  
3682  115  2  1138  1199  
3685  86  1  1138  
3686  77  2  1146  1197  
3687  2  1  1138  
3695  3  1  1199  
3696  1  1  1199  
3697  1  1  1199  
3698  1  1  1199  
3717  6  1  1138  
3718  3  1  1138  
3721  25  1  1138  
3722  50  1  1138  
3726  9  1  1138  
3736  64  1  1138  
3742  76  1  1197  
3753  5  1  1138  
3762  9  1  1138  
3808  112  1  1197  
3811  41  1  1197  
3839  9  1  1197  
3855  52  1  1146  
3919  80  1  1146  
3971  17  1  1197  
3994  202  1  1146  
4035  153  1  1197  
4083  100  1  1146  
4102  40  1  1197  
4177  10  1  1197  
4192  20  1  1197  
4196  57  1  1197  
4198  59  1  1197  
4231  36  1  1197  
4248  38  1  1197  
4256  34  1  1197  
4259  7  1  1197  
4309  28  1  1197  
4320  78  1  1146  
4344  5  1  1197  
4378  7  1  1197  
4379  5  1  1197  
4380  79  1  1197  
4413  2  1  1197  
4418  17  1  1197  
4440  361  1  1146  
4485  139  1  1146  
4531  271  1  1146  
4557  84  1  1146  
4611  139  1  1146  
4619  68  1  1146  
4624  312  1  1146  
4669  19  1  1146  
4676  14  1  1146  
4784  2  1  1146  
4790  37  1  1146  
4821  1  1  1146  
4822  4  1  1146  
