8  743  13  3102  3112  3131  3137  3140  3144  3149  3150  3151  3155  3160  3161  3175  
17  187  1  3153  
21  309  9  3116  3118  3137  3140  3144  3149  3153  3155  3170  
24  102  1  3153  
33  227  6  3102  3140  3151  3153  3175  3182  
34  20  1  3153  
39  89  1  3116  
43  59  2  3133  3195  
56  94  1  3116  
63  44  1  3161  
65  275  9  3133  3137  3140  3151  3156  3170  3182  3191  3195  
67  164  4  3140  3156  3174  3191  
81  122  1  3140  
82  195  6  3140  3150  3157  3161  3170  3174  
84  29  1  3112  
85  72  1  3133  
103  190  1  3156  
107  89  2  3137  3182  
116  213  10  3101  3112  3133  3137  3140  3150  3153  3155  3175  3182  
121  132  2  3140  3153  
147  28  1  3156  
149  44  1  3195  
153  32  1  3130  
158  93  1  3156  
163  123  5  3116  3133  3170  3182  3195  
164  334  4  3116  3140  3149  3153  
171  54  1  3175  
272  71  1  3116  
273  35  2  3152  3160  
288  244  4  3112  3116  3151  3175  
290  142  2  3140  3170  
292  230  5  3116  3122  3161  3170  3182  
293  321  5  3116  3140  3153  3156  3195  
295  54  1  3153  
328  86  2  3143  3178  
350  117  1  3153  
361  45  1  3175  
382  19  1  3156  
408  157  4  3116  3122  3144  3175  
431  732  16  3102  3112  3116  3117  3137  3140  3144  3151  3153  3156  3157  3160  3161  3174  3178  3191  
440  10  1  3116  
459  10  1  3170  
493  24  1  3156  
494  142  3  3140  3149  3174  
501  22  1  3116  
504  121  3  3116  3137  3155  
530  34  2  3157  3161  
531  26  1  3140  
548  214  3  3116  3140  3155  
578  150  3  3102  3152  3153  
579  66  1  3182  
606  158  2  3149  3153  
608  7  1  3116  
610  19  1  3112  
629  47  1  3101  
630  3  1  3153  
635  118  2  3112  3140  
637  100  3  3101  3153  3191  
643  81  1  3170  
647  51  1  3170  
649  105  1  3153  
661  264  5  3101  3116  3133  3140  3175  
663  4  1  3112  
666  32  1  3131  
676  232  3  3149  3155  3156  
680  93  2  3157  3161  
686  66  2  3122  3133  
695  77  1  3170  
699  68  1  3101  
702  773  22  3101  3102  3116  3122  3131  3140  3144  3149  3150  3151  3152  3153  3155  3156  3157  3161  3170  3178  3179  3182  3191  3195  
705  146  3  3116  3174  3175  
719  224  3  3137  3140  3182  
723  113  1  3174  
724  317  10  3101  3122  3131  3144  3149  3152  3153  3155  3157  3191  
725  41  1  3156  
732  16  1  3137  
738  6  1  3133  
739  90  2  3133  3140  
746  272  5  3102  3112  3131  3170  3182  
756  15  1  3162  
758  165  3  3144  3153  3170  
759  249  5  3116  3143  3170  3182  3195  
766  26  1  3175  
781  39  1  3174  
783  99  3  3101  3137  3153  
785  91  5  3133  3143  3156  3162  3195  
793  97  1  3101  
807  122  7  3102  3137  3140  3144  3150  3151  3153  
822  26  1  3191  
866  30  1  3170  
869  110  1  3112  
870  27  1  3153  
877  42  1  3131  
883  3  1  3153  
884  3  1  3170  
888  16  1  3153  
895  36  1  3140  
907  77  1  3153  
909  292  9  3112  3116  3133  3137  3151  3170  3175  3182  3195  
917  297  5  3101  3116  3153  3174  3182  
943  41  2  3116  3131  
955  86  1  3156  
959  49  1  3122  
966  2  1  3174  
969  46  2  3137  3175  
972  196  1  3178  
977  156  2  3102  3112  
978  29  1  3153  
1008  88  3  3101  3140  3153  
1009  305  5  3116  3133  3156  3170  3182  
1030  37  1  3170  
1032  62  2  3112  3182  
1037  57  1  3140  
1038  399  14  3102  3131  3137  3140  3144  3149  3150  3151  3152  3153  3155  3157  3161  3191  
1051  3  1  3175  
1054  472  7  3140  3149  3153  3170  3175  3182  3191  
1066  599  19  3101  3102  3116  3131  3133  3137  3143  3149  3151  3153  3157  3170  3174  3175  3178  3179  3182  3191  3195  
1067  158  2  3116  3143  
1069  29  1  3116  
1079  10  1  3140  
1084  79  3  3140  3150  3152  
1085  43  1  3140  
1100  107  2  3152  3153  
1104  61  4  3131  3144  3149  3155  
1110  218  2  3153  3174  
1115  65  1  3118  
1146  77  3  3101  3151  3170  
1150  51  3  3101  3140  3153  
1156  45  8  3116  3118  3130  3133  3143  3170  3182  3195  
1162  61  1  3153  
1180  65  3  3151  3153  3161  
1183  34  1  3170  
1197  290  9  3112  3116  3133  3158  3170  3175  3178  3182  3195  
1198  20  1  3112  
1211  181  1  3170  
1227  62  1  3156  
1243  30  2  3116  3155  
1255  40  2  3162  3195  
1261  462  7  3101  3116  3122  3133  3153  3156  3195  
1269  17  1  3175  
1271  37  2  3182  3195  
1272  35  1  3137  
1282  199  1  3112  
1303  41  3  3116  3170  3182  
1308  52  1  3150  
1346  48  1  3153  
1354  156  7  3101  3149  3153  3155  3170  3174  3191  
1355  72  2  3153  3156  
1357  91  3  3116  3137  3170  
1368  117  4  3116  3133  3170  3182  
1376  210  4  3116  3153  3170  3182  
1378  6  1  3153  
1380  48  1  3175  
1400  99  1  3112  
1401  139  5  3112  3152  3160  3170  3175  
1403  4  1  3170  
1416  68  3  3131  3137  3151  
1421  244  6  3122  3140  3153  3157  3160  3191  
1427  587  15  3101  3102  3112  3116  3137  3140  3150  3151  3153  3156  3160  3170  3175  3182  3191  
1428  42  3  3102  3137  3140  
1447  24  1  3170  
1458  87  1  3182  
1460  102  1  3170  
1476  16  1  3174  
1481  355  3  3102  3133  3156  
1486  15  1  3140  
1494  80  1  3153  
1511  36  1  3122  
1532  66  4  3116  3140  3144  3153  
1538  55  1  3144  
1561  50  1  3182  
1567  70  4  3116  3153  3170  3175  
1570  93  1  3160  
1571  112  1  3155  
1586  96  2  3144  3191  
1598  45  1  3140  
1601  42  1  3131  
1602  55  1  3170  
1612  8  1  3133  
1615  3  2  3149  3175  
1616  76  4  3102  3140  3149  3175  
1617  68  2  3133  3178  
1634  97  4  3116  3143  3170  3175  
1648  57  1  3161  
1659  44  3  3101  3116  3137  
1660  38  1  3156  
1663  48  3  3149  3153  3191  
1671  129  3  3112  3116  3191  
1676  41  3  3137  3150  3151  
1677  105  2  3153  3156  
1680  90  1  3112  
1683  49  2  3153  3157  
1694  73  2  3153  3155  
1705  47  1  3157  
1710  12  1  3116  
1714  3  1  3140  
1730  33  1  3118  
1738  44  2  3112  3150  
1749  51  1  3133  
1765  33  1  3153  
1772  204  9  3112  3116  3133  3143  3149  3153  3170  3178  3179  
1775  22  1  3116  
1778  7  1  3116  
1781  15  1  3116  
1786  13  1  3153  
1798  29  2  3116  3175  
1817  181  7  3112  3116  3122  3153  3170  3175  3182  
1826  29  1  3156  
1829  56  4  3112  3140  3157  3161  
1843  39  1  3101  
1845  63  2  3116  3175  
1850  63  6  3116  3140  3152  3157  3161  3170  
1855  10  1  3149  
1873  22  1  3116  
1880  6  1  3116  
1901  50  4  3140  3151  3153  3155  
1939  47  5  3101  3102  3140  3175  3182  
1944  39  1  3112  
1948  113  5  3116  3122  3131  3137  3151  
1950  122  4  3117  3130  3156  3175  
1956  44  3  3112  3137  3151  
1962  146  4  3101  3149  3153  3175  
1970  23  3  3151  3153  3156  
1971  145  3  3101  3137  3170  
1994  29  1  3174  
1996  65  2  3137  3179  
2008  61  1  3116  
2029  31  2  3170  3182  
2030  17  1  3102  
2044  34  1  3149  
2045  28  1  3156  
2048  143  2  3102  3116  
2056  241  14  3102  3112  3116  3122  3131  3137  3140  3144  3150  3151  3153  3161  3175  3191  
2059  108  1  3116  
2066  38  1  3174  
2069  22  1  3158  
2073  247  14  3112  3117  3118  3130  3133  3140  3143  3153  3158  3170  3174  3178  3179  3182  
2074  49  6  3116  3133  3137  3161  3162  3170  
2075  95  1  3175  
2080  58  1  3153  
2090  32  1  3156  
2097  17  1  3116  
2102  120  2  3112  3175  
2109  164  5  3133  3151  3153  3170  3182  
2110  48  1  3178  
2111  67  1  3156  
2134  111  3  3140  3153  3175  
2137  252  14  3112  3116  3133  3137  3140  3143  3152  3157  3170  3175  3178  3179  3182  3195  
2138  215  4  3102  3156  3174  3175  
2142  36  4  3116  3117  3118  3130  
2165  57  1  3151  
2173  77  1  3140  
2176  17  1  3140  
2177  189  6  3101  3122  3144  3153  3156  3191  
2183  49  1  3102  
2186  45  2  3175  3178  
2188  71  5  3102  3140  3153  3156  3174  
2190  72  4  3122  3133  3140  3191  
2193  66  3  3122  3153  3157  
2204  62  2  3140  3151  
2215  34  1  3153  
2216  141  8  3116  3137  3143  3170  3178  3179  3182  3195  
2231  11  1  3174  
2234  2  1  3137  
2240  50  1  3153  
2256  31  1  3191  
2273  142  1  3140  
2283  324  12  3101  3112  3117  3122  3140  3149  3155  3156  3170  3175  3182  3191  
2294  38  1  3182  
2299  30  2  3116  3156  
2301  100  4  3140  3149  3151  3153  
2303  46  3  3140  3174  3175  
2304  69  1  3116  
2307  68  3  3102  3112  3182  
2313  44  2  3153  3174  
2329  47  4  3140  3151  3153  3155  
2334  37  1  3116  
2335  93  4  3116  3133  3140  3170  
2338  7  1  3175  
2339  34  1  3140  
2340  105  2  3137  3140  
2348  77  1  3140  
2350  82  1  3102  
2351  180  6  3102  3122  3137  3170  3175  3195  
2355  50  1  3153  
2356  893  25  3101  3102  3112  3116  3122  3133  3137  3140  3144  3149  3150  3151  3152  3153  3155  3156  3157  3158  3161  3170  3175  3178  3179  3182  3195  
2357  32  2  3102  3174  
2359  4  1  3150  
2367  146  4  3116  3140  3170  3182  
2376  60  3  3102  3137  3151  
2383  45  1  3137  
2384  49  2  3140  3153  
2391  64  2  3122  3182  
2398  29  4  3116  3137  3151  3155  
2399  25  1  3175  
2404  53  1  3170  
2430  7  2  3102  3137  
2431  39  1  3170  
2436  269  16  3102  3112  3116  3117  3118  3131  3133  3137  3143  3150  3151  3170  3178  3179  3182  3195  
2438  113  9  3112  3133  3137  3140  3151  3153  3158  3175  3178  
2439  104  3  3112  3143  3179  
2440  49  2  3140  3149  
2442  44  1  3112  
2443  307  7  3102  3140  3149  3150  3151  3156  3161  
2445  164  11  3102  3116  3118  3133  3137  3140  3156  3161  3170  3175  3195  
2451  126  3  3101  3153  3174  
2458  103  3  3112  3153  3175  
2469  156  8  3116  3133  3137  3156  3162  3170  3182  3195  
2471  618  23  3101  3102  3112  3116  3122  3137  3140  3144  3149  3150  3151  3153  3155  3156  3157  3160  3170  3174  3175  3178  3182  3191  3195  
2472  38  1  3153  
2473  26  1  3133  
2475  19  1  3116  
2476  149  8  3116  3133  3137  3140  3144  3153  3156  3170  
2477  18  1  3153  
2479  64  2  3133  3153  
2482  74  7  3112  3122  3157  3170  3175  3178  3182  
2483  168  9  3102  3112  3116  3118  3170  3175  3178  3182  3195  
2485  80  3  3116  3153  3156  
2486  61  6  3116  3117  3118  3130  3170  3182  
2489  18  2  3116  3182  
2490  103  3  3116  3137  3152  
2494  200  7  3102  3112  3116  3137  3175  3178  3195  
2504  10  1  3137  
2506  33  2  3112  3153  
2514  16  1  3140  
2521  79  5  3102  3112  3137  3175  3178  
2525  7  1  3153  
2546  46  2  3153  3175  
2547  35  3  3102  3140  3153  
2562  173  11  3112  3116  3137  3140  3143  3156  3161  3170  3175  3178  3179  
2563  15  1  3170  
2570  8  1  3178  
2579  19  1  3153  
2585  18  2  3118  3137  
2587  43  1  3112  
2595  39  1  3175  
2596  50  2  3137  3140  
2604  124  10  3102  3116  3118  3130  3133  3137  3170  3179  3182  3195  
2620  139  9  3112  3116  3137  3140  3150  3151  3170  3179  3182  
2632  282  7  3101  3137  3140  3144  3149  3152  3153  
2641  28  1  3116  
2647  14  1  3156  
2666  57  3  3122  3140  3153  
2677  35  2  3102  3151  
2685  62  5  3102  3122  3137  3151  3175  
2687  36  3  3144  3149  3152  
2691  123  4  3112  3116  3175  3182  
2696  10  1  3182  
2700  19  1  3182  
2707  47  2  3102  3137  
2712  70  3  3102  3116  3150  
2715  238  11  3102  3112  3133  3137  3144  3150  3152  3153  3155  3160  3174  
2716  55  5  3102  3151  3153  3170  3182  
2720  357  11  3122  3131  3137  3144  3149  3150  3151  3153  3157  3174  3191  
2722  15  1  3175  
2724  7  1  3160  
2729  44  3  3144  3153  3157  
2735  55  1  3112  
2746  43  2  3116  3153  
2747  7  1  3116  
2748  5  1  3153  
2750  3  1  3140  
2751  28  1  3133  
2756  123  6  3112  3116  3133  3170  3175  3178  
2761  44  1  3191  
2764  19  1  3116  
2770  52  1  3116  
2772  175  6  3112  3140  3149  3151  3153  3175  
2773  39  1  3153  
2774  189  5  3137  3151  3153  3170  3175  
2777  50  3  3116  3133  3137  
2778  216  9  3101  3102  3137  3149  3150  3151  3152  3153  3155  
2779  45  1  3140  
2780  38  1  3140  
2781  13  1  3122  
2791  10  1  3182  
2800  52  4  3143  3170  3175  3182  
2801  44  2  3112  3157  
2802  48  2  3140  3153  
2813  34  1  3153  
2820  20  1  3175  
2823  62  2  3112  3175  
2825  8  1  3155  
2829  12  1  3153  
2831  81  1  3153  
2834  37  1  3118  
2848  21  1  3137  
2856  3  1  3116  
2872  4  1  3151  
2875  49  1  3131  
2877  88  10  3112  3116  3137  3140  3143  3151  3170  3175  3178  3179  
2878  18  1  3140  
2881  26  2  3175  3182  
2899  79  3  3102  3137  3160  
2902  13  1  3155  
2905  41  2  3158  3178  
2907  24  2  3182  3195  
2917  10  1  3116  
2918  68  4  3101  3122  3153  3157  
2919  56  5  3112  3137  3151  3158  3182  
2923  22  3  3112  3170  3175  
2936  41  3  3144  3170  3182  
2938  2  1  3116  
2964  28  1  3153  
2978  37  3  3112  3137  3175  
2980  3  1  3116  
2981  19  1  3178  
2983  95  3  3112  3151  3175  
2987  9  2  3175  3182  
2999  69  3  3144  3151  3157  
3000  14  2  3118  3122  
3001  79  5  3102  3112  3133  3137  3140  
3008  20  1  3195  
3011  36  1  3182  
3012  58  2  3137  3195  
3017  51  2  3116  3191  
3021  15  2  3112  3178  
3024  31  4  3116  3133  3137  3170  
3036  15  1  3137  
3040  18  2  3122  3153  
3045  18  1  3140  
3049  13  1  3102  
3051  3  1  3116  
3058  35  2  3116  3170  
3059  5  1  3151  
3060  25  1  3156  
3062  55  7  3140  3144  3149  3150  3151  3161  3182  
3064  273  13  3102  3112  3116  3122  3133  3140  3144  3149  3151  3152  3153  3161  3178  
3076  63  1  3153  
3083  4  1  3182  
3084  43  1  3161  
3086  4  1  3182  
3087  41  3  3122  3140  3149  
3088  19  2  3170  3182  
3089  42  4  3116  3117  3137  3195  
3090  180  1  3182  
3095  12  1  3153  
3098  60  5  3101  3116  3122  3133  3157  
3100  33  1  3151  
3102  156  13  3112  3117  3118  3137  3143  3144  3150  3151  3152  3153  3170  3175  3178  
3105  3  1  3116  
3107  3  1  3116  
3110  122  11  3102  3131  3137  3140  3149  3150  3151  3152  3157  3161  3182  
3111  3  1  3116  
3112  89  5  3116  3122  3151  3175  3182  
3113  1  1  3116  
3114  4  1  3116  
3115  1  1  3116  
3122  30  3  3112  3144  3157  
3137  88  3  3153  3158  3170  
3140  20  1  3153  
3142  21  2  3137  3140  
3144  271  9  3122  3149  3150  3152  3153  3155  3156  3161  3174  
3145  3  1  3161  
3146  314  13  3122  3131  3140  3144  3149  3150  3151  3153  3155  3157  3161  3174  3191  
3147  27  3  3140  3151  3161  
3148  98  5  3137  3150  3151  3157  3161  
3149  131  10  3122  3131  3137  3140  3144  3150  3152  3153  3161  3191  
3150  319  12  3101  3122  3131  3140  3144  3149  3151  3153  3156  3157  3161  3174  
3151  148  8  3102  3131  3137  3140  3144  3149  3152  3161  
3152  68  6  3131  3140  3144  3150  3157  3161  
3153  241  13  3122  3131  3137  3140  3144  3149  3150  3151  3155  3156  3157  3161  3191  
3154  166  6  3112  3122  3131  3152  3158  3161  
3155  69  7  3144  3150  3151  3153  3161  3175  3191  
3156  92  2  3153  3161  
3157  22  1  3161  
3158  101  5  3144  3151  3152  3153  3161  
3159  54  3  3131  3140  3161  
3160  56  3  3140  3151  3161  
3162  3  1  3156  
3163  17  2  3156  3170  
3164  1  1  3170  
3165  3  2  3170  3182  
3166  23  3  3131  3149  3170  
3167  21  2  3170  3182  
3168  2  1  3170  
3169  15  2  3157  3170  
3172  53  2  3112  3195  
3173  42  2  3102  3174  
3174  102  3  3122  3137  3153  
3175  18  1  3155  
3176  17  1  3175  
3177  24  1  3175  
3178  20  2  3101  3122  
3180  1  1  3182  
3181  16  1  3182  
3191  114  5  3101  3140  3149  3153  3157  
3206  48  2  3140  3153  
3208  29  2  3140  3191  
3209  71  6  3101  3102  3144  3150  3152  3153  
3212  16  1  3112  
3214  64  2  3175  3178  
3226  81  4  3102  3112  3151  3175  
3227  5  1  3150  
3247  2  1  3175  
3251  147  9  3102  3122  3137  3140  3151  3153  3157  3160  3174  
3264  156  1  3191  
3265  15  1  3156  
3268  13  1  3151  
3270  26  1  3153  
3274  13  1  3112  
3278  52  1  3156  
3280  12  1  3131  
3284  24  1  3153  
3287  22  1  3112  
3289  205  11  3101  3102  3122  3140  3144  3149  3152  3153  3155  3156  3157  
3290  144  9  3102  3112  3137  3140  3149  3150  3152  3153  3178  
3297  22  1  3175  
3299  64  2  3112  3158  
3303  32  2  3137  3151  
3304  91  3  3149  3153  3160  
3306  48  1  3175  
3307  82  4  3101  3102  3140  3153  
3308  63  3  3102  3137  3151  
3314  212  8  3101  3112  3122  3137  3151  3153  3156  3157  
3315  362  3  3156  3174  3191  
3316  44  2  3122  3158  
3317  40  1  3137  
3320  9  1  3178  
3330  39  1  3122  
3331  38  2  3102  3112  
3332  87  3  3102  3144  3160  
3333  36  1  3160  
3337  20  1  3156  
3338  144  7  3101  3102  3149  3151  3153  3157  3178  
3349  17  3  3112  3175  3178  
3353  75  4  3102  3112  3160  3178  
3362  95  4  3102  3149  3153  3175  
3379  7  1  3112  
3387  14  1  3102  
3390  7  1  3156  
3391  93  2  3137  3178  
3395  85  2  3153  3155  
3398  15  1  3175  
3402  3  1  3140  
3403  10  2  3140  3153  
3408  30  2  3149  3153  
3421  8  1  3102  
3422  3  1  3149  
3425  9  2  3150  3175  
3426  16  1  3102  
3429  3  1  3175  
3432  12  1  3102  
3435  2  1  3175  
3436  3  1  3175  
3437  1  1  3175  
3438  3  1  3175  
3439  1  1  3175  
3440  1  1  3175  
3441  18  1  3178  
3442  99  1  3153  
3443  232  10  3101  3102  3137  3140  3151  3152  3153  3156  3157  3174  
3446  27  1  3153  
3447  46  3  3131  3140  3150  
3449  113  4  3131  3144  3149  3150  
3453  3  1  3151  
3459  45  2  3144  3155  
3465  53  1  3122  
3466  94  2  3102  3153  
3479  20  1  3153  
3489  15  1  3112  
3490  18  4  3140  3150  3152  3155  
3498  82  6  3112  3140  3144  3149  3153  3191  
3499  6  2  3112  3178  
3519  1  1  3178  
3536  43  4  3150  3152  3153  3157  
3544  33  1  3153  
3583  85  6  3137  3149  3151  3152  3153  3158  
3592  89  3  3102  3151  3160  
3596  90  2  3149  3153  
3598  7  1  3155  
3599  33  1  3102  
3601  145  3  3152  3153  3156  
3607  20  1  3153  
3610  32  3  3151  3157  3191  
3617  57  4  3102  3153  3174  3191  
3622  28  2  3102  3151  
3625  15  1  3102  
3648  147  3  3140  3153  3155  
3649  15  1  3191  
3652  104  1  3151  
3653  68  3  3155  3157  3191  
3656  89  7  3131  3144  3149  3150  3151  3152  3157  
3657  257  6  3131  3144  3149  3150  3152  3191  
3658  89  4  3149  3150  3155  3156  
3666  23  2  3149  3155  
3672  27  2  3144  3151  
3674  131  7  3131  3137  3140  3144  3149  3150  3151  
3675  5  1  3137  
3679  111  3  3122  3152  3155  
3680  17  1  3157  
3682  115  7  3140  3144  3149  3150  3151  3152  3153  
3683  33  1  3137  
3685  86  4  3102  3151  3153  3160  
3686  77  5  3131  3144  3151  3153  3157  
3690  15  1  3153  
3695  3  1  3150  
3704  155  8  3122  3149  3150  3152  3153  3156  3157  3191  
3714  16  1  3160  
3721  25  2  3102  3160  
3722  50  4  3102  3137  3144  3160  
3725  41  3  3140  3144  3149  
3734  26  1  3102  
3736  64  2  3137  3153  
3740  37  4  3102  3137  3150  3157  
3742  76  5  3101  3102  3144  3152  3191  
3749  84  5  3140  3144  3150  3151  3153  
3750  43  4  3137  3140  3150  3151  
3755  16  1  3149  
3767  8  1  3191  
3780  11  1  3102  
3782  20  1  3153  
3800  65  3  3137  3152  3157  
3801  53  6  3131  3137  3140  3144  3149  3153  
3802  3  1  3137  
3803  9  1  3137  
3804  2  1  3137  
3808  112  4  3131  3140  3150  3153  
3809  3  1  3140  
3810  42  2  3144  3156  
3812  7  1  3140  
3816  4  1  3160  
3841  2  1  3160  
3844  24  1  3144  
3852  23  1  3151  
3855  52  3  3122  3153  3157  
3865  2  1  3102  
3879  278  3  3122  3153  3156  
3881  5  1  3144  
3885  8  2  3144  3149  
3886  3  1  3151  
3906  40  2  3155  3156  
3919  80  2  3122  3153  
3920  6  2  3140  3149  
3921  50  5  3122  3144  3150  3152  3156  
3928  22  1  3155  
3929  39  3  3140  3150  3153  
3971  17  1  3131  
3983  6  1  3140  
3986  24  1  3151  
3990  70  3  3152  3156  3157  
3994  202  10  3101  3122  3131  3140  3144  3149  3150  3152  3155  3174  
3995  18  1  3153  
4001  36  3  3122  3150  3157  
4008  22  1  3156  
4021  18  1  3153  
4026  2  1  3150  
4035  153  3  3144  3156  3174  
4036  12  2  3150  3151  
4037  20  3  3122  3140  3153  
4038  31  1  3153  
4039  50  2  3140  3153  
4040  15  2  3153  3191  
4053  2  1  3140  
4058  15  2  3140  3150  
4068  14  1  3151  
4071  19  2  3153  3191  
4073  81  3  3101  3144  3156  
4082  45  5  3144  3150  3151  3155  3157  
4083  100  5  3101  3122  3153  3156  3157  
4095  11  1  3151  
4096  33  2  3140  3151  
4097  2  1  3151  
4098  3  1  3151  
4099  2  1  3151  
4100  1  1  3151  
4102  40  2  3152  3153  
4104  10  1  3144  
4108  3  1  3131  
4113  27  3  3149  3150  3191  
4114  11  2  3140  3157  
4119  3  1  3150  
4122  71  2  3156  3191  
4132  2  1  3140  
4139  4  1  3150  
4143  1  1  3140  
4144  2  1  3140  
4145  2  1  3140  
4146  4  1  3140  
4147  5  2  3140  3153  
4148  1  1  3140  
4149  1  1  3140  
4152  228  5  3101  3144  3157  3174  3191  
4163  11  3  3131  3144  3153  
4167  2  1  3150  
4168  8  1  3150  
4169  114  8  3101  3122  3144  3150  3152  3153  3156  3157  
4170  2  1  3150  
4171  2  1  3150  
4176  46  1  3157  
4179  9  2  3122  3157  
4188  3  1  3157  
4192  20  1  3157  
4193  14  1  3157  
4194  1  1  3157  
4196  57  1  3153  
4197  23  1  3174  
4198  59  4  3131  3144  3149  3155  
4217  25  1  3153  
4220  121  1  3156  
4225  62  1  3156  
4226  46  2  3153  3157  
4231  36  1  3149  
4232  15  1  3156  
4247  18  1  3155  
4263  53  1  3156  
4275  27  1  3191  
4281  20  1  3157  
4285  62  1  3144  
4304  46  3  3153  3174  3191  
4305  20  1  3152  
4309  28  1  3152  
4315  101  2  3153  3156  
4320  78  4  3122  3153  3156  3157  
4328  2  1  3191  
4337  34  1  3153  
4343  3  1  3191  
4350  30  2  3144  3149  
4356  2  1  3131  
4367  28  1  3156  
4373  4  2  3144  3152  
4378  7  1  3131  
4379  5  1  3131  
4382  1  1  3155  
4384  169  4  3101  3122  3153  3157  
4411  9  1  3153  
4412  1  1  3131  
4413  2  1  3131  
4414  3  1  3131  
4415  6  1  3153  
4419  12  1  3122  
4427  214  8  3101  3122  3144  3149  3152  3153  3156  3157  
4436  13  1  3152  
4437  60  2  3101  3144  
4440  361  7  3101  3122  3153  3156  3157  3174  3191  
4445  8  1  3149  
4446  44  1  3144  
4447  2  1  3152  
4454  43  2  3101  3152  
4460  7  2  3144  3155  
4470  115  2  3153  3156  
4473  28  3  3153  3155  3156  
4474  27  2  3144  3153  
4475  14  1  3144  
4476  4  1  3144  
4477  10  1  3144  
4478  14  3  3101  3122  3144  
4479  7  1  3144  
4485  139  5  3101  3122  3153  3156  3157  
4486  172  2  3156  3174  
4489  43  1  3149  
4490  26  3  3122  3149  3153  
4496  18  1  3156  
4498  7  1  3152  
4509  52  1  3191  
4522  10  1  3152  
4526  3  1  3191  
4531  271  6  3122  3153  3156  3157  3174  3191  
4540  8  1  3174  
4549  14  1  3156  
4551  54  1  3156  
4557  84  4  3122  3157  3174  3191  
4569  69  1  3153  
4571  54  1  3174  
4592  3  1  3153  
4604  48  1  3153  
4606  41  1  3191  
4607  29  2  3153  3191  
4608  122  1  3156  
4610  35  1  3101  
4611  139  4  3101  3153  3156  3157  
4612  101  1  3156  
4614  217  2  3156  3174  
4616  41  1  3153  
4617  14  1  3191  
4619  68  4  3101  3122  3153  3157  
4623  211  3  3101  3153  3156  
4624  312  5  3122  3153  3156  3157  3191  
4625  80  2  3122  3153  
4633  6  1  3153  
4637  2  1  3157  
4638  15  1  3122  
4663  24  1  3101  
4664  3  1  3156  
4669  19  1  3156  
4672  44  1  3156  
4681  8  2  3122  3157  
4685  75  1  3101  
4688  2  1  3157  
4691  12  1  3156  
4703  10  2  3122  3157  
4709  1  1  3122  
4710  22  1  3122  
4711  16  1  3122  
4715  61  1  3191  
4724  12  1  3153  
4727  24  1  3153  
4729  11  1  3153  
4732  3  1  3156  
4733  16  2  3101  3153  
4740  3  1  3157  
4745  10  1  3153  
4756  3  1  3157  
4757  1  1  3157  
4764  6  1  3101  
4783  19  1  3153  
4790  37  1  3191  
4801  4  1  3153  
4812  4  1  3153  
4814  48  1  3174  
4817  37  1  3101  
4828  66  1  3156  
4840  44  1  3191  
4844  19  1  3153  
4849  10  1  3153  
4859  9  1  3153  
4865  22  1  3156  
4868  30  1  3101  
4889  2  1  3153  
4898  3  1  3153  
4901  389  2  3156  3191  
4903  6  1  3156  
4906  39  1  3156  
4908  243  3  3101  3156  3174  
4918  1  1  3153  
4919  137  3  3153  3156  3191  
4920  4  1  3153  
4951  105  1  3191  
4977  66  1  3156  
4982  22  1  3156  
4983  7  1  3156  
4992  36  1  3191  
4994  1  1  3101  
5045  49  1  3156  
5050  50  1  3174  
5051  230  3  3156  3174  3191  
5080  45  1  3156  
5108  9  1  3156  
5109  15  1  3156  
5110  75  1  3156  
5112  42  1  3156  
5122  32  1  3191  
5129  191  2  3156  3191  
5132  23  1  3174  
5135  385  1  3156  
5141  6  1  3174  
5145  41  2  3156  3174  
5147  144  1  3156  
5149  84  2  3156  3174  
5150  75  1  3156  
5151  67  3  3156  3174  3191  
5152  61  1  3191  
5155  98  1  3156  
5169  41  1  3156  
5180  8  1  3191  
5182  92  1  3156  
5191  50  1  3156  
5211  1  1  3158  
5236  4  1  3156  
5239  33  1  3156  
5295  20  1  3156  
5303  6  1  3191  
5313  25  1  3191  
5316  30  1  3174  
5317  17  1  3156  
5335  39  1  3191  
5359  32  1  3191  
5366  18  1  3191  
5382  26  1  3191  
5401  24  1  3156  
5423  13  1  3191  
5439  10  1  3191  
5440  1  1  3191  
5441  3  1  3191  
5442  2  1  3191  
5460  14  1  3156  
5477  53  1  3156  
5519  88  1  3156  
5521  76  1  3156  
5523  9  1  3156  
5546  190  2  3156  3174  
5554  19  1  3156  
5555  5  1  3174  
5559  44  1  3156  
5563  108  1  3156  
5583  35  1  3174  
5590  17  1  3156  
5639  70  1  3156  
5670  13  1  3156  
5678  22  1  3156  
5684  101  1  3156  
5690  17  1  3156  
5699  54  1  3156  
5706  33  1  3156  
5711  33  1  3156  
5725  21  1  3156  
5737  29  1  3156  
5740  35  1  3156  
5741  43  1  3156  
5785  15  1  3156  
5789  160  1  3156  
5794  93  1  3156  
5798  135  1  3156  
5801  50  1  3156  
5874  100  1  3156  
5915  22  1  3156  
5933  42  1  3156  
5937  11  1  3156  
5995  19  1  3156  
6019  31  1  3156  
6033  95  1  3156  
6035  54  1  3156  
6049  65  1  3156  
6054  57  1  3156  
6063  47  1  3156  
6077  6  1  3156  
6078  1  1  3156  
6079  2  1  3156  
6080  10  1  3156  
6081  41  1  3156  
6146  21  1  3156  
6152  142  1  3156  
6153  31  1  3156  
6154  40  1  3156  
6155  98  1  3156  
6157  118  1  3156  
6171  70  1  3156  
6179  11  1  3156  
6180  93  1  3156  
6183  5  1  3156  
6294  47  1  3156  
6348  39  1  3156  
6389  15  1  3156  
6403  4  1  3156  
6443  2  1  3156  
6535  2  1  3156  
6538  3  1  3156  
