3  302  1  5798  
21  309  1  5745  
65  275  1  5774  
67  164  1  5745  
82  195  1  5738  
93  24  2  5741  5769  
97  68  2  5767  5798  
103  190  10  5700  5711  5716  5717  5737  5740  5746  5754  5772  5775  
107  89  1  5740  
129  99  1  5741  
136  94  1  5775  
158  93  2  5711  5741  
164  334  1  5781  
293  321  1  5771  
301  199  1  5748  
318  31  1  5771  
383  34  2  5740  5798  
401  79  2  5774  5787  
431  732  13  5716  5717  5737  5739  5741  5749  5754  5767  5770  5771  5775  5781  5787  
493  24  1  5741  
494  142  4  5711  5738  5754  5768  
548  214  3  5741  5745  5787  
587  46  1  5767  
676  232  11  5711  5741  5745  5746  5754  5771  5772  5774  5787  5792  5798  
680  93  1  5798  
702  773  11  5716  5739  5740  5745  5748  5754  5767  5770  5771  5775  5798  
724  317  2  5738  5781  
725  41  1  5745  
758  165  3  5768  5769  5775  
770  7  1  5792  
793  97  1  5745  
909  292  1  5792  
917  297  2  5745  5774  
960  41  2  5741  5771  
972  196  3  5711  5745  5774  
979  16  1  5767  
987  95  10  5716  5717  5739  5741  5748  5769  5771  5774  5775  5787  
1009  305  4  5740  5741  5747  5798  
1037  57  1  5741  
1054  472  8  5711  5716  5737  5740  5741  5767  5770  5775  
1066  599  5  5711  5741  5748  5767  5774  
1093  31  1  5741  
1110  218  1  5741  
1115  65  1  5711  
1261  462  4  5711  5740  5741  5798  
1354  156  1  5737  
1376  210  1  5738  
1387  2  1  5754  
1418  5  1  5741  
1421  244  8  5716  5740  5748  5754  5767  5770  5771  5798  
1426  4  1  5740  
1427  587  1  5798  
1485  68  3  5740  5741  5798  
1515  48  1  5774  
1532  66  1  5775  
1538  55  1  5745  
1561  50  1  5740  
1571  112  1  5798  
1586  96  1  5774  
1602  55  1  5738  
1629  47  2  5741  5787  
1648  57  1  5738  
1660  38  2  5737  5741  
1663  48  2  5740  5771  
1677  105  1  5745  
1705  47  2  5737  5745  
1720  6  1  5741  
1809  13  1  5795  
1817  181  4  5737  5767  5770  5775  
1834  36  4  5737  5748  5774  5787  
1850  63  1  5798  
1851  27  2  5711  5741  
1901  50  1  5745  
1971  145  1  5739  
2045  28  1  5711  
2056  241  1  5798  
2059  108  2  5746  5754  
2066  38  1  5774  
2075  95  2  5749  5771  
2080  58  2  5739  5770  
2109  164  1  5745  
2138  215  1  5754  
2177  189  5  5711  5745  5749  5754  5772  
2188  71  1  5787  
2190  72  1  5798  
2220  4  1  5741  
2252  42  1  5740  
2256  31  3  5748  5754  5767  
2258  6  1  5775  
2283  324  3  5711  5741  5775  
2301  100  1  5741  
2313  44  2  5719  5767  
2340  105  1  5745  
2351  180  2  5711  5741  
2355  50  1  5775  
2356  893  7  5711  5740  5741  5772  5787  5792  5798  
2367  146  2  5711  5737  
2391  64  2  5737  5775  
2406  24  2  5740  5741  
2408  108  2  5711  5740  
2431  39  1  5774  
2440  49  1  5729  
2443  307  3  5711  5740  5772  
2445  164  2  5738  5770  
2458  103  1  5774  
2461  40  2  5740  5798  
2471  618  8  5717  5741  5754  5767  5771  5774  5775  5798  
2476  149  3  5745  5771  5787  
2616  16  2  5737  5770  
2662  4  1  5787  
2666  57  1  5770  
2691  123  2  5771  5775  
2720  357  14  5700  5716  5729  5739  5740  5741  5745  5748  5754  5767  5770  5772  5775  5785  
2729  44  1  5740  
2731  28  1  5792  
2746  43  1  5774  
2761  44  1  5770  
2770  52  1  5774  
2773  39  3  5739  5754  5775  
2774  189  1  5717  
2778  216  3  5745  5774  5775  
2801  44  1  5771  
2823  62  1  5741  
2829  12  1  5718  
2831  81  1  5775  
2875  49  1  5792  
2999  69  1  5741  
3017  51  2  5772  5792  
3029  18  2  5711  5741  
3058  35  3  5716  5748  5775  
3060  25  2  5700  5749  
3090  180  6  5745  5770  5771  5774  5775  5798  
3112  89  1  5740  
3137  88  1  5775  
3144  271  5  5740  5754  5775  5781  5792  
3146  314  1  5754  
3150  319  6  5716  5738  5739  5746  5749  5781  
3153  241  3  5711  5741  5771  
3154  166  2  5717  5729  
3156  92  2  5754  5781  
3163  17  1  5781  
3209  71  1  5738  
3214  64  1  5741  
3264  156  2  5740  5787  
3314  212  2  5741  5787  
3315  362  19  5711  5716  5737  5738  5739  5741  5745  5748  5749  5754  5767  5768  5769  5770  5771  5774  5775  5787  5798  
3330  39  1  5798  
3379  7  1  5771  
3428  22  1  5741  
3442  99  1  5746  
3443  232  2  5741  5787  
3459  45  2  5745  5781  
3467  47  1  5798  
3483  35  1  5719  
3548  42  1  5740  
3583  85  1  5748  
3585  15  1  5739  
3587  23  1  5741  
3592  89  2  5737  5745  
3610  32  1  5738  
3617  57  1  5754  
3648  147  1  5745  
3657  257  11  5716  5737  5738  5739  5745  5748  5754  5767  5770  5775  5798  
3658  89  3  5711  5741  5772  
3674  131  2  5716  5741  
3682  115  2  5738  5748  
3704  155  2  5745  5772  
3724  2  1  5798  
3732  2  1  5775  
3749  84  2  5711  5775  
3762  9  1  5787  
3801  53  1  5749  
3852  23  1  5787  
3879  278  7  5711  5740  5745  5746  5748  5754  5787  
3883  4  1  5770  
3906  40  2  5745  5787  
3910  7  1  5770  
3929  39  1  5738  
3990  70  2  5711  5798  
3994  202  6  5711  5716  5739  5740  5748  5754  
4021  18  1  5717  
4028  16  1  5772  
4035  153  3  5740  5772  5792  
4039  50  2  5749  5792  
4073  81  1  5772  
4083  100  2  5711  5775  
4102  40  1  5798  
4113  27  1  5745  
4122  71  2  5711  5774  
4128  7  3  5719  5741  5795  
4152  228  6  5711  5740  5767  5771  5774  5792  
4175  19  1  5740  
4176  46  1  5798  
4187  96  14  5716  5717  5737  5739  5746  5748  5749  5754  5767  5768  5770  5771  5774  5775  
4197  23  2  5774  5787  
4220  121  3  5741  5745  5781  
4225  62  4  5738  5740  5741  5754  
4248  38  4  5749  5768  5770  5774  
4256  34  1  5741  
4263  53  1  5741  
4266  14  1  5745  
4281  20  1  5792  
4285  62  1  5741  
4304  46  2  5754  5767  
4319  168  5  5719  5740  5746  5787  5798  
4320  78  1  5741  
4324  6  1  5771  
4380  79  2  5717  5769  
4384  169  1  5739  
4427  214  2  5740  5792  
4440  361  13  5711  5716  5737  5739  5741  5748  5767  5770  5771  5774  5775  5781  5798  
4453  53  2  5740  5741  
4470  115  5  5737  5740  5770  5775  5792  
4478  14  1  5787  
4486  172  14  5700  5711  5716  5737  5738  5739  5740  5745  5749  5754  5770  5771  5774  5775  
4531  271  8  5711  5737  5740  5741  5745  5754  5770  5792  
4551  54  1  5737  
4552  127  7  5711  5739  5740  5745  5774  5775  5798  
4567  9  1  5774  
4569  69  1  5745  
4571  54  2  5716  5740  
4583  51  10  5716  5737  5739  5745  5748  5754  5767  5770  5774  5775  
4604  48  3  5740  5781  5787  
4606  41  1  5754  
4608  122  3  5711  5740  5741  
4612  101  6  5711  5716  5741  5754  5787  5795  
4614  217  5  5711  5741  5774  5775  5792  
4616  41  1  5745  
4620  152  4  5741  5771  5775  5787  
4623  211  13  5716  5737  5739  5740  5741  5745  5748  5754  5767  5770  5775  5787  5798  
4624  312  9  5711  5738  5740  5741  5745  5770  5781  5787  5792  
4628  18  2  5738  5771  
4634  22  2  5741  5774  
4672  44  2  5772  5774  
4680  33  1  5745  
4684  59  2  5738  5748  
4710  22  1  5774  
4715  61  1  5774  
4747  30  1  5792  
4763  15  1  5746  
4790  37  2  5711  5798  
4814  48  2  5718  5748  
4828  66  3  5718  5741  5746  
4831  63  2  5740  5741  
4838  8  2  5754  5775  
4860  28  1  5741  
4901  389  15  5711  5716  5737  5739  5740  5741  5745  5748  5754  5767  5770  5775  5787  5792  5798  
4906  39  1  5741  
4908  243  12  5716  5737  5738  5741  5745  5746  5754  5767  5770  5774  5775  5787  
4909  26  1  5745  
4919  137  5  5740  5748  5767  5770  5798  
4927  46  1  5798  
4951  105  7  5716  5739  5745  5748  5754  5787  5798  
4953  12  1  5754  
4958  27  1  5745  
4962  30  1  5729  
4977  66  4  5716  5738  5741  5775  
4981  15  1  5741  
4982  22  1  5771  
4986  28  1  5775  
5012  139  5  5711  5718  5740  5746  5768  
5023  5  1  5741  
5045  49  1  5749  
5046  21  2  5741  5798  
5050  50  2  5774  5787  
5051  230  12  5700  5711  5716  5719  5737  5739  5741  5748  5754  5771  5787  5798  
5060  11  2  5717  5745  
5074  2  1  5716  
5079  14  1  5798  
5080  45  2  5739  5798  
5082  13  1  5792  
5093  4  2  5716  5739  
5105  13  2  5754  5774  
5109  15  1  5741  
5110  75  3  5740  5741  5798  
5129  191  10  5716  5737  5740  5741  5745  5746  5748  5754  5774  5775  
5132  23  1  5792  
5133  222  6  5711  5740  5741  5771  5792  5798  
5135  385  19  5700  5711  5716  5718  5738  5739  5740  5741  5748  5754  5767  5768  5769  5770  5775  5781  5787  5792  5798  
5137  33  1  5775  
5140  27  1  5737  
5143  29  1  5775  
5144  79  8  5700  5711  5718  5739  5741  5745  5787  5798  
5145  41  2  5741  5792  
5147  144  2  5741  5792  
5149  84  9  5716  5738  5739  5745  5748  5754  5774  5775  5798  
5150  75  3  5711  5772  5781  
5151  67  3  5754  5774  5787  
5152  61  2  5700  5767  
5153  20  2  5711  5772  
5154  22  2  5768  5770  
5155  98  2  5737  5787  
5157  41  3  5740  5741  5798  
5169  41  3  5711  5775  5792  
5182  92  6  5737  5741  5745  5748  5754  5770  
5191  50  2  5711  5754  
5192  27  2  5711  5792  
5218  19  1  5771  
5224  52  4  5711  5740  5741  5772  
5225  9  1  5774  
5239  33  4  5711  5741  5745  5774  
5241  42  2  5775  5787  
5277  8  3  5719  5738  5771  
5294  81  6  5737  5739  5748  5771  5775  5792  
5295  20  1  5738  
5297  5  1  5772  
5302  68  2  5754  5787  
5316  30  2  5700  5716  
5325  80  3  5717  5740  5792  
5335  39  2  5711  5741  
5372  18  2  5738  5749  
5401  24  1  5747  
5418  9  1  5749  
5423  13  1  5792  
5434  4  2  5739  5781  
5438  14  3  5737  5772  5774  
5460  14  1  5741  
5476  31  5  5737  5745  5770  5774  5775  
5477  53  2  5740  5770  
5480  31  1  5787  
5482  17  2  5739  5748  
5488  19  1  5745  
5495  75  1  5740  
5497  35  1  5781  
5502  10  2  5739  5748  
5519  88  2  5741  5772  
5520  11  1  5749  
5521  76  3  5711  5739  5781  
5542  78  4  5711  5740  5772  5798  
5546  190  17  5700  5711  5716  5717  5719  5729  5737  5738  5741  5745  5767  5768  5770  5771  5774  5787  5798  
5554  19  1  5740  
5557  23  1  5718  
5559  44  2  5716  5740  
5561  5  1  5771  
5563  108  3  5741  5771  5798  
5574  17  3  5739  5741  5798  
5582  81  4  5740  5741  5775  5798  
5583  35  1  5741  
5585  2  1  5711  
5602  8  2  5717  5749  
5606  29  1  5740  
5617  21  3  5741  5746  5749  
5621  23  1  5711  
5622  11  1  5741  
5639  70  3  5711  5741  5775  
5643  12  2  5739  5770  
5653  28  3  5775  5781  5787  
5655  58  7  5717  5738  5739  5740  5741  5746  5772  
5657  3  1  5700  
5664  5  1  5700  
5670  13  3  5737  5745  5771  
5673  28  5  5741  5771  5774  5781  5795  
5676  85  5  5740  5741  5775  5781  5798  
5678  22  1  5741  
5684  101  3  5711  5740  5772  
5689  8  1  5745  
5690  17  1  5774  
5692  4  1  5739  
5693  7  1  5775  
5699  54  5  5700  5711  5741  5745  5774  
5710  29  1  5741  
5711  33  1  5740  
5713  17  1  5787  
5715  1  1  5716  
5724  5  3  5746  5774  5781  
5731  5  1  5771  
5735  9  1  5738  
5737  29  2  5711  5770  
5740  35  4  5711  5739  5741  5745  
5741  43  2  5711  5772  
5744  1  1  5745  
5752  1  1  5754  
5753  1  1  5754  
5771  12  1  5770  
5772  177  4  5711  5740  5741  5792  
5773  6  1  5774  
5776  1  1  5775  
5777  1  1  5775  
5778  1  1  5775  
5779  1  1  5775  
5780  10  1  5775  
5789  160  4  5711  5740  5741  5798  
5790  18  1  5741  
5793  104  2  5740  5772  
5794  93  3  5711  5741  5798  
5796  5  1  5797  
5798  135  2  5740  5741  
5800  9  1  5771  
5801  50  1  5771  
5809  1  1  5740  
5824  7  1  5798  
5832  6  1  5771  
5864  10  1  5740  
5874  100  2  5711  5741  
5910  2  1  5792  
5917  1  1  5787  
5921  77  3  5740  5772  5792  
5923  24  1  5792  
5930  8  1  5711  
5937  11  2  5740  5798  
5995  19  2  5741  5792  
6006  2  1  5741  
6007  1  1  5741  
6008  4  1  5711  
6010  19  1  5741  
6019  31  1  5741  
6026  191  4  5711  5740  5741  5792  
6032  44  2  5740  5798  
6033  95  3  5740  5741  5792  
6035  54  1  5792  
6037  29  1  5741  
6042  16  1  5740  
6049  65  3  5741  5792  5798  
6054  57  2  5740  5741  
6057  18  1  5741  
6063  47  2  5740  5741  
6075  1  1  5711  
6076  1  1  5711  
6088  7  1  5740  
6094  81  4  5740  5741  5772  5798  
6095  19  1  5741  
6124  8  1  5741  
6136  2  1  5798  
6145  36  1  5711  
6147  161  4  5711  5740  5741  5792  
6149  27  1  5740  
6152  142  1  5740  
6153  31  1  5792  
6155  98  1  5711  
6156  37  2  5711  5741  
6157  118  4  5740  5741  5772  5792  
6162  16  1  5740  
6171  70  2  5740  5741  
6175  123  2  5711  5792  
6180  93  3  5711  5741  5792  
6185  18  1  5741  
6204  18  1  5741  
6215  24  1  5740  
6216  30  1  5740  
6231  10  1  5740  
6266  14  1  5772  
6294  47  2  5740  5772  
6296  12  1  5740  
6300  101  2  5711  5741  
6307  9  1  5792  
6324  6  1  5740  
6334  19  2  5740  5792  
6335  89  3  5740  5741  5792  
6348  39  3  5711  5740  5792  
6355  27  1  5711  
6364  15  1  5772  
6376  15  1  5740  
6387  21  1  5792  
6398  1  1  5772  
6405  38  1  5711  
6411  25  1  5792  
6414  24  1  5740  
6415  52  1  5711  
6493  27  1  5741  
6532  11  1  5740  
6552  28  1  5792  
6566  33  1  5740  
6578  39  3  5711  5740  5741  
6582  3  1  5711  
6616  14  1  5740  
6622  25  1  5792  
6626  26  1  5740  
6627  36  1  5741  
6630  13  1  5792  
6632  3  1  5741  
6649  1  1  5711  
6650  2  1  5711  
6651  2  1  5711  
6652  4  1  5711  
6662  45  2  5740  5792  
6672  50  2  5740  5792  
6680  13  1  5741  
6690  13  1  5740  
6702  2  1  5741  
6703  3  1  5741  
6704  1  1  5741  
6705  1  1  5741  
6706  1  1  5741  
6711  7  1  5740  
6737  4  1  5740  
6754  1  1  5740  
6755  1  1  5740  
6756  1  1  5740  
6757  1  1  5740  
6768  24  1  5792  
6782  11  1  5792  
6797  30  1  5792  
6850  11  1  5792  
6909  16  1  5792  
6910  20  1  5792  
6913  9  1  5792  
6944  16  1  5792  
6966  13  1  5792  
7002  10  1  5792  
7005  5  1  5792  
7049  11  1  5792  
7072  6  1  5792  
7078  1  1  5792  
