8  743  1  5686  
21  309  2  5637  5686  
26  150  2  5688  5692  
33  227  2  5634  5686  
39  89  2  5634  5653  
41  44  2  5631  5634  
65  275  4  5608  5610  5634  5694  
67  164  1  5634  
82  195  6  5608  5610  5634  5637  5653  5686  
103  190  8  5610  5620  5634  5638  5653  5658  5672  5694  
107  89  1  5634  
116  213  1  5688  
129  99  4  5637  5665  5688  5694  
163  123  2  5637  5688  
164  334  1  5617  
168  19  1  5686  
173  79  1  5608  
214  25  1  5634  
224  41  1  5620  
292  230  1  5694  
301  199  2  5638  5694  
343  14  1  5653  
401  79  2  5624  5643  
431  732  20  5608  5610  5612  5620  5622  5631  5634  5637  5638  5643  5653  5658  5665  5666  5672  5681  5686  5688  5692  5694  
492  2  1  5653  
494  142  3  5610  5621  5637  
555  3  1  5617  
587  46  1  5608  
602  6  1  5653  
635  118  1  5634  
661  264  1  5631  
676  232  7  5617  5620  5621  5622  5638  5643  5686  
680  93  1  5624  
686  66  1  5688  
702  773  11  5617  5620  5631  5634  5637  5638  5653  5672  5686  5690  5694  
723  113  5  5608  5610  5612  5620  5622  
724  317  3  5631  5672  5694  
725  41  1  5620  
746  272  1  5608  
783  99  1  5686  
914  238  1  5688  
917  297  5  5608  5631  5634  5637  5688  
924  12  2  5617  5637  
929  44  1  5620  
930  6  1  5620  
969  46  2  5686  5688  
987  95  10  5612  5624  5637  5666  5672  5681  5686  5688  5690  5694  
1009  305  1  5624  
1054  472  5  5617  5634  5653  5672  5686  
1064  39  1  5624  
1066  599  10  5608  5610  5617  5631  5634  5637  5686  5688  5692  5694  
1110  218  1  5688  
1115  65  1  5634  
1146  77  1  5620  
1162  61  1  5686  
1211  181  1  5686  
1261  462  2  5617  5686  
1354  156  4  5620  5631  5653  5666  
1376  210  1  5653  
1401  139  1  5657  
1421  244  5  5620  5643  5672  5686  5694  
1427  587  1  5638  
1476  16  3  5608  5610  5622  
1485  68  1  5617  
1496  39  1  5686  
1515  48  3  5617  5634  5688  
1558  25  1  5686  
1571  112  2  5617  5686  
1586  96  1  5608  
1601  42  1  5672  
1602  55  1  5657  
1616  76  1  5638  
1634  97  2  5634  5686  
1636  67  1  5637  
1660  38  1  5694  
1664  20  1  5686  
1677  105  2  5621  5657  
1694  73  1  5634  
1732  13  2  5620  5638  
1798  29  2  5672  5694  
1817  181  4  5634  5637  5653  5690  
1834  36  1  5690  
1877  8  1  5672  
1962  146  1  5686  
1971  145  4  5617  5634  5637  5688  
1994  29  1  5610  
1996  65  1  5688  
2066  38  2  5620  5692  
2073  247  3  5612  5622  5631  
2075  95  1  5617  
2080  58  1  5653  
2090  32  1  5622  
2109  164  2  5634  5638  
2177  189  3  5617  5643  5653  
2183  49  1  5637  
2184  26  2  5634  5637  
2188  71  2  5608  5688  
2215  34  1  5617  
2231  11  1  5620  
2240  50  1  5617  
2252  42  1  5620  
2256  31  3  5617  5634  5653  
2258  6  1  5638  
2283  324  1  5620  
2290  6  2  5666  5694  
2303  46  1  5622  
2313  44  1  5672  
2338  7  2  5634  5653  
2340  105  3  5610  5632  5672  
2351  180  1  5622  
2355  50  2  5634  5638  
2356  893  7  5617  5620  5622  5624  5638  5686  5692  
2357  32  1  5658  
2367  146  1  5634  
2384  49  1  5634  
2391  64  1  5690  
2407  8  1  5672  
2408  108  1  5643  
2440  49  3  5622  5637  5688  
2443  307  4  5617  5620  5622  5638  
2445  164  1  5620  
2451  126  8  5608  5610  5612  5617  5622  5631  5634  5637  
2458  103  1  5690  
2469  156  3  5617  5620  5622  
2471  618  5  5610  5620  5653  5690  5694  
2476  149  1  5686  
2482  74  1  5653  
2537  29  1  5637  
2546  46  1  5634  
2547  35  1  5634  
2601  5  2  5620  5638  
2613  44  2  5634  5638  
2691  123  3  5657  5686  5694  
2715  238  1  5608  
2720  357  13  5617  5632  5637  5653  5657  5665  5666  5672  5681  5688  5690  5692  5694  
2735  55  1  5608  
2746  43  1  5624  
2755  51  1  5620  
2756  123  1  5637  
2761  44  1  5672  
2767  7  1  5672  
2773  39  3  5637  5653  5688  
2774  189  5  5612  5626  5657  5666  5667  
2778  216  3  5631  5634  5690  
2827  37  1  5610  
2844  5  1  5653  
2906  6  1  5608  
2999  69  1  5621  
3012  58  1  5631  
3017  51  1  5617  
3058  35  3  5653  5686  5688  
3060  25  2  5665  5688  
3076  63  1  5621  
3090  180  7  5617  5620  5631  5637  5638  5688  5690  
3137  88  1  5690  
3144  271  5  5617  5666  5672  5690  5694  
3146  314  2  5608  5631  
3150  319  3  5672  5686  5694  
3153  241  5  5634  5653  5672  5686  5688  
3154  166  1  5694  
3156  92  3  5631  5637  5672  
3159  54  1  5690  
3173  42  1  5653  
3196  11  1  5686  
3220  5  1  5634  
3263  2  1  5694  
3264  156  7  5610  5617  5626  5658  5672  5690  5694  
3277  12  1  5620  
3307  82  3  5608  5637  5672  
3314  212  3  5620  5658  5688  
3315  362  18  5608  5612  5617  5620  5622  5624  5632  5634  5637  5653  5657  5666  5667  5672  5686  5690  5692  5694  
3337  20  1  5622  
3362  95  1  5688  
3428  22  1  5692  
3443  232  1  5608  
3564  4  1  5653  
3583  85  1  5694  
3592  89  2  5617  5686  
3596  90  2  5672  5686  
3610  32  1  5686  
3648  147  2  5620  5634  
3653  68  1  5608  
3657  257  7  5631  5634  5637  5672  5686  5690  5694  
3658  89  1  5617  
3682  115  10  5608  5620  5622  5624  5634  5665  5666  5672  5688  5694  
3704  155  3  5634  5672  5694  
3755  16  1  5686  
3767  8  1  5688  
3778  9  1  5622  
3841  2  1  5620  
3879  278  6  5608  5617  5631  5634  5672  5694  
3903  32  1  5617  
3906  40  1  5622  
3914  55  2  5617  5622  
3929  39  1  5622  
3966  7  1  5686  
3990  70  1  5638  
3994  202  4  5617  5634  5653  5694  
4000  14  1  5622  
4035  153  3  5620  5672  5694  
4078  9  1  5622  
4122  71  1  5608  
4152  228  9  5617  5622  5631  5634  5637  5653  5666  5672  5688  
4169  114  2  5637  5694  
4183  13  1  5638  
4187  96  11  5610  5612  5624  5631  5637  5653  5666  5672  5688  5690  5694  
4197  23  2  5608  5688  
4217  25  1  5653  
4220  121  3  5610  5688  5690  
4231  36  1  5692  
4263  53  1  5638  
4275  27  1  5653  
4285  62  1  5621  
4288  73  3  5610  5631  5666  
4304  46  5  5637  5653  5672  5688  5694  
4305  20  2  5622  5692  
4319  168  9  5622  5624  5631  5632  5658  5665  5666  5672  5692  
4323  7  1  5692  
4380  79  4  5620  5624  5632  5666  
4384  169  4  5637  5653  5672  5688  
4398  6  1  5692  
4427  214  1  5672  
4434  8  2  5634  5694  
4437  60  2  5610  5617  
4439  25  1  5665  
4440  361  10  5610  5612  5631  5634  5637  5653  5672  5686  5690  5694  
4442  8  1  5634  
4448  23  1  5694  
4459  23  1  5624  
4470  115  2  5672  5690  
4478  14  1  5637  
4480  14  1  5622  
4485  139  3  5608  5617  5622  
4486  172  9  5610  5612  5620  5624  5631  5637  5666  5688  5690  
4489  43  3  5612  5617  5688  
4509  52  1  5686  
4516  13  1  5610  
4531  271  7  5620  5622  5626  5631  5634  5672  5694  
4546  14  1  5638  
4551  54  1  5638  
4552  127  6  5608  5620  5637  5638  5690  5692  
4557  84  3  5608  5620  5622  
4569  69  2  5622  5688  
4571  54  1  5688  
4583  51  1  5694  
4604  48  1  5686  
4606  41  1  5672  
4608  122  1  5617  
4612  101  4  5634  5637  5672  5694  
4613  19  1  5686  
4614  217  4  5608  5610  5617  5631  
4616  41  1  5634  
4620  152  8  5631  5643  5653  5672  5681  5686  5690  5694  
4623  211  4  5653  5686  5690  5692  
4624  312  6  5620  5634  5637  5653  5666  5672  
4628  18  2  5688  5694  
4631  32  1  5694  
4634  22  1  5622  
4648  21  1  5638  
4674  2  1  5653  
4680  33  1  5686  
4715  61  3  5688  5692  5694  
4727  24  1  5686  
4763  15  1  5666  
4790  37  2  5608  5617  
4814  48  6  5612  5631  5637  5666  5672  5686  
4828  66  11  5608  5612  5622  5624  5634  5637  5653  5657  5666  5672  5688  
4829  2  1  5657  
4840  44  1  5632  
4853  16  1  5653  
4856  2  1  5617  
4901  389  12  5610  5617  5620  5622  5634  5637  5653  5672  5686  5690  5692  5694  
4908  243  13  5608  5617  5620  5634  5637  5638  5653  5672  5686  5688  5690  5692  5694  
4925  8  1  5672  
4927  46  1  5686  
4951  105  7  5631  5634  5637  5653  5672  5686  5694  
4958  27  5  5608  5612  5617  5620  5631  
4962  30  2  5610  5686  
4977  66  1  5637  
4992  36  2  5637  5694  
5002  21  1  5620  
5012  139  6  5610  5624  5657  5658  5681  5694  
5050  50  4  5631  5637  5653  5686  
5051  230  11  5608  5620  5631  5634  5637  5653  5666  5672  5686  5690  5694  
5060  11  2  5626  5665  
5065  44  3  5634  5653  5672  
5069  10  1  5617  
5080  45  2  5624  5632  
5110  75  1  5617  
5112  42  1  5653  
5123  5  1  5643  
5129  191  9  5608  5610  5617  5638  5672  5686  5688  5690  5694  
5130  3  1  5690  
5131  12  2  5612  5626  
5132  23  4  5610  5631  5632  5634  
5133  222  6  5617  5620  5624  5637  5638  5643  
5135  385  22  5608  5610  5612  5617  5620  5624  5632  5634  5637  5638  5643  5653  5657  5658  5665  5666  5672  5681  5686  5690  5692  5694  
5137  33  1  5653  
5138  16  3  5624  5657  5690  
5139  83  2  5624  5637  
5140  27  1  5620  
5143  29  1  5638  
5144  79  6  5617  5631  5637  5665  5681  5688  
5145  41  2  5653  5688  
5146  2  1  5620  
5147  144  5  5612  5620  5622  5634  5688  
5149  84  4  5631  5637  5688  5694  
5150  75  3  5617  5672  5692  
5151  67  3  5608  5637  5653  
5152  61  3  5631  5637  5694  
5153  20  1  5617  
5154  22  2  5653  5694  
5155  98  6  5624  5631  5632  5634  5692  5694  
5156  12  4  5620  5631  5634  5637  
5157  41  1  5681  
5169  41  7  5620  5624  5631  5638  5653  5690  5694  
5182  92  4  5653  5672  5686  5690  
5186  24  1  5690  
5208  5  1  5608  
5212  10  2  5622  5666  
5239  33  1  5610  
5241  42  1  5612  
5247  13  1  5686  
5250  1  1  5621  
5257  14  1  5617  
5270  5  1  5620  
5273  2  1  5624  
5294  81  1  5694  
5295  20  1  5686  
5302  68  6  5634  5637  5653  5672  5686  5694  
5303  6  1  5686  
5306  3  1  5686  
5308  3  1  5686  
5309  10  1  5686  
5316  30  9  5610  5620  5631  5632  5634  5637  5657  5666  5672  
5325  80  2  5617  5638  
5359  32  2  5617  5688  
5363  54  1  5622  
5372  18  2  5624  5686  
5379  5  1  5694  
5382  26  2  5617  5686  
5403  11  3  5631  5634  5637  
5427  22  3  5620  5622  5631  
5444  7  1  5686  
5475  5  2  5653  5672  
5476  31  4  5637  5653  5686  5688  
5477  53  1  5631  
5482  17  1  5634  
5489  2  1  5610  
5493  5  1  5631  
5495  75  5  5620  5624  5638  5686  5694  
5497  35  2  5617  5690  
5519  88  9  5620  5624  5637  5657  5658  5666  5686  5692  5694  
5520  11  1  5694  
5521  76  1  5690  
5528  52  2  5638  5692  
5541  7  2  5608  5612  
5542  78  5  5608  5617  5620  5686  5694  
5546  190  11  5617  5620  5624  5637  5653  5657  5666  5672  5688  5692  5694  
5552  10  1  5690  
5555  5  1  5631  
5557  23  2  5617  5694  
5559  44  3  5620  5672  5694  
5563  108  6  5617  5631  5634  5657  5690  5692  
5575  11  1  5686  
5582  81  4  5681  5686  5690  5692  
5583  35  2  5617  5620  
5599  1  1  5608  
5600  1  1  5608  
5601  1  1  5608  
5602  8  1  5608  
5603  1  1  5608  
5604  1  1  5608  
5605  1  1  5608  
5606  29  1  5608  
5607  1  1  5608  
5609  2  1  5610  
5611  3  1  5612  
5618  4  1  5620  
5619  2  1  5620  
5621  23  1  5622  
5624  2  1  5672  
5625  1  1  5626  
5627  3  1  5688  
5629  1  1  5631  
5630  1  1  5631  
5633  3  1  5634  
5635  1  1  5637  
5636  3  1  5637  
5643  12  4  5666  5672  5688  5690  
5645  1  1  5653  
5646  1  1  5653  
5647  2  1  5653  
5648  1  1  5653  
5649  1  1  5653  
5650  1  1  5653  
5651  3  1  5653  
5652  2  1  5653  
5654  2  1  5653  
5659  1  1  5624  
5660  8  1  5624  
5661  1  1  5624  
5662  2  1  5624  
5663  1  1  5665  
5664  5  1  5665  
5671  1  1  5672  
5673  28  1  5686  
5674  10  1  5686  
5675  1  1  5686  
5676  85  2  5686  5692  
5677  4  1  5686  
5678  22  1  5686  
5679  2  1  5686  
5680  2  1  5686  
5681  4  1  5686  
5682  2  1  5686  
5683  1  1  5686  
5684  101  1  5686  
5685  2  1  5686  
5687  1  1  5688  
5693  7  1  5694  
5706  33  1  5638  
5713  17  1  5617  
5734  10  1  5638  
5743  58  1  5617  
5772  177  2  5622  5692  
5780  10  1  5690  
5785  15  1  5617  
5787  9  1  5617  
5789  160  4  5617  5620  5638  5692  
5790  18  1  5617  
5793  104  2  5620  5638  
5794  93  1  5617  
5798  135  2  5617  5638  
5801  50  2  5624  5692  
5831  29  1  5692  
5872  11  2  5617  5638  
5874  100  3  5620  5638  5692  
5893  33  1  5622  
5900  4  1  5617  
5901  1  1  5681  
5904  4  1  5638  
5905  2  1  5692  
5921  77  1  5620  
5933  42  1  5617  
5936  11  1  5620  
6002  15  1  5638  
6010  19  1  5638  
6025  49  3  5617  5620  5692  
6026  191  4  5617  5620  5638  5692  
6033  95  2  5620  5692  
6035  54  1  5692  
6037  29  1  5638  
6049  65  1  5692  
6057  18  1  5617  
6058  68  2  5620  5624  
6063  47  1  5622  
6080  10  1  5617  
6081  41  1  5692  
6094  81  2  5617  5643  
6145  36  1  5617  
6147  161  2  5617  5622  
6152  142  1  5617  
6153  31  1  5622  
6154  40  1  5624  
6155  98  1  5638  
6157  118  3  5617  5620  5638  
6175  123  2  5622  5638  
6180  93  2  5617  5622  
6185  18  1  5617  
6186  15  1  5617  
6194  5  1  5617  
6197  12  1  5622  
6215  24  1  5638  
6232  1  1  5617  
6302  22  1  5643  
6328  5  1  5638  
6335  89  1  5622  
6336  12  1  5692  
6348  39  1  5617  
6364  15  2  5624  5692  
6371  6  1  5692  
6376  15  2  5624  5692  
6389  15  1  5643  
6405  38  2  5620  5622  
6411  25  1  5622  
6414  24  1  5624  
6415  52  1  5622  
6418  5  1  5624  
6420  15  1  5620  
6431  1  1  5620  
6432  2  1  5638  
6433  2  1  5638  
6434  1  1  5638  
6435  1  1  5638  
6453  10  1  5617  
6459  39  1  5622  
6493  27  1  5624  
6554  19  1  5624  
6578  39  1  5622  
6622  25  1  5622  
6627  36  1  5622  
6662  45  2  5617  5622  
6671  13  1  5622  
6692  11  1  5617  
6693  19  1  5617  
6699  11  1  5622  
6710  4  1  5617  
6777  2  1  5643  
6782  11  1  5617  
6852  1  1  5622  
6853  4  1  5622  
6854  3  1  5622  
6855  2  1  5622  
6856  1  1  5622  
