8  743  17  2301  2303  2305  2314  2329  2337  2356  2361  2366  2370  2371  2376  2378  2382  2384  2390  2398  
11  114  3  2356  2378  2384  
15  12  1  2361  
17  187  2  2314  2356  
21  309  10  2301  2305  2313  2335  2351  2370  2376  2378  2384  2398  
26  150  1  2356  
33  227  5  2303  2361  2370  2383  2388  
39  89  1  2301  
41  44  2  2305  2313  
44  146  2  2303  2356  
50  39  1  2329  
56  94  3  2340  2343  2351  
64  17  1  2305  
65  275  8  2329  2356  2367  2370  2378  2382  2386  2398  
66  109  1  2329  
67  164  2  2329  2356  
81  122  2  2361  2367  
82  195  3  2329  2356  2367  
93  24  1  2356  
97  68  1  2379  
103  190  2  2308  2329  
107  89  2  2305  2367  
116  213  8  2303  2305  2313  2314  2335  2356  2376  2386  
120  25  1  2367  
121  132  2  2356  2367  
129  99  1  2329  
140  58  3  2313  2361  2370  
143  74  1  2305  
153  32  1  2370  
158  93  1  2356  
163  123  5  2305  2307  2335  2343  2367  
164  334  2  2301  2313  
171  54  4  2314  2335  2386  2390  
183  5  1  2376  
186  11  1  2384  
192  31  4  2313  2335  2367  2384  
204  100  2  2301  2361  
225  3  1  2314  
242  86  1  2384  
246  56  3  2303  2305  2335  
247  6  1  2367  
251  31  1  2382  
260  56  3  2301  2305  2367  
263  76  3  2329  2361  2370  
267  6  1  2314  
272  71  2  2305  2370  
273  35  1  2314  
288  244  4  2307  2337  2356  2367  
290  142  1  2329  
292  230  2  2329  2382  
293  321  7  2301  2329  2335  2351  2356  2361  2391  
295  54  1  2356  
301  199  2  2329  2381  
317  46  3  2303  2381  2398  
330  21  1  2398  
333  11  1  2329  
343  14  1  2335  
361  45  2  2305  2329  
380  20  1  2388  
383  34  1  2308  
384  145  4  2314  2329  2378  2383  
401  79  3  2351  2356  2367  
408  157  2  2381  2390  
431  732  11  2301  2308  2313  2314  2329  2356  2367  2370  2371  2391  2398  
437  17  1  2305  
484  4  1  2329  
494  142  2  2335  2337  
504  121  3  2335  2384  2398  
531  26  1  2329  
548  214  6  2329  2335  2367  2378  2382  2384  
578  150  3  2335  2356  2370  
579  66  1  2303  
581  25  2  2314  2356  
594  98  3  2367  2378  2382  
606  158  3  2329  2351  2381  
629  47  3  2314  2371  2382  
635  118  4  2303  2329  2367  2376  
637  100  3  2314  2329  2367  
638  11  2  2305  2384  
643  81  2  2370  2382  
647  51  1  2367  
649  105  1  2335  
661  264  9  2356  2361  2362  2366  2367  2370  2378  2380  2393  
676  232  1  2356  
695  77  1  2335  
698  50  1  2305  
699  68  3  2335  2351  2398  
700  34  3  2301  2371  2376  
702  773  21  2303  2304  2307  2308  2313  2314  2329  2335  2337  2340  2343  2351  2356  2367  2370  2381  2382  2383  2386  2388  2391  
705  146  4  2303  2329  2335  2367  
719  224  8  2305  2329  2356  2367  2370  2371  2383  2386  
723  113  2  2329  2367  
724  317  4  2304  2313  2381  2382  
725  41  1  2329  
732  16  1  2398  
746  272  10  2303  2307  2335  2337  2351  2356  2370  2382  2384  2386  
758  165  4  2305  2313  2367  2376  
759  249  10  2301  2335  2343  2361  2362  2366  2367  2371  2382  2383  
771  61  2  2313  2388  
781  39  1  2329  
783  99  4  2356  2361  2362  2379  
785  91  5  2305  2329  2335  2356  2383  
793  97  3  2329  2335  2384  
807  122  5  2305  2314  2356  2376  2398  
824  10  1  2308  
829  119  2  2362  2390  
839  7  1  2367  
852  21  1  2305  
869  110  6  2301  2305  2307  2362  2366  2382  
870  27  1  2383  
871  29  1  2313  
873  9  1  2391  
875  34  1  2382  
877  42  3  2301  2305  2329  
881  22  4  2301  2335  2367  2371  
907  77  1  2383  
909  292  15  2307  2314  2329  2335  2337  2343  2356  2367  2376  2378  2382  2383  2384  2386  2398  
914  238  3  2301  2361  2371  
917  297  12  2307  2313  2314  2335  2343  2361  2367  2370  2371  2378  2380  2382  
920  60  7  2314  2343  2361  2362  2366  2370  2382  
923  18  1  2301  
926  138  2  2370  2371  
929  44  1  2386  
932  7  1  2362  
943  41  1  2303  
950  19  2  2343  2376  
953  33  2  2305  2398  
954  12  1  2340  
955  86  2  2303  2329  
959  49  3  2307  2313  2329  
960  41  1  2301  
968  44  1  2356  
969  46  1  2370  
972  196  5  2301  2329  2356  2367  2371  
977  156  5  2307  2370  2378  2382  2383  
988  74  2  2382  2384  
1006  10  1  2301  
1008  88  4  2313  2361  2367  2383  
1009  305  11  2301  2335  2351  2356  2361  2367  2370  2376  2379  2382  2383  
1013  15  1  2361  
1014  9  3  2301  2314  2361  
1029  20  1  2370  
1030  37  1  2301  
1032  62  1  2313  
1034  62  1  2367  
1038  399  6  2303  2304  2314  2367  2388  2398  
1040  115  4  2301  2340  2378  2382  
1041  135  3  2307  2382  2383  
1046  48  3  2307  2367  2371  
1047  14  1  2388  
1053  8  1  2383  
1054  472  16  2301  2303  2304  2307  2313  2329  2335  2340  2361  2367  2370  2378  2381  2382  2383  2390  
1064  39  1  2329  
1066  599  15  2305  2307  2313  2314  2329  2335  2343  2356  2361  2366  2367  2382  2383  2386  2390  
1067  158  3  2356  2366  2376  
1069  29  3  2305  2367  2383  
1079  10  1  2305  
1084  79  3  2301  2314  2388  
1098  4  2  2356  2382  
1100  107  3  2343  2382  2388  
1102  66  1  2301  
1110  218  11  2301  2305  2307  2313  2329  2356  2361  2370  2378  2382  2390  
1111  79  2  2305  2329  
1115  65  5  2301  2329  2382  2383  2390  
1120  77  2  2370  2376  
1135  103  5  2301  2351  2376  2382  2383  
1140  35  2  2307  2383  
1146  77  1  2361  
1156  45  3  2335  2356  2378  
1162  61  4  2301  2351  2361  2370  
1174  124  3  2301  2329  2378  
1180  65  1  2340  
1183  34  1  2383  
1189  76  5  2305  2314  2329  2367  2376  
1197  290  12  2307  2335  2337  2340  2343  2351  2356  2367  2382  2383  2386  2388  
1211  181  4  2303  2335  2356  2382  
1212  6  1  2305  
1227  62  3  2301  2314  2391  
1243  30  2  2335  2384  
1247  91  2  2351  2382  
1250  22  1  2343  
1255  40  3  2335  2356  2367  
1256  33  1  2356  
1261  462  9  2305  2313  2329  2340  2351  2356  2367  2376  2382  
1264  33  1  2371  
1267  63  1  2314  
1268  52  1  2351  
1271  37  2  2335  2356  
1272  35  1  2398  
1277  32  1  2388  
1280  4  1  2366  
1282  199  5  2313  2340  2351  2367  2370  
1301  13  1  2367  
1303  41  1  2367  
1312  183  4  2303  2307  2343  2382  
1346  48  3  2305  2329  2337  
1347  26  3  2335  2356  2376  
1349  8  2  2305  2335  
1351  11  1  2313  
1354  156  4  2329  2367  2370  2381  
1355  72  1  2329  
1357  91  2  2301  2351  
1368  117  4  2356  2367  2382  2383  
1370  64  2  2313  2361  
1372  157  5  2301  2376  2382  2384  2398  
1376  210  10  2301  2303  2307  2370  2376  2382  2383  2384  2386  2391  
1380  48  2  2305  2390  
1381  38  1  2343  
1386  41  1  2301  
1400  99  4  2303  2307  2340  2383  
1401  139  11  2305  2307  2314  2343  2356  2361  2371  2376  2382  2384  2388  
1416  68  3  2305  2351  2382  
1417  81  3  2307  2329  2383  
1421  244  3  2304  2313  2384  
1425  28  2  2382  2393  
1427  587  27  2301  2303  2304  2305  2307  2313  2335  2337  2340  2343  2351  2356  2362  2366  2367  2370  2371  2376  2378  2379  2382  2383  2386  2388  2390  2391  2393  
1428  42  2  2313  2398  
1430  81  8  2301  2305  2329  2367  2370  2382  2383  2390  
1431  20  1  2301  
1433  79  1  2390  
1441  27  1  2383  
1443  46  3  2351  2371  2382  
1458  87  5  2343  2351  2356  2383  2388  
1460  102  4  2305  2335  2351  2390  
1468  114  1  2301  
1470  29  1  2356  
1476  16  2  2362  2370  
1481  355  14  2301  2305  2314  2343  2351  2356  2367  2370  2371  2376  2378  2382  2383  2390  
1485  68  1  2356  
1487  73  1  2340  
1494  80  2  2356  2382  
1495  50  4  2303  2305  2356  2383  
1496  39  1  2382  
1515  48  2  2329  2356  
1518  19  1  2329  
1532  66  2  2329  2356  
1535  3  1  2329  
1538  55  3  2313  2371  2378  
1544  8  1  2378  
1551  2  1  2303  
1561  50  1  2382  
1567  70  6  2305  2313  2329  2345  2367  2371  
1570  93  8  2356  2362  2366  2370  2371  2376  2379  2393  
1571  112  4  2329  2376  2383  2384  
1574  47  3  2340  2351  2388  
1576  34  2  2361  2383  
1583  5  1  2301  
1586  96  5  2305  2329  2361  2366  2382  
1597  19  2  2329  2371  
1598  45  2  2367  2370  
1600  18  1  2383  
1601  42  1  2313  
1602  55  4  2305  2329  2382  2384  
1612  8  1  2305  
1616  76  3  2303  2314  2356  
1617  68  4  2305  2367  2383  2390  
1618  35  2  2305  2329  
1623  89  4  2314  2340  2351  2370  
1633  27  1  2314  
1634  97  3  2340  2367  2376  
1636  67  10  2301  2313  2314  2329  2340  2351  2362  2371  2378  2382  
1639  141  3  2301  2329  2371  
1646  6  1  2304  
1648  57  3  2307  2376  2383  
1658  26  2  2356  2371  
1659  44  2  2307  2335  
1663  48  4  2313  2329  2356  2367  
1671  129  15  2307  2314  2329  2335  2340  2351  2367  2370  2378  2379  2380  2384  2388  2390  2391  
1676  41  1  2329  
1677  105  5  2340  2343  2351  2382  2383  
1680  90  6  2305  2307  2376  2382  2383  2388  
1683  49  2  2308  2356  
1694  73  9  2301  2303  2305  2329  2335  2340  2351  2367  2378  
1696  28  1  2382  
1705  47  1  2307  
1730  33  1  2356  
1738  44  3  2329  2378  2382  
1744  36  2  2301  2371  
1749  51  2  2313  2367  
1765  33  2  2313  2329  
1769  112  1  2382  
1772  204  14  2305  2313  2335  2337  2340  2343  2367  2376  2378  2382  2383  2388  2390  2393  
1785  7  1  2356  
1795  15  1  2356  
1798  29  1  2356  
1809  13  1  2308  
1811  18  1  2305  
1812  31  2  2384  2386  
1817  181  13  2303  2305  2307  2329  2335  2337  2343  2351  2367  2376  2383  2384  2386  
1821  34  1  2382  
1824  47  5  2301  2340  2351  2356  2378  
1829  56  1  2313  
1830  17  1  2301  
1834  36  1  2356  
1835  66  3  2340  2382  2388  
1836  16  2  2301  2383  
1841  88  5  2301  2370  2378  2382  2390  
1845  63  3  2305  2313  2356  
1850  63  3  2301  2313  2388  
1873  22  1  2335  
1880  6  1  2384  
1888  14  1  2361  
1895  4  1  2367  
1898  121  2  2382  2383  
1899  21  1  2382  
1901  50  2  2305  2335  
1905  17  5  2361  2362  2371  2378  2382  
1908  121  6  2314  2351  2362  2382  2388  2390  
1917  28  3  2301  2370  2382  
1925  55  7  2340  2351  2370  2378  2382  2390  2393  
1927  6  1  2301  
1929  7  1  2393  
1930  22  1  2301  
1933  45  5  2329  2335  2356  2367  2383  
1939  47  4  2305  2313  2329  2356  
1944  39  2  2376  2382  
1945  16  1  2367  
1946  20  2  2301  2370  
1947  23  3  2301  2314  2329  
1948  113  7  2308  2343  2370  2371  2376  2378  2383  
1950  122  8  2301  2314  2366  2370  2379  2380  2383  2393  
1956  44  1  2356  
1960  129  10  2301  2340  2351  2361  2370  2371  2378  2382  2388  2390  
1962  146  7  2305  2313  2314  2329  2351  2356  2383  
1971  145  5  2301  2313  2329  2356  2383  
1979  4  1  2383  
1981  41  3  2314  2371  2379  
1984  26  2  2305  2329  
1991  32  1  2371  
1992  2  1  2337  
1994  29  2  2329  2361  
1996  65  6  2301  2361  2367  2376  2383  2393  
2008  61  2  2340  2388  
2022  2  1  2301  
2028  14  1  2301  
2029  31  3  2301  2335  2383  
2030  17  1  2337  
2042  15  1  2340  
2045  28  2  2301  2314  
2048  143  18  2301  2314  2343  2356  2361  2362  2366  2370  2371  2378  2379  2380  2382  2383  2386  2390  2393  2398  
2049  49  4  2301  2376  2380  2383  
2050  66  12  2301  2314  2361  2362  2366  2370  2378  2379  2380  2383  2390  2393  
2051  12  2  2379  2380  
2052  36  5  2301  2366  2378  2382  2390  
2055  75  2  2343  2382  
2056  241  13  2307  2314  2329  2337  2343  2356  2367  2376  2381  2382  2383  2384  2398  
2059  108  5  2301  2329  2366  2380  2383  
2060  14  3  2301  2378  2390  
2064  8  1  2329  
2069  22  1  2376  
2071  6  1  2301  
2072  31  1  2351  
2073  247  13  2301  2313  2314  2329  2337  2340  2351  2370  2378  2380  2382  2383  2388  
2074  49  3  2337  2367  2382  
2075  95  5  2305  2308  2356  2367  2391  
2087  31  2  2367  2382  
2089  48  4  2362  2366  2370  2371  
2097  17  1  2381  
2099  4  1  2301  
2101  14  1  2301  
2102  120  5  2307  2329  2356  2384  2386  
2109  164  9  2301  2303  2305  2307  2329  2335  2340  2361  2383  
2110  48  5  2301  2329  2340  2351  2366  
2111  67  4  2340  2351  2356  2376  
2117  4  1  2301  
2118  7  1  2376  
2133  19  1  2301  
2134  111  7  2313  2329  2356  2367  2371  2376  2383  
2135  3  1  2329  
2137  252  15  2303  2305  2307  2313  2329  2335  2337  2356  2367  2376  2381  2383  2384  2386  2398  
2138  215  18  2301  2303  2305  2307  2314  2329  2337  2340  2356  2361  2370  2376  2378  2382  2384  2386  2388  2390  
2142  36  3  2379  2380  2383  
2148  6  2  2301  2305  
2150  4  1  2382  
2153  7  2  2379  2380  
2165  57  6  2307  2337  2356  2376  2383  2384  
2173  77  4  2307  2382  2383  2388  
2175  8  4  2370  2378  2382  2390  
2176  17  5  2305  2351  2356  2383  2388  
2177  189  1  2345  
2179  124  9  2301  2314  2340  2343  2351  2356  2370  2378  2382  
2180  7  1  2314  
2183  49  5  2301  2356  2370  2388  2398  
2184  26  2  2329  2383  
2185  4  2  2301  2362  
2186  45  2  2313  2356  
2188  71  4  2305  2313  2329  2361  
2190  72  3  2308  2313  2356  
2196  2  1  2303  
2204  62  5  2301  2303  2313  2376  2386  
2209  2  1  2335  
2215  34  2  2304  2367  
2216  141  7  2307  2329  2337  2351  2367  2376  2384  
2217  3  1  2301  
2221  37  1  2371  
2236  35  2  2378  2383  
2256  31  1  2301  
2271  75  5  2340  2343  2351  2382  2388  
2272  103  4  2340  2351  2382  2388  
2273  142  7  2303  2340  2343  2367  2382  2383  2388  
2275  35  2  2343  2382  
2281  3  1  2361  
2283  324  16  2303  2305  2307  2308  2335  2340  2343  2351  2356  2367  2376  2382  2383  2384  2386  2391  
2294  38  3  2307  2382  2383  
2295  1  1  2301  
2297  3  1  2380  
2299  30  3  2303  2335  2367  
2300  2  1  2393  
2301  100  7  2305  2335  2337  2340  2367  2376  2391  
2303  46  1  2329  
2304  69  5  2301  2307  2367  2382  2383  
2305  13  1  2335  
2307  68  6  2301  2335  2356  2378  2382  2383  
2309  1  1  2314  
2310  1  1  2314  
2311  1  1  2314  
2312  1  1  2314  
2313  44  5  2314  2367  2370  2378  2391  
2315  4  1  2307  
2321  7  1  2305  
2334  37  1  2301  
2335  93  5  2301  2305  2367  2386  2388  
2336  1  1  2301  
2338  7  2  2301  2305  
2339  34  5  2301  2335  2361  2367  2370  
2340  105  4  2301  2335  2351  2367  
2341  12  2  2301  2376  
2342  70  6  2301  2307  2356  2367  2376  2382  
2343  26  4  2301  2370  2379  2380  
2344  2  1  2301  
2345  5  1  2301  
2348  77  3  2340  2351  2388  
2350  82  4  2305  2307  2335  2356  
2351  180  5  2305  2356  2382  2384  2386  
2355  50  2  2305  2367  
2356  893  22  2303  2305  2307  2308  2313  2314  2329  2335  2337  2340  2343  2351  2367  2376  2381  2382  2383  2384  2386  2388  2391  2398  
2357  32  2  2329  2384  
2360  5  1  2361  
2363  7  4  2366  2370  2378  2393  
2364  1  1  2366  
2365  2  1  2366  
2367  146  5  2304  2335  2370  2381  2383  
2368  2  2  2370  2371  
2369  12  2  2370  2378  
2372  1  1  2378  
2373  1  1  2378  
2374  2  1  2378  
2375  1  1  2378  
2376  60  4  2329  2337  2378  2383  
2377  2  1  2378  
2378  12  1  2367  
2383  45  3  2337  2367  2376  
2384  49  3  2313  2351  2376  
2385  13  1  2382  
2387  7  1  2382  
2389  1  1  2390  
2391  64  5  2313  2335  2340  2367  2383  
2394  14  1  2351  
2397  7  1  2329  
2398  29  4  2313  2356  2382  2383  
2399  25  1  2329  
2403  22  1  2329  
2404  53  3  2307  2376  2383  
2405  46  4  2329  2340  2351  2376  
2406  24  3  2343  2367  2383  
2408  108  4  2329  2356  2376  2386  
2415  2  1  2382  
2416  1  1  2382  
2417  1  1  2382  
2431  39  3  2340  2351  2382  
2436  269  12  2303  2307  2314  2329  2335  2337  2356  2367  2376  2383  2386  2398  
2438  113  6  2329  2337  2356  2367  2376  2383  
2439  104  6  2305  2307  2329  2343  2367  2376  
2440  49  1  2351  
2442  44  1  2367  
2443  307  4  2313  2314  2356  2381  
2445  164  11  2303  2307  2313  2335  2343  2367  2381  2382  2383  2386  2391  
2451  126  1  2304  
2458  103  7  2329  2335  2343  2351  2356  2367  2386  
2461  40  1  2356  
2469  156  7  2307  2335  2343  2356  2367  2376  2383  
2471  618  18  2304  2305  2307  2313  2329  2335  2337  2343  2356  2367  2376  2381  2382  2383  2384  2386  2391  2398  
2473  26  2  2343  2382  
2474  44  4  2305  2329  2356  2367  
2475  19  1  2367  
2476  149  8  2307  2313  2335  2343  2367  2376  2383  2386  
2477  18  1  2381  
2479  64  1  2367  
2480  45  4  2329  2337  2356  2376  
2482  74  1  2356  
2483  168  10  2303  2307  2329  2335  2337  2376  2383  2384  2386  2398  
2484  19  3  2335  2367  2383  
2485  80  4  2313  2356  2367  2381  
2486  61  4  2335  2356  2367  2383  
2487  75  4  2313  2343  2367  2376  
2489  18  2  2356  2386  
2490  103  5  2313  2329  2356  2382  2383  
2493  13  1  2303  
2494  200  14  2303  2305  2307  2313  2329  2335  2337  2356  2367  2376  2383  2384  2386  2398  
2499  21  2  2337  2383  
2506  33  3  2307  2376  2382  
2517  28  1  2351  
2519  39  1  2329  
2520  25  3  2376  2383  2384  
2521  79  3  2307  2356  2376  
2532  23  1  2313  
2537  29  3  2308  2337  2398  
2540  40  4  2335  2340  2351  2388  
2546  46  2  2303  2329  
2547  35  1  2367  
2552  3  1  2351  
2559  4  1  2314  
2562  173  9  2307  2313  2329  2335  2337  2367  2376  2382  2383  
2563  15  1  2340  
2564  18  1  2388  
2565  6  1  2367  
2570  8  1  2356  
2572  9  1  2329  
2574  16  1  2386  
2576  5  1  2329  
2587  43  1  2329  
2594  6  2  2340  2351  
2595  39  1  2383  
2600  21  3  2329  2376  2382  
2602  14  1  2388  
2604  124  7  2305  2307  2335  2356  2367  2383  2386  
2613  44  3  2303  2305  2329  
2619  3  1  2313  
2620  139  7  2303  2305  2313  2314  2335  2356  2376  
2621  5  1  2335  
2626  2  1  2388  
2632  282  10  2303  2313  2337  2343  2345  2351  2376  2381  2384  2398  
2633  87  4  2303  2305  2329  2337  
2657  29  2  2382  2383  
2661  18  2  2356  2382  
2665  12  2  2329  2335  
2666  57  2  2313  2329  
2668  33  2  2367  2382  
2677  35  2  2329  2376  
2679  19  1  2340  
2685  62  3  2340  2356  2383  
2687  36  1  2314  
2691  123  5  2307  2356  2367  2382  2383  
2692  11  1  2329  
2696  10  1  2340  
2697  26  3  2340  2343  2382  
2698  1  1  2340  
2699  13  2  2340  2351  
2700  19  2  2340  2367  
2707  47  3  2307  2376  2383  
2712  70  1  2384  
2715  238  8  2303  2313  2314  2356  2367  2384  2386  2398  
2716  55  3  2335  2367  2391  
2720  357  9  2304  2308  2314  2345  2356  2367  2381  2391  2398  
2722  15  1  2356  
2728  1  1  2351  
2735  55  2  2356  2381  
2736  10  1  2356  
2747  7  1  2335  
2751  28  3  2367  2376  2383  
2752  31  1  2383  
2755  51  4  2305  2356  2367  2376  
2756  123  4  2307  2337  2356  2386  
2764  19  1  2356  
2766  52  3  2367  2382  2383  
2770  52  4  2307  2335  2376  2383  
2772  175  9  2305  2307  2313  2329  2337  2343  2356  2381  2384  
2773  39  1  2367  
2774  189  5  2307  2329  2343  2367  2376  
2777  50  4  2335  2356  2367  2383  
2778  216  8  2305  2313  2343  2356  2367  2376  2381  2383  
2779  45  2  2343  2382  
2785  14  2  2376  2383  
2787  14  3  2335  2367  2383  
2794  6  1  2382  
2800  52  1  2376  
2801  44  2  2382  2383  
2802  48  1  2313  
2803  32  2  2303  2382  
2806  42  1  2382  
2812  25  2  2343  2386  
2813  34  3  2303  2307  2383  
2820  20  3  2356  2382  2383  
2822  2  1  2382  
2823  62  2  2376  2382  
2827  37  2  2303  2305  
2831  81  1  2367  
2834  37  1  2356  
2835  3  1  2335  
2845  10  1  2329  
2848  21  1  2383  
2853  5  2  2356  2367  
2857  8  1  2383  
2860  16  2  2367  2383  
2862  15  2  2367  2376  
2875  49  1  2381  
2877  88  4  2305  2307  2329  2383  
2880  6  1  2376  
2896  1  1  2343  
2897  1  1  2343  
2898  1  1  2343  
2899  79  2  2305  2367  
2905  41  3  2305  2356  2384  
2907  24  2  2307  2335  
2915  20  1  2356  
2916  10  1  2367  
2919  56  3  2307  2376  2383  
2923  22  1  2376  
2926  13  1  2398  
2927  8  1  2356  
2929  8  2  2367  2386  
2936  41  1  2367  
2964  28  2  2308  2313  
2968  6  1  2367  
2978  37  5  2307  2335  2376  2383  2384  
2981  19  1  2383  
2983  95  3  2313  2329  2356  
2985  8  2  2367  2383  
2987  9  1  2356  
2999  69  2  2313  2367  
3000  14  1  2383  
3001  79  4  2307  2356  2384  2398  
3005  3  1  2383  
3011  36  6  2307  2329  2376  2383  2384  2386  
3012  58  3  2314  2356  2384  
3016  2  1  2367  
3017  51  1  2356  
3020  5  1  2383  
3024  31  2  2335  2356  
3025  5  1  2356  
3026  7  1  2329  
3034  13  1  2376  
3036  15  2  2305  2329  
3052  1  1  2383  
3053  4  1  2383  
3054  1  1  2383  
3055  1  1  2383  
3056  13  3  2307  2376  2383  
3057  1  1  2383  
3058  35  1  2335  
3061  9  1  2386  
3062  55  1  2376  
3064  273  10  2303  2307  2313  2314  2329  2337  2356  2367  2381  2384  
3065  1  1  2356  
3066  5  1  2356  
3076  63  4  2304  2329  2356  2367  
3084  43  4  2307  2335  2337  2376  
3088  19  2  2367  2386  
3089  42  3  2307  2367  2376  
3090  180  2  2308  2335  
3096  15  1  2356  
3098  60  3  2313  2367  2391  
3099  4  1  2305  
3100  33  4  2307  2337  2367  2376  
3102  156  5  2305  2307  2356  2367  2376  
3110  122  3  2313  2314  2384  
3112  89  1  2376  
3122  30  2  2356  2386  
3134  1  1  2367  
3135  1  1  2367  
3136  1  1  2367  
3137  88  4  2307  2367  2376  2386  
3138  1  1  2367  
3139  2  1  2367  
3140  20  3  2305  2356  2367  
3141  2  1  2367  
3142  21  2  2329  2367  
3144  271  3  2367  2381  2391  
3146  314  6  2304  2313  2314  2367  2381  2391  
3148  98  4  2303  2314  2356  2398  
3149  131  4  2313  2329  2356  2391  
3150  319  6  2313  2314  2356  2367  2381  2391  
3151  148  6  2303  2314  2329  2356  2384  2398  
3152  68  2  2313  2314  
3153  241  5  2313  2356  2367  2381  2398  
3154  166  3  2313  2356  2398  
3155  69  2  2305  2307  
3156  92  1  2313  
3158  101  1  2345  
3160  56  1  2381  
3163  17  1  2329  
3166  23  1  2329  
3167  21  1  2386  
3172  53  7  2305  2307  2329  2356  2376  2384  2386  
3173  42  1  2308  
3174  102  2  2313  2398  
3175  18  1  2303  
3177  24  2  2303  2386  
3181  16  1  2303  
3189  10  1  2335  
3191  114  3  2313  2329  2391  
3196  11  1  2329  
3197  1  1  2335  
3200  9  1  2307  
3206  48  5  2313  2356  2367  2376  2384  
3208  29  1  2329  
3209  71  1  2356  
3210  28  1  2307  
3212  16  1  2307  
3214  64  4  2305  2337  2356  2376  
3215  13  1  2356  
3224  2  1  2305  
3225  4  1  2384  
3226  81  6  2303  2305  2337  2356  2376  2384  
3237  8  1  2386  
3243  16  3  2313  2356  2386  
3245  40  2  2303  2376  
3250  18  2  2356  2384  
3251  147  5  2303  2313  2367  2376  2398  
3252  42  2  2305  2356  
3266  5  1  2307  
3268  13  1  2314  
3274  13  1  2356  
3284  24  2  2313  2329  
3287  22  1  2307  
3289  205  7  2304  2305  2313  2329  2367  2381  2391  
3290  144  6  2305  2313  2329  2337  2381  2384  
3297  22  3  2307  2337  2376  
3299  64  4  2313  2337  2356  2384  
3303  32  2  2376  2398  
3304  91  3  2314  2329  2337  
3306  48  3  2305  2356  2376  
3308  63  2  2329  2384  
3309  11  2  2305  2367  
3310  4  1  2381  
3314  212  5  2304  2313  2337  2356  2367  
3315  362  4  2304  2329  2367  2391  
3316  44  1  2391  
3319  13  1  2376  
3330  39  2  2307  2376  
3331  38  2  2337  2376  
3332  87  5  2305  2313  2329  2337  2356  
3337  20  1  2329  
3338  144  4  2303  2314  2329  2337  
3344  5  1  2307  
3349  17  1  2356  
3353  75  2  2305  2356  
3379  7  1  2376  
3390  7  1  2305  
3391  93  7  2305  2313  2337  2356  2376  2384  2398  
3395  85  3  2303  2305  2313  
3408  30  1  2313  
3414  6  1  2356  
3420  2  1  2329  
3426  16  1  2356  
3428  22  1  2329  
3441  18  1  2356  
3442  99  3  2329  2367  2391  
3443  232  6  2303  2313  2314  2329  2356  2398  
3446  27  1  2313  
3447  46  3  2356  2381  2398  
3449  113  3  2313  2367  2381  
3451  23  2  2305  2329  
3452  6  1  2376  
3457  5  1  2303  
3459  45  2  2356  2398  
3465  53  2  2303  2384  
3466  94  3  2313  2356  2391  
3467  47  1  2303  
3468  20  3  2303  2337  2384  
3479  20  2  2313  2356  
3486  5  1  2337  
3489  15  1  2305  
3490  18  1  2356  
3496  2  1  2356  
3497  2  1  2356  
3498  82  1  2313  
3532  9  1  2356  
3536  43  1  2314  
3538  1  1  2337  
3539  2  1  2337  
3540  1  1  2337  
3541  1  1  2337  
3544  33  1  2329  
3546  17  2  2305  2376  
3548  42  1  2376  
3549  29  1  2376  
3550  4  1  2376  
3551  15  1  2376  
3552  6  1  2376  
3556  5  1  2305  
3559  1  1  2305  
3560  2  1  2305  
3561  2  1  2305  
3562  5  1  2305  
3563  1  1  2305  
3564  4  1  2305  
3577  26  1  2356  
3578  30  2  2303  2384  
3583  85  2  2329  2367  
3586  2  1  2329  
3587  23  2  2313  2329  
3588  16  2  2329  2384  
3592  89  2  2329  2367  
3596  90  2  2329  2356  
3598  7  1  2329  
3601  145  4  2314  2329  2356  2379  
3604  3  1  2329  
3606  1  1  2329  
3607  20  1  2329  
3608  4  1  2329  
3609  2  1  2329  
3610  32  2  2308  2329  
3611  1  1  2329  
3612  1  1  2329  
3613  2  1  2329  
3614  1  1  2329  
3617  57  2  2313  2329  
3620  2  1  2384  
3623  1  1  2384  
3631  21  2  2329  2356  
3648  147  4  2303  2313  2367  2391  
3652  104  4  2303  2329  2367  2391  
3657  257  6  2304  2308  2313  2314  2356  2381  
3658  89  3  2308  2314  2356  
3664  2  1  2303  
3665  3  1  2303  
3666  23  1  2303  
3667  1  1  2303  
3674  131  2  2356  2398  
3679  111  4  2313  2356  2367  2391  
3680  17  1  2304  
3682  115  3  2313  2329  2381  
3683  33  1  2356  
3685  86  2  2313  2329  
3686  77  3  2314  2356  2381  
3704  155  3  2313  2329  2381  
3721  25  1  2398  
3722  50  2  2356  2398  
3736  64  3  2313  2356  2398  
3740  37  3  2314  2356  2398  
3749  84  2  2313  2381  
3750  43  2  2356  2381  
3778  9  1  2367  
3800  65  2  2313  2356  
3801  53  1  2313  
3804  2  1  2398  
3808  112  3  2313  2314  2381  
3810  42  1  2329  
3811  41  1  2313  
3813  17  1  2314  
3830  2  1  2313  
3852  23  1  2398  
3855  52  4  2304  2313  2381  2391  
3868  17  1  2356  
3870  38  1  2329  
3879  278  4  2304  2313  2367  2391  
3893  8  1  2356  
3894  3  1  2356  
3895  7  1  2356  
3896  2  1  2356  
3897  1  1  2356  
3898  12  2  2313  2356  
3903  32  1  2329  
3906  40  1  2329  
3909  10  1  2381  
3919  80  1  2313  
3923  1  1  2398  
3928  22  1  2313  
3941  5  1  2313  
3963  1  1  2329  
3972  11  1  2329  
3982  12  1  2314  
3990  70  2  2314  2356  
3994  202  2  2314  2381  
3995  18  1  2313  
3996  7  1  2313  
4035  153  1  2381  
4037  20  1  2345  
4038  31  1  2313  
4039  50  1  2329  
4040  15  1  2329  
4071  19  1  2313  
4083  100  1  2313  
4090  16  1  2304  
4096  33  1  2329  
4102  40  1  2313  
4113  27  2  2329  2381  
4152  228  1  2329  
4153  12  1  2314  
4163  11  1  2356  
4168  8  1  2313  
4169  114  4  2313  2345  2381  2391  
4175  19  1  2314  
4176  46  1  2367  
4187  96  1  2329  
4196  57  1  2313  
4220  121  2  2329  2356  
4225  62  2  2313  2356  
4231  36  1  2381  
4235  4  1  2314  
4256  34  1  2367  
4266  14  2  2329  2356  
4275  27  1  2313  
4285  62  1  2356  
4288  73  1  2308  
4309  28  1  2313  
4315  101  3  2313  2367  2391  
4319  168  2  2313  2356  
4334  24  1  2356  
4337  34  1  2381  
4350  30  1  2313  
4367  28  1  2356  
4384  169  3  2313  2367  2381  
4411  9  1  2313  
4427  214  3  2367  2381  2391  
4437  60  1  2313  
4439  25  1  2367  
4440  361  7  2304  2308  2313  2356  2367  2381  2391  
4446  44  1  2367  
4452  16  1  2313  
4454  43  1  2313  
4459  23  2  2313  2381  
4464  19  1  2379  
4470  115  2  2308  2356  
4473  28  1  2313  
4474  27  1  2313  
4475  14  1  2381  
4485  139  2  2313  2356  
4486  172  1  2329  
4509  52  1  2308  
4531  271  5  2313  2329  2356  2367  2391  
4551  54  1  2356  
4556  1  1  2313  
4557  84  2  2313  2381  
4558  7  1  2313  
4559  1  1  2313  
4565  18  1  2381  
4569  69  1  2329  
4583  51  1  2381  
4585  4  1  2381  
4591  13  1  2367  
4608  122  1  2356  
4610  35  2  2313  2367  
4611  139  5  2304  2313  2345  2367  2391  
4614  217  4  2329  2356  2367  2391  
4615  49  3  2304  2367  2391  
4616  41  3  2313  2345  2391  
4619  68  3  2313  2367  2391  
4620  152  2  2329  2391  
4623  211  4  2308  2313  2329  2391  
4624  312  5  2313  2329  2345  2367  2391  
4625  80  3  2313  2367  2391  
4634  22  1  2329  
4640  13  1  2381  
4685  75  4  2304  2313  2367  2391  
4702  21  1  2313  
4715  61  1  2391  
4723  9  1  2313  
4790  37  1  2313  
4800  40  1  2329  
4814  48  1  2329  
4826  26  1  2304  
4831  63  1  2304  
4844  19  1  2345  
4860  28  1  2329  
4868  30  1  2329  
4901  389  1  2356  
4908  243  1  2356  
4909  26  1  2329  
4919  137  5  2304  2308  2329  2356  2379  
4965  8  1  2329  
4971  28  2  2367  2391  
4973  16  2  2313  2329  
4977  66  1  2329  
4982  22  1  2356  
4986  28  1  2304  
4992  36  1  2313  
5002  21  1  2313  
5005  8  1  2367  
5012  139  1  2308  
5050  50  1  2329  
5051  230  2  2304  2356  
5065  44  1  2367  
5066  1  1  2367  
5080  45  1  2304  
5110  75  3  2308  2356  2379  
5129  191  2  2329  2356  
5133  222  2  2356  2379  
5135  385  3  2308  2356  2379  
5139  83  1  2356  
5143  29  1  2329  
5145  41  1  2329  
5147  144  1  2329  
5149  84  2  2329  2356  
5150  75  2  2308  2329  
5152  61  1  2304  
5154  22  1  2356  
5157  41  1  2356  
5182  92  1  2329  
5218  19  1  2329  
5220  1  1  2356  
5241  42  1  2329  
5292  2  1  2329  
5294  81  2  2308  2356  
5302  68  1  2329  
5325  80  1  2356  
5372  18  1  2329  
5418  9  1  2329  
5458  2  1  2329  
5463  2  1  2329  
5469  4  1  2329  
5495  75  1  2356  
5499  8  1  2356  
5528  52  1  2356  
5531  3  1  2329  
5538  3  1  2356  
5542  78  2  2329  2356  
5546  190  1  2308  
5580  1  1  2329  
5581  2  1  2329  
5617  21  1  2356  
5639  70  1  2356  
5656  6  1  2356  
5676  85  1  2308  
5706  33  1  2379  
5713  17  1  2356  
5740  35  1  2379  
5743  58  1  2356  
5772  177  1  2356  
5789  160  2  2308  2356  
5790  18  1  2356  
5792  91  1  2356  
5793  104  2  2308  2379  
5794  93  2  2308  2356  
5798  135  2  2308  2356  
5874  100  1  2356  
5937  11  1  2356  
5982  14  1  2356  
5986  14  1  2356  
6021  28  1  2308  
6025  49  1  2308  
6026  191  1  2308  
6032  44  2  2308  2356  
6049  65  1  2356  
6081  41  1  2308  
6093  18  1  2356  
6112  3  1  2356  
6152  142  1  2356  
6156  37  1  2356  
6157  118  1  2356  
6162  16  1  2356  
6163  3  1  2356  
6164  1  1  2356  
6171  70  1  2308  
6179  11  1  2356  
6210  3  1  2308  
6225  4  1  2308  
6251  2  1  2308  
6252  2  1  2308  
6297  7  1  2356  
6300  101  1  2356  
6396  8  1  2356  
6405  38  1  2356  
6542  31  1  2356  
6545  4  1  2356  
6554  19  1  2356  
6572  3  1  2356  
