21  309  4  4804  4814  4865  4888  
24  102  2  4804  4841  
26  150  1  4800  
33  227  2  4804  4841  
34  20  1  4804  
39  89  1  4814  
41  44  1  4828  
44  146  1  4804  
55  38  1  4804  
56  94  1  4800  
65  275  12  4800  4804  4807  4814  4820  4826  4831  4835  4840  4841  4845  4865  
66  109  2  4812  4835  
67  164  2  4841  4888  
81  122  2  4812  4835  
82  195  7  4804  4807  4812  4828  4835  4841  4865  
85  72  2  4804  4835  
93  24  1  4804  
97  68  3  4804  4836  4880  
103  190  5  4800  4814  4846  4860  4865  
107  89  1  4865  
116  213  6  4804  4835  4837  4841  4883  4886  
121  132  3  4800  4804  4835  
129  99  3  4831  4863  4865  
132  37  1  4841  
140  58  2  4804  4820  
164  334  2  4865  4888  
169  63  1  4804  
192  31  1  4814  
205  8  1  4804  
272  71  1  4804  
287  7  1  4804  
288  244  3  4800  4831  4840  
293  321  4  4800  4804  4835  4845  
301  199  3  4814  4820  4841  
317  46  2  4812  4863  
318  31  1  4804  
350  117  2  4804  4841  
372  42  1  4860  
382  19  1  4804  
384  145  2  4804  4865  
401  79  2  4800  4868  
408  157  3  4820  4841  4847  
431  732  14  4800  4804  4826  4828  4835  4836  4837  4841  4845  4860  4863  4865  4883  4890  
437  17  1  4835  
494  142  1  4865  
501  22  1  4847  
504  121  2  4804  4814  
528  30  1  4878  
530  34  1  4804  
531  26  2  4812  4835  
548  214  6  4800  4814  4835  4836  4865  4888  
577  55  2  4850  4860  
578  150  4  4800  4826  4841  4886  
610  19  1  4812  
629  47  2  4804  4836  
635  118  1  4868  
637  100  3  4804  4835  4886  
643  81  1  4804  
649  105  1  4804  
661  264  2  4837  4865  
666  32  1  4804  
669  34  1  4804  
676  232  3  4800  4804  4847  
686  66  2  4804  4831  
695  77  2  4814  4820  
699  68  2  4804  4820  
702  773  15  4800  4804  4814  4820  4822  4826  4828  4831  4841  4846  4847  4860  4883  4886  4888  
705  146  1  4804  
723  113  1  4807  
724  317  8  4804  4820  4835  4845  4851  4883  4886  4888  
758  165  7  4804  4814  4816  4837  4841  4865  4868  
785  91  1  4888  
793  97  3  4804  4814  4863  
800  29  1  4877  
822  26  1  4846  
824  10  1  4804  
866  30  1  4804  
869  110  1  4804  
870  27  1  4804  
873  9  2  4837  4841  
888  16  1  4847  
892  72  1  4836  
903  47  1  4822  
909  292  1  4809  
915  45  1  4804  
917  297  9  4804  4814  4835  4836  4837  4845  4865  4883  4886  
955  86  1  4865  
959  49  1  4800  
972  196  1  4804  
988  74  4  4814  4836  4865  4888  
1008  88  3  4804  4835  4836  
1009  305  3  4807  4822  4847  
1022  60  2  4804  4814  
1033  13  1  4835  
1037  57  3  4800  4812  4835  
1038  399  5  4800  4804  4826  4863  4865  
1054  472  7  4814  4820  4826  4831  4837  4841  4886  
1064  39  2  4804  4860  
1066  599  11  4800  4804  4807  4814  4820  4835  4836  4837  4863  4865  4886  
1069  29  2  4814  4835  
1084  79  1  4804  
1100  107  2  4800  4804  
1107  26  1  4860  
1110  218  2  4814  4820  
1146  77  1  4835  
1180  65  1  4841  
1197  290  1  4800  
1243  30  2  4814  4888  
1248  18  1  4865  
1250  22  1  4804  
1261  462  14  4800  4804  4814  4831  4835  4836  4837  4845  4846  4863  4865  4878  4886  4888  
1264  33  1  4804  
1280  4  1  4865  
1282  199  1  4831  
1346  48  2  4804  4835  
1354  156  3  4804  4828  4835  
1357  91  1  4831  
1364  52  1  4878  
1372  157  1  4804  
1376  210  4  4804  4836  4841  4865  
1409  11  1  4841  
1416  68  1  4804  
1421  244  6  4800  4807  4826  4860  4863  4888  
1427  587  9  4804  4820  4831  4835  4836  4837  4841  4863  4865  
1430  81  1  4804  
1494  80  1  4847  
1496  39  1  4860  
1515  48  1  4804  
1518  19  1  4804  
1538  55  2  4800  4846  
1561  50  1  4845  
1567  70  2  4804  4835  
1571  112  2  4804  4831  
1576  34  1  4846  
1601  42  1  4835  
1653  11  1  4836  
1663  48  3  4804  4841  4845  
1670  8  2  4865  4888  
1671  129  2  4841  4863  
1674  43  1  4831  
1677  105  2  4804  4837  
1683  49  2  4814  4828  
1705  47  2  4804  4835  
1729  9  2  4836  4888  
1732  13  1  4814  
1741  36  1  4804  
1764  2  1  4831  
1765  33  3  4804  4841  4868  
1775  22  1  4888  
1786  13  2  4814  4888  
1798  29  1  4814  
1806  5  1  4865  
1817  181  4  4820  4828  4835  4845  
1843  39  2  4836  4841  
1850  63  1  4812  
1851  27  1  4847  
1873  22  3  4836  4865  4888  
1933  45  1  4841  
1945  16  1  4841  
1948  113  2  4804  4841  
1950  122  1  4804  
1962  146  7  4800  4804  4835  4837  4841  4845  4865  
1971  145  3  4800  4804  4845  
2008  61  2  4800  4814  
2030  17  1  4804  
2035  15  1  4845  
2037  11  1  4816  
2044  34  1  4804  
2050  66  1  4804  
2056  241  7  4804  4820  4835  4841  4863  4886  4888  
2064  8  1  4804  
2066  38  3  4800  4822  4828  
2073  247  3  4804  4814  4840  
2074  49  2  4841  4883  
2075  95  3  4826  4847  4863  
2080  58  1  4837  
2091  8  1  4804  
2109  164  1  4804  
2134  111  3  4804  4807  4835  
2177  189  8  4800  4804  4807  4836  4837  4840  4848  4865  
2179  124  2  4804  4841  
2183  49  1  4807  
2184  26  1  4863  
2188  71  2  4835  4836  
2190  72  3  4841  4863  4888  
2193  66  5  4800  4804  4820  4835  4888  
2204  62  1  4804  
2215  34  3  4804  4807  4841  
2216  141  1  4865  
2220  4  1  4865  
2240  50  1  4804  
2252  42  1  4822  
2283  324  11  4800  4804  4820  4831  4836  4837  4841  4863  4865  4883  4886  
2301  100  3  4804  4835  4865  
2304  69  1  4831  
2307  68  1  4804  
2313  44  2  4841  4845  
2329  47  1  4804  
2340  105  1  4868  
2342  70  2  4804  4841  
2351  180  1  4802  
2356  893  18  4800  4802  4804  4812  4814  4820  4822  4835  4836  4837  4841  4846  4847  4865  4878  4883  4886  4888  
2367  146  1  4841  
2376  60  1  4804  
2378  12  1  4841  
2381  13  1  4865  
2383  45  1  4804  
2384  49  1  4865  
2388  9  1  4804  
2391  64  3  4800  4835  4841  
2399  25  1  4865  
2407  8  1  4804  
2408  108  4  4804  4807  4840  4865  
2436  269  2  4804  4831  
2440  49  3  4804  4814  4835  
2443  307  3  4802  4847  4878  
2445  164  3  4814  4841  4863  
2451  126  10  4826  4828  4835  4836  4845  4863  4865  4883  4886  4888  
2458  103  1  4820  
2464  6  1  4837  
2469  156  1  4860  
2471  618  18  4800  4804  4814  4816  4820  4826  4831  4835  4836  4837  4840  4841  4851  4865  4883  4886  4890  4891  
2472  38  3  4804  4836  4837  
2474  44  2  4800  4841  
2476  149  1  4835  
2477  18  1  4804  
2479  64  2  4836  4841  
2485  80  2  4840  4865  
2487  75  2  4831  4863  
2490  103  4  4800  4822  4831  4841  
2519  39  2  4863  4888  
2532  23  3  4804  4835  4863  
2537  29  2  4836  4863  
2547  35  1  4804  
2557  1  1  4814  
2562  173  5  4800  4804  4814  4835  4868  
2572  9  1  4865  
2579  19  2  4804  4841  
2587  43  1  4804  
2595  39  2  4837  4841  
2613  44  3  4804  4831  4835  
2632  282  1  4886  
2647  14  2  4820  4835  
2660  8  1  4800  
2666  57  2  4804  4851  
2707  47  1  4804  
2715  238  3  4831  4841  4888  
2716  55  1  4841  
2720  357  12  4800  4804  4807  4814  4820  4835  4841  4845  4848  4865  4883  4890  
2729  44  4  4820  4822  4841  4845  
2735  55  4  4831  4841  4868  4888  
2748  5  1  4804  
2753  15  1  4865  
2756  123  3  4804  4831  4835  
2761  44  3  4828  4831  4841  
2772  175  2  4804  4836  
2773  39  1  4840  
2774  189  5  4804  4807  4830  4841  4848  
2778  216  4  4816  4820  4835  4836  
2780  38  1  4804  
2781  13  2  4804  4863  
2813  34  1  4804  
2827  37  1  4836  
2831  81  6  4804  4840  4841  4846  4865  4883  
2848  21  1  4841  
2899  79  2  4804  4837  
2905  41  1  4814  
2906  6  1  4888  
2918  68  8  4804  4807  4820  4835  4841  4845  4846  4865  
2919  56  1  4836  
2964  28  1  4865  
2981  19  2  4804  4814  
2983  95  1  4804  
2999  69  3  4812  4814  4841  
3000  14  1  4841  
3012  58  1  4886  
3013  8  1  4800  
3017  51  1  4800  
3034  13  1  4840  
3040  18  2  4804  4860  
3048  15  1  4863  
3058  35  1  4841  
3060  25  1  4822  
3064  273  6  4804  4814  4820  4835  4840  4848  
3067  3  1  4822  
3076  63  4  4835  4837  4841  4888  
3084  43  1  4812  
3087  41  3  4804  4841  4880  
3090  180  3  4822  4846  4865  
3098  60  3  4837  4841  4888  
3101  10  1  4841  
3102  156  2  4804  4809  
3110  122  4  4804  4835  4845  4883  
3112  89  4  4820  4828  4846  4863  
3137  88  1  4804  
3144  271  7  4809  4822  4835  4841  4845  4860  4883  
3146  314  18  4800  4804  4807  4809  4814  4820  4822  4826  4828  4831  4835  4836  4837  4841  4845  4883  4886  4888  
3149  131  4  4804  4835  4837  4841  
3150  319  12  4804  4807  4820  4831  4837  4840  4841  4845  4848  4852  4865  4883  
3153  241  6  4804  4812  4820  4835  4841  4877  
3154  166  9  4807  4816  4820  4822  4826  4848  4860  4878  4891  
3155  69  3  4804  4812  4877  
3156  92  5  4807  4826  4835  4865  4883  
3158  101  5  4835  4836  4837  4840  4845  
3159  54  2  4865  4888  
3173  42  1  4837  
3174  102  3  4841  4863  4890  
3178  20  2  4820  4865  
3191  114  9  4804  4814  4835  4836  4837  4841  4845  4863  4886  
3206  48  1  4841  
3209  71  3  4837  4840  4888  
3214  64  1  4865  
3246  3  1  4860  
3251  147  4  4800  4841  4865  4886  
3252  42  1  4865  
3264  156  3  4814  4860  4865  
3270  26  2  4800  4836  
3277  12  1  4820  
3278  52  1  4804  
3289  205  7  4804  4820  4837  4841  4845  4886  4890  
3299  64  1  4841  
3304  91  3  4804  4835  4886  
3306  48  1  4800  
3307  82  5  4814  4835  4845  4886  4890  
3314  212  11  4800  4804  4807  4826  4828  4835  4836  4837  4841  4865  4883  
3315  362  10  4800  4807  4814  4826  4828  4841  4860  4863  4868  4877  
3316  44  1  4836  
3330  39  2  4841  4886  
3338  144  9  4820  4831  4835  4841  4845  4865  4883  4886  4888  
3362  95  5  4800  4835  4841  4862  4890  
3363  8  3  4814  4836  4865  
3390  7  1  4804  
3395  85  5  4804  4809  4820  4835  4883  
3396  11  1  4865  
3412  15  1  4804  
3428  22  1  4822  
3441  18  1  4865  
3442  99  8  4804  4814  4831  4836  4837  4845  4880  4891  
3443  232  9  4804  4807  4831  4835  4836  4837  4840  4863  4865  
3446  27  2  4865  4886  
3447  46  3  4814  4865  4888  
3449  113  1  4841  
3459  45  3  4814  4865  4888  
3466  94  4  4800  4831  4837  4841  
3479  20  3  4804  4845  4860  
3483  35  3  4820  4835  4837  
3498  82  5  4804  4820  4831  4841  4845  
3514  13  1  4865  
3520  2  1  4847  
3524  2  1  4877  
3548  42  2  4837  4841  
3549  29  1  4835  
3554  7  1  4804  
3583  85  3  4804  4865  4877  
3587  23  3  4804  4814  4865  
3592  89  1  4826  
3596  90  2  4804  4865  
3601  145  6  4820  4845  4846  4862  4865  4886  
3607  20  1  4804  
3608  4  1  4836  
3613  2  1  4800  
3617  57  3  4826  4840  4841  
3626  7  1  4865  
3631  21  1  4804  
3648  147  10  4800  4814  4820  4831  4835  4836  4837  4841  4883  4886  
3652  104  2  4800  4841  
3653  68  3  4804  4828  4841  
3657  257  6  4800  4826  4828  4831  4860  4865  
3658  89  3  4822  4865  4878  
3672  27  1  4804  
3674  131  1  4807  
3679  111  4  4831  4835  4837  4841  
3680  17  1  4804  
3682  115  6  4804  4820  4836  4840  4848  4851  
3686  77  5  4804  4820  4835  4845  4890  
3690  15  1  4845  
3704  155  6  4804  4814  4835  4841  4845  4865  
3715  12  1  4865  
3736  64  3  4865  4883  4886  
3742  76  3  4835  4840  4845  
3749  84  1  4841  
3777  6  1  4831  
3782  20  1  4804  
3783  7  1  4865  
3800  65  1  4831  
3808  112  1  4841  
3810  42  2  4841  4865  
3845  1  1  4831  
3850  3  1  4800  
3855  52  2  4814  4820  
3868  17  1  4841  
3870  38  4  4804  4807  4845  4877  
3879  278  16  4800  4804  4809  4814  4828  4831  4835  4836  4841  4845  4863  4865  4877  4883  4886  4891  
3884  29  2  4804  4835  
3888  4  2  4804  4865  
3901  2  1  4804  
3903  32  1  4804  
3906  40  3  4804  4814  4835  
3914  55  1  4847  
3919  80  11  4804  4814  4831  4835  4837  4841  4863  4865  4883  4886  4891  
3921  50  4  4804  4807  4841  4886  
3929  39  1  4888  
3957  5  1  4804  
3986  24  1  4800  
3990  70  1  4822  
3994  202  6  4800  4804  4812  4814  4828  4831  
4001  36  1  4804  
4012  4  1  4800  
4028  16  1  4840  
4035  153  5  4816  4841  4848  4865  4886  
4038  31  2  4804  4865  
4039  50  1  4804  
4040  15  1  4804  
4067  9  1  4804  
4073  81  2  4804  4878  
4082  45  1  4841  
4083  100  13  4804  4814  4820  4823  4836  4845  4846  4848  4865  4883  4886  4888  4891  
4090  16  1  4831  
4096  33  2  4836  4841  
4102  40  2  4804  4841  
4104  10  1  4845  
4122  71  3  4800  4807  4863  
4124  15  2  4831  4863  
4126  2  1  4831  
4152  228  8  4800  4814  4826  4828  4840  4847  4865  4868  
4163  11  1  4804  
4169  114  6  4814  4837  4841  4845  4865  4886  
4175  19  1  4841  
4176  46  3  4836  4837  4841  
4180  24  2  4863  4883  
4185  7  1  4841  
4187  96  3  4814  4828  4860  
4196  57  8  4800  4804  4807  4835  4836  4837  4845  4865  
4217  25  1  4841  
4220  121  4  4835  4836  4841  4845  
4223  11  1  4840  
4225  62  2  4828  4845  
4226  46  4  4807  4823  4835  4841  
4247  18  1  4865  
4248  38  2  4820  4891  
4256  34  2  4840  4841  
4263  53  3  4837  4860  4865  
4275  27  2  4860  4865  
4285  62  3  4841  4846  4847  
4288  73  3  4802  4828  4841  
4304  46  2  4828  4860  
4305  20  1  4841  
4309  28  1  4865  
4315  101  4  4822  4841  4883  4890  
4319  168  11  4800  4807  4823  4828  4835  4836  4840  4846  4851  4862  4883  
4320  78  10  4804  4814  4820  4830  4835  4836  4840  4846  4848  4883  
4331  4  1  4863  
4334  24  5  4814  4835  4836  4865  4888  
4337  34  3  4865  4888  4890  
4380  79  5  4807  4841  4848  4850  4863  
4383  11  1  4823  
4384  169  9  4820  4826  4831  4835  4836  4841  4845  4860  4865  
4398  6  1  4800  
4407  10  1  4800  
4411  9  1  4809  
4419  12  4  4804  4836  4883  4888  
4422  31  1  4822  
4427  214  12  4804  4814  4816  4820  4835  4837  4841  4845  4846  4865  4883  4886  
4437  60  3  4800  4804  4841  
4439  25  1  4841  
4440  361  17  4800  4804  4814  4820  4822  4826  4828  4831  4841  4845  4846  4848  4860  4883  4886  4890  4891  
4446  44  1  4845  
4453  53  1  4820  
4454  43  3  4837  4841  4888  
4459  23  2  4800  4841  
4470  115  4  4800  4822  4841  4865  
4473  28  2  4804  4841  
4474  27  2  4835  4865  
4477  10  1  4883  
4479  7  1  4835  
4481  10  1  4886  
4485  139  13  4804  4807  4809  4814  4820  4835  4836  4845  4865  4883  4886  4888  4890  
4486  172  6  4800  4807  4814  4828  4863  4868  
4490  26  6  4814  4820  4835  4841  4865  4888  
4506  11  2  4836  4865  
4514  26  1  4822  
4516  13  1  4877  
4522  10  2  4836  4837  
4531  271  10  4800  4807  4826  4828  4835  4837  4841  4847  4877  4883  
4533  5  1  4865  
4541  3  1  4841  
4546  14  1  4804  
4551  54  1  4865  
4552  127  1  4846  
4555  33  2  4804  4841  
4557  84  7  4804  4807  4814  4820  4828  4840  4868  
4564  13  2  4804  4841  
4565  18  1  4845  
4569  69  4  4804  4835  4841  4847  
4571  54  3  4831  4863  4865  
4583  51  1  4840  
4591  13  1  4841  
4592  3  1  4820  
4594  5  1  4826  
4596  24  1  4820  
4599  12  3  4836  4883  4888  
4606  41  1  4841  
4607  29  2  4812  4841  
4608  122  5  4800  4812  4846  4865  4878  
4610  35  4  4836  4837  4841  4865  
4611  139  15  4804  4814  4816  4820  4835  4836  4837  4841  4845  4863  4865  4883  4886  4888  4890  
4612  101  4  4814  4826  4828  4840  
4614  217  9  4800  4814  4826  4828  4831  4837  4841  4868  4886  
4615  49  4  4831  4837  4841  4863  
4616  41  3  4841  4863  4865  
4619  68  7  4804  4820  4835  4841  4845  4883  4886  
4620  152  3  4828  4841  4860  
4622  31  3  4840  4841  4863  
4623  211  6  4831  4837  4841  4860  4883  4886  
4624  312  23  4800  4804  4809  4814  4816  4820  4826  4831  4835  4837  4840  4841  4845  4846  4847  4848  4852  4862  4868  4883  4886  4890  4891  
4625  80  15  4804  4814  4820  4837  4841  4845  4846  4848  4850  4851  4862  4883  4888  4890  4891  
4626  10  1  4814  
4628  18  1  4863  
4629  10  1  4840  
4634  22  1  4841  
4635  15  3  4804  4845  4846  
4636  15  2  4804  4841  
4638  15  2  4823  4845  
4640  13  1  4846  
4648  21  2  4800  4841  
4653  1  1  4860  
4663  24  1  4820  
4669  19  2  4814  4820  
4672  44  1  4848  
4676  14  2  4804  4865  
4680  33  1  4804  
4684  59  3  4800  4841  4863  
4685  75  5  4831  4835  4837  4863  4877  
4686  7  1  4845  
4699  4  1  4835  
4701  2  1  4804  
4702  21  2  4836  4883  
4703  10  3  4807  4816  4830  
4710  22  1  4883  
4715  61  4  4800  4837  4841  4860  
4724  12  2  4804  4865  
4727  24  1  4841  
4728  18  3  4814  4841  4888  
4729  11  1  4891  
4730  32  4  4835  4863  4865  4868  
4739  6  2  4804  4841  
4741  7  2  4835  4837  
4743  3  1  4804  
4745  10  1  4865  
4747  30  1  4841  
4752  2  1  4814  
4763  15  2  4804  4820  
4769  2  1  4841  
4780  17  1  4822  
4783  19  3  4820  4835  4886  
4789  2  1  4814  
4790  37  2  4835  4841  
4795  1  1  4804  
4796  2  1  4804  
4797  8  1  4804  
4798  4  1  4804  
4799  3  1  4804  
4800  40  4  4804  4837  4863  4868  
4801  4  1  4804  
4802  1  1  4804  
4805  1  1  4806  
4807  1  1  4814  
4808  1  1  4809  
4810  1  1  4814  
4811  9  1  4814  
4812  4  1  4814  
4813  1  1  4814  
4815  2  1  4814  
4817  37  2  4820  4841  
4818  3  1  4820  
4819  1  1  4820  
4831  63  3  4826  4835  4863  
4832  26  3  4831  4835  4846  
4833  2  1  4835  
4834  3  1  4835  
4837  19  2  4836  4841  
4838  8  1  4863  
4840  44  1  4868  
4842  1  1  4845  
4843  1  1  4845  
4844  19  3  4865  4888  4890  
4849  10  6  4865  4883  4886  4888  4890  4891  
4853  16  1  4836  
4855  8  1  4865  
4859  9  1  4886  
4860  28  1  4837  
4861  3  1  4865  
4863  12  1  4831  
4865  22  1  4841  
4866  21  1  4865  
4868  30  2  4831  4878  
4877  3  1  4836  
4878  1  1  4836  
4879  3  1  4836  
4881  2  1  4883  
4882  1  1  4883  
4884  1  1  4886  
4885  1  1  4886  
4887  1  1  4888  
4889  2  1  4888  
4901  389  10  4800  4802  4814  4828  4841  4846  4847  4860  4865  4878  
4906  39  1  4846  
4908  243  7  4800  4814  4826  4837  4841  4860  4868  
4911  14  1  4841  
4916  3  1  4841  
4919  137  2  4814  4826  
4920  4  1  4878  
4922  1  1  4865  
4923  10  1  4865  
4924  11  1  4865  
4925  8  2  4841  4865  
4926  8  1  4865  
4927  46  1  4865  
4928  1  1  4865  
4929  1  1  4865  
4933  13  1  4800  
4951  105  3  4822  4828  4860  
4956  11  1  4841  
4958  27  1  4868  
4962  30  1  4841  
4971  28  2  4831  4841  
4977  66  1  4800  
4981  15  1  4800  
4983  7  1  4841  
4986  28  1  4831  
4989  3  1  4837  
4999  4  1  4837  
5002  21  1  4828  
5025  4  1  4800  
5031  8  1  4841  
5045  49  4  4826  4831  4840  4863  
5050  50  4  4826  4828  4860  4868  
5051  230  5  4814  4828  4840  4860  4865  
5053  10  1  4837  
5054  1  1  4837  
5058  4  1  4841  
5059  7  1  4841  
5060  11  1  4841  
5061  1  1  4841  
5062  1  1  4841  
5063  1  1  4841  
5064  1  1  4841  
5065  44  1  4841  
5089  2  1  4840  
5090  4  2  4807  4826  
5105  13  1  4807  
5116  1  1  4831  
5118  23  2  4800  4840  
5129  191  3  4800  4846  4865  
5132  23  1  4828  
5133  222  4  4812  4822  4846  4847  
5135  385  8  4800  4802  4822  4846  4847  4860  4865  4878  
5137  33  1  4840  
5138  16  3  4814  4860  4868  
5139  83  2  4802  4812  
5145  41  2  4807  4814  
5147  144  1  4822  
5149  84  1  4814  
5150  75  3  4800  4812  4865  
5151  67  3  4807  4814  4868  
5152  61  3  4800  4840  4863  
5155  98  3  4812  4822  4847  
5158  15  1  4800  
5160  12  1  4807  
5166  11  1  4863  
5169  41  2  4828  4840  
5180  8  1  4863  
5182  92  1  4812  
5185  2  1  4863  
5190  3  1  4863  
5191  50  1  4840  
5193  6  2  4840  4863  
5194  1  1  4863  
5195  1  1  4863  
5196  1  1  4863  
5197  7  1  4863  
5198  1  1  4863  
5212  10  1  4877  
5213  2  1  4877  
5214  2  1  4840  
5239  33  3  4826  4860  4868  
5241  42  1  4826  
5242  11  1  4868  
5256  4  1  4840  
5260  3  1  4868  
5278  6  1  4860  
5294  81  2  4800  4828  
5300  6  1  4865  
5302  68  1  4800  
5316  30  3  4807  4828  4860  
5335  39  1  4826  
5336  2  1  4865  
5359  32  1  4812  
5360  5  1  4800  
5363  54  1  4812  
5366  18  1  4826  
5380  11  1  4814  
5389  4  1  4826  
5396  2  1  4868  
5403  11  1  4800  
5409  4  1  4826  
5410  7  1  4814  
5424  1  1  4826  
5425  1  1  4826  
5426  1  1  4800  
5427  22  2  4800  4828  
5428  3  1  4800  
5429  1  1  4800  
5441  3  1  4807  
5462  6  1  4865  
5479  18  1  4860  
5492  1  1  4807  
5495  75  1  4846  
5497  35  1  4865  
5499  8  2  4846  4868  
5513  4  1  4814  
5528  52  1  4800  
5531  3  1  4814  
5532  1  1  4814  
5533  1  1  4814  
5542  78  1  4812  
5546  190  2  4800  4860  
5559  44  1  4822  
5563  108  3  4800  4860  4865  
5583  35  1  4865  
5627  3  1  4828  
5628  1  1  4828  
5676  85  2  4800  4822  
5693  7  1  4860  
5699  54  1  4846  
5704  1  1  4860  
5741  43  1  4800  
5743  58  2  4812  4846  
5772  177  3  4812  4846  4847  
5789  160  3  4800  4822  4865  
5790  18  2  4800  4878  
5792  91  2  4822  4846  
5793  104  4  4800  4812  4822  4846  
5794  93  3  4800  4822  4865  
5798  135  3  4800  4822  4846  
5801  50  2  4846  4865  
5831  29  1  4846  
5874  100  3  4800  4812  4822  
5915  22  1  4822  
5921  77  1  4822  
5928  3  1  4865  
5933  42  1  4865  
5969  1  1  4800  
6010  19  1  4800  
6024  1  1  4865  
6025  49  3  4800  4822  4865  
6026  191  7  4800  4812  4822  4846  4847  4865  4878  
6027  1  1  4865  
6028  1  1  4865  
6029  1  1  4865  
6030  5  1  4865  
6031  3  1  4865  
6032  44  1  4865  
6033  95  4  4800  4802  4865  4878  
6034  2  1  4865  
6035  54  2  4802  4865  
6036  3  1  4865  
6037  29  3  4800  4847  4865  
6049  65  1  4800  
6054  57  1  4822  
6058  68  1  4812  
6094  81  1  4847  
6095  19  1  4822  
6122  15  1  4847  
6146  21  1  4846  
6147  161  2  4812  4847  
6149  27  1  4847  
6152  142  5  4800  4802  4812  4846  4847  
6154  40  2  4812  4878  
6155  98  1  4846  
6157  118  3  4802  4847  4878  
6175  123  3  4800  4802  4822  
6186  15  1  4822  
6189  15  2  4800  4822  
6197  12  1  4847  
6213  11  1  4878  
6290  1  1  4800  
6291  1  1  4800  
6294  47  1  4802  
6300  101  2  4846  4878  
6305  23  1  4878  
6322  11  1  4878  
6324  6  1  4822  
6335  89  1  4847  
6337  2  1  4822  
6338  1  1  4822  
6339  2  1  4822  
6340  1  1  4822  
6341  1  1  4822  
6342  1  1  4822  
6405  38  1  4846  
6411  25  1  4812  
6415  52  1  4847  
6493  27  1  4812  
6496  4  1  4812  
6534  3  1  4812  
6542  31  1  4846  
6554  19  2  4812  4878  
6566  33  2  4812  4847  
6570  1  1  4878  
6578  39  1  4847  
6585  3  1  4846  
6842  1  1  4847  
