3  302  2  2605  2666  
8  743  6  2605  2620  2632  2657  2677  2685  
17  187  2  2636  2657  
21  309  3  2632  2676  2680  
24  102  1  2672  
33  227  1  2632  
44  146  2  2632  2657  
50  39  1  2657  
55  38  1  2636  
56  94  2  2676  2695  
65  275  5  2620  2632  2636  2657  2668  
66  109  1  2695  
81  122  1  2677  
82  195  2  2657  2679  
97  68  3  2613  2632  2676  
116  213  2  2657  2685  
121  132  3  2636  2681  2695  
122  80  3  2636  2657  2668  
155  9  1  2632  
158  93  2  2605  2636  
163  123  1  2620  
164  334  1  2632  
224  41  1  2600  
242  86  1  2620  
260  56  2  2600  2606  
272  71  1  2632  
288  244  4  2620  2657  2677  2685  
293  321  3  2632  2673  2691  
295  54  3  2600  2632  2677  
301  199  1  2679  
307  25  1  2666  
328  86  8  2600  2620  2657  2668  2673  2676  2677  2680  
372  42  1  2613  
380  20  1  2676  
382  19  1  2620  
401  79  2  2636  2638  
408  157  3  2613  2632  2685  
431  732  8  2605  2613  2620  2632  2636  2657  2677  2685  
494  142  2  2620  2636  
501  22  1  2632  
530  34  1  2632  
535  18  5  2636  2673  2676  2680  2681  
548  214  2  2613  2632  
578  150  2  2613  2632  
588  27  4  2600  2636  2676  2681  
594  98  1  2638  
635  118  2  2636  2677  
643  81  1  2668  
646  123  1  2605  
647  51  1  2657  
649  105  2  2657  2677  
661  264  11  2600  2617  2636  2638  2657  2659  2672  2673  2680  2691  2695  
666  32  1  2636  
676  232  2  2613  2691  
680  93  1  2691  
699  68  1  2632  
702  773  13  2613  2617  2620  2632  2657  2666  2668  2672  2676  2677  2679  2685  2691  
719  224  3  2620  2636  2657  
723  113  2  2636  2670  
724  317  1  2666  
729  60  1  2636  
746  272  4  2620  2632  2679  2685  
758  165  3  2632  2672  2691  
759  249  7  2600  2617  2638  2657  2668  2676  2695  
771  61  5  2606  2636  2638  2673  2680  
782  16  1  2667  
783  99  1  2638  
785  91  1  2657  
793  97  3  2600  2636  2638  
800  29  1  2617  
807  122  2  2620  2632  
847  149  1  2677  
859  22  1  2638  
895  36  1  2632  
899  65  1  2657  
903  47  1  2668  
907  77  2  2617  2632  
909  292  5  2617  2657  2668  2673  2677  
914  238  1  2620  
915  45  1  2617  
917  297  2  2617  2677  
920  60  1  2636  
923  18  1  2613  
926  138  1  2668  
948  135  1  2605  
951  39  2  2666  2668  
955  86  1  2636  
960  41  2  2636  2638  
969  46  1  2613  
972  196  4  2636  2657  2659  2677  
977  156  1  2685  
987  95  1  2670  
1009  305  2  2613  2691  
1014  9  1  2695  
1022  60  1  2679  
1032  62  2  2613  2632  
1034  62  1  2636  
1037  57  1  2695  
1038  399  6  2620  2632  2657  2666  2679  2685  
1040  115  1  2676  
1041  135  2  2600  2657  
1054  472  4  2613  2617  2632  2691  
1066  599  10  2600  2617  2632  2636  2638  2657  2659  2668  2673  2691  
1067  158  4  2600  2636  2638  2657  
1083  9  1  2676  
1084  79  3  2636  2676  2680  
1100  107  7  2600  2617  2636  2638  2668  2673  2676  
1110  218  1  2613  
1111  79  3  2636  2676  2677  
1120  77  1  2676  
1127  11  1  2691  
1146  77  1  2632  
1156  45  1  2657  
1162  61  1  2617  
1174  124  1  2605  
1179  31  1  2632  
1180  65  3  2613  2617  2632  
1185  33  3  2605  2636  2638  
1189  76  4  2636  2657  2673  2677  
1197  290  6  2636  2638  2657  2659  2668  2695  
1198  20  1  2676  
1211  181  3  2620  2657  2677  
1214  12  1  2676  
1250  22  1  2636  
1261  462  7  2600  2620  2636  2666  2668  2676  2681  
1268  52  1  2638  
1277  32  2  2606  2638  
1282  199  1  2617  
1307  8  1  2605  
1312  183  3  2620  2632  2685  
1354  156  2  2636  2677  
1357  91  1  2632  
1364  52  1  2605  
1368  117  1  2668  
1372  157  2  2620  2668  
1376  210  5  2617  2632  2636  2657  2677  
1380  48  1  2632  
1386  41  1  2668  
1389  16  1  2605  
1416  68  1  2632  
1417  81  1  2636  
1421  244  3  2632  2666  2691  
1427  587  8  2620  2632  2638  2657  2673  2676  2685  2695  
1428  42  1  2632  
1443  46  2  2636  2695  
1458  87  2  2638  2657  
1460  102  4  2600  2620  2636  2638  
1466  30  1  2617  
1468  114  1  2676  
1477  4  1  2672  
1481  355  2  2617  2632  
1486  15  1  2691  
1487  73  1  2617  
1495  50  2  2620  2677  
1496  39  1  2613  
1529  9  2  2600  2636  
1532  66  3  2668  2677  2691  
1558  25  1  2632  
1560  2  1  2636  
1561  50  3  2632  2666  2676  
1562  3  1  2636  
1567  70  3  2600  2636  2677  
1570  93  2  2638  2695  
1574  47  3  2659  2676  2695  
1576  34  1  2632  
1586  96  1  2636  
1597  19  1  2617  
1598  45  1  2632  
1602  55  1  2668  
1609  9  1  2636  
1612  8  1  2657  
1616  76  1  2677  
1617  68  3  2620  2636  2668  
1634  97  4  2657  2666  2685  2695  
1636  67  1  2676  
1639  141  2  2636  2638  
1659  44  1  2668  
1663  48  1  2668  
1671  129  2  2657  2676  
1676  41  1  2632  
1677  105  2  2617  2657  
1680  90  2  2600  2617  
1686  2  1  2617  
1697  57  1  2620  
1706  16  1  2638  
1710  12  1  2617  
1730  33  1  2681  
1738  44  1  2685  
1744  36  1  2677  
1769  112  1  2695  
1772  204  10  2600  2617  2638  2657  2659  2673  2676  2680  2681  2695  
1781  15  1  2632  
1795  15  2  2657  2677  
1817  181  1  2666  
1824  47  1  2676  
1828  7  1  2632  
1835  66  2  2617  2676  
1845  63  1  2677  
1855  10  1  2666  
1878  5  1  2636  
1898  121  2  2636  2677  
1901  50  1  2632  
1905  17  1  2695  
1908  121  1  2600  
1925  55  1  2676  
1939  47  1  2620  
1941  4  1  2632  
1943  7  1  2638  
1945  16  1  2632  
1948  113  4  2613  2617  2657  2666  
1950  122  3  2657  2659  2680  
1960  129  5  2600  2636  2638  2676  2680  
1962  146  5  2606  2613  2657  2666  2668  
1971  145  3  2632  2668  2676  
1984  26  1  2657  
1991  32  1  2659  
1994  29  1  2636  
1996  65  4  2600  2636  2681  2695  
1998  17  1  2617  
2008  61  1  2676  
2029  31  1  2657  
2044  34  1  2617  
2048  143  3  2617  2657  2668  
2049  49  1  2680  
2050  66  1  2673  
2053  14  2  2617  2657  
2055  75  3  2617  2657  2668  
2056  241  3  2632  2666  2685  
2066  38  1  2613  
2073  247  9  2606  2620  2636  2657  2659  2673  2676  2680  2681  
2075  95  2  2620  2632  
2080  58  1  2617  
2087  31  1  2636  
2089  48  1  2695  
2092  4  1  2672  
2102  120  2  2657  2677  
2106  9  1  2617  
2109  164  3  2617  2620  2632  
2110  48  3  2657  2680  2685  
2111  67  2  2613  2666  
2134  111  4  2600  2620  2657  2677  
2137  252  6  2620  2632  2657  2673  2677  2685  
2138  215  2  2636  2685  
2142  36  1  2668  
2165  57  2  2677  2685  
2172  14  1  2677  
2173  77  2  2617  2620  
2177  189  1  2666  
2179  124  8  2617  2636  2638  2657  2659  2673  2676  2680  
2183  49  1  2638  
2186  45  4  2620  2657  2677  2685  
2190  72  2  2632  2666  
2193  66  1  2666  
2204  62  1  2632  
2216  141  2  2620  2657  
2221  37  3  2659  2680  2695  
2231  11  1  2638  
2236  35  1  2657  
2271  75  3  2636  2676  2695  
2272  103  6  2617  2657  2659  2673  2676  2680  
2273  142  6  2617  2636  2659  2668  2676  2681  
2275  35  3  2617  2657  2673  
2283  324  10  2617  2632  2636  2657  2659  2666  2673  2677  2681  2691  
2285  21  1  2668  
2299  30  1  2673  
2301  100  1  2691  
2303  46  3  2620  2632  2685  
2304  69  4  2606  2617  2668  2681  
2313  44  1  2668  
2334  37  1  2680  
2335  93  2  2620  2632  
2339  34  1  2657  
2340  105  4  2657  2668  2670  2695  
2341  12  1  2677  
2342  70  3  2636  2677  2685  
2343  26  2  2659  2673  
2348  77  5  2632  2636  2638  2673  2676  
2350  82  2  2617  2620  
2351  180  6  2620  2668  2672  2673  2677  2680  
2355  50  1  2691  
2356  893  20  2600  2606  2613  2617  2620  2632  2636  2638  2657  2659  2666  2668  2672  2673  2676  2677  2680  2685  2691  2695  
2357  32  1  2657  
2367  146  6  2632  2636  2638  2668  2673  2680  
2381  13  1  2681  
2382  32  2  2606  2659  
2391  64  2  2632  2676  
2398  29  4  2636  2657  2668  2676  
2399  25  1  2657  
2408  108  4  2600  2657  2673  2680  
2431  39  1  2636  
2432  18  1  2659  
2436  269  4  2600  2632  2657  2673  
2438  113  3  2632  2666  2673  
2439  104  4  2617  2620  2657  2659  
2443  307  3  2657  2677  2691  
2444  12  1  2620  
2445  164  5  2617  2632  2657  2668  2673  
2451  126  2  2670  2679  
2458  103  3  2613  2668  2673  
2469  156  5  2613  2617  2657  2668  2673  
2471  618  10  2617  2620  2632  2657  2666  2668  2673  2677  2679  2685  
2474  44  3  2620  2632  2668  
2476  149  1  2685  
2479  64  2  2666  2668  
2480  45  1  2657  
2482  74  2  2632  2657  
2483  168  4  2620  2668  2677  2685  
2485  80  4  2617  2638  2657  2681  
2486  61  1  2668  
2487  75  5  2600  2617  2657  2673  2680  
2490  103  2  2617  2668  
2494  200  4  2620  2668  2673  2685  
2517  28  1  2676  
2519  39  1  2673  
2520  25  2  2606  2677  
2521  79  2  2657  2677  
2537  29  1  2620  
2540  40  7  2636  2659  2673  2676  2680  2681  2695  
2547  35  1  2632  
2550  22  3  2636  2638  2695  
2562  173  5  2600  2617  2657  2668  2673  
2563  15  1  2636  
2564  18  2  2638  2676  
2567  8  1  2695  
2570  8  1  2677  
2587  43  5  2617  2638  2657  2659  2677  
2594  6  1  2636  
2595  39  1  2668  
2596  50  1  2685  
2597  7  1  2638  
2600  21  1  2677  
2602  14  2  2636  2676  
2604  124  2  2620  2677  
2606  2  2  2638  2659  
2613  44  2  2617  2632  
2616  16  1  2617  
2620  139  2  2632  2657  
2623  4  2  2638  2680  
2624  5  3  2636  2638  2659  
2627  6  1  2636  
2632  282  5  2638  2657  2659  2668  2685  
2633  87  3  2600  2636  2673  
2634  6  1  2636  
2635  1  1  2636  
2637  1  1  2638  
2639  1  1  2638  
2640  1  1  2638  
2641  28  1  2638  
2642  1  1  2638  
2643  5  1  2638  
2657  29  1  2676  
2663  6  1  2667  
2664  6  1  2667  
2665  12  1  2667  
2666  57  1  2667  
2668  33  1  2657  
2669  11  2  2673  2676  
2673  3  1  2676  
2675  1  1  2673  
2678  2  1  2681  
2679  19  3  2636  2680  2695  
2681  1  1  2636  
2682  1  1  2636  
2683  1  1  2636  
2684  2  1  2636  
2685  62  1  2636  
2686  6  2  2636  2695  
2687  36  1  2632  
2688  8  1  2695  
2691  123  3  2613  2668  2685  
2693  1  1  2695  
2694  1  1  2695  
2697  26  2  2617  2657  
2702  10  1  2632  
2707  47  1  2617  
2712  70  2  2620  2685  
2715  238  6  2620  2632  2657  2668  2673  2685  
2720  357  5  2620  2632  2666  2670  2685  
2746  43  1  2617  
2752  31  1  2617  
2766  52  3  2617  2657  2668  
2770  52  2  2657  2677  
2772  175  3  2620  2632  2685  
2774  189  3  2620  2632  2677  
2777  50  3  2657  2668  2673  
2778  216  4  2620  2657  2668  2677  
2779  45  3  2617  2620  2668  
2780  38  2  2632  2668  
2781  13  1  2668  
2790  6  1  2657  
2791  10  1  2677  
2800  52  1  2657  
2806  42  2  2617  2657  
2812  25  1  2617  
2827  37  1  2677  
2829  12  1  2632  
2834  37  1  2657  
2837  37  2  2617  2657  
2845  10  1  2685  
2875  49  1  2657  
2876  1  1  2657  
2877  88  4  2617  2632  2657  2677  
2899  79  1  2620  
2907  24  1  2617  
2918  68  1  2617  
2919  56  1  2632  
2923  22  2  2617  2677  
2924  4  1  2617  
2925  1  1  2617  
2926  13  1  2617  
2927  8  1  2617  
2983  95  3  2632  2657  2677  
2999  69  1  2613  
3001  79  1  2677  
3007  5  1  2677  
3012  58  2  2657  2677  
3034  13  1  2620  
3045  18  1  2632  
3062  55  1  2632  
3064  273  5  2620  2632  2657  2666  2685  
3084  43  2  2620  2677  
3090  180  2  2613  2691  
3096  15  1  2632  
3102  156  3  2657  2677  2685  
3112  89  1  2666  
3122  30  2  2666  2685  
3137  88  2  2632  2685  
3144  271  1  2632  
3146  314  5  2613  2632  2666  2672  2679  
3147  27  1  2632  
3148  98  2  2632  2685  
3149  131  1  2632  
3150  319  2  2632  2666  
3151  148  4  2620  2632  2672  2685  
3152  68  1  2632  
3153  241  1  2632  
3154  166  4  2613  2632  2657  2677  
3155  69  2  2632  2677  
3156  92  1  2679  
3158  101  1  2672  
3159  54  1  2632  
3160  56  1  2632  
3174  102  1  2685  
3189  10  1  2620  
3191  114  1  2666  
3196  11  1  2657  
3206  48  1  2632  
3208  29  1  2691  
3209  71  1  2613  
3212  16  1  2677  
3215  13  1  2677  
3226  81  3  2620  2657  2677  
3243  16  1  2677  
3251  147  4  2620  2632  2657  2685  
3252  42  1  2657  
3253  45  2  2613  2632  
3264  156  1  2691  
3266  5  1  2677  
3270  26  1  2613  
3280  12  1  2672  
3281  2  1  2677  
3284  24  1  2613  
3287  22  1  2677  
3289  205  3  2620  2666  2677  
3290  144  3  2620  2632  2685  
3299  64  3  2632  2657  2666  
3303  32  1  2677  
3304  91  1  2620  
3306  48  1  2677  
3308  63  1  2685  
3312  12  1  2632  
3314  212  6  2613  2620  2657  2666  2672  2679  
3315  362  2  2670  2679  
3317  40  1  2620  
3330  39  2  2666  2685  
3331  38  1  2620  
3332  87  2  2657  2677  
3333  36  1  2677  
3338  144  4  2620  2632  2657  2685  
3349  17  1  2677  
3353  75  2  2620  2657  
3383  15  1  2620  
3391  93  3  2620  2657  2685  
3395  85  2  2666  2672  
3408  30  1  2632  
3409  4  1  2632  
3412  15  1  2632  
3421  8  2  2657  2677  
3428  22  1  2613  
3432  12  1  2677  
3443  232  2  2632  2666  
3449  113  1  2632  
3451  23  1  2620  
3459  45  1  2632  
3465  53  2  2632  2666  
3467  47  1  2620  
3471  10  1  2620  
3477  2  1  2657  
3481  3  1  2677  
3486  5  1  2677  
3487  1  1  2677  
3488  1  1  2677  
3489  15  1  2677  
3498  82  1  2632  
3533  2  1  2620  
3546  17  2  2600  2685  
3548  42  1  2632  
3552  6  1  2632  
3578  30  1  2620  
3583  85  3  2620  2657  2672  
3589  4  1  2620  
3596  90  1  2691  
3599  33  3  2620  2657  2685  
3601  145  1  2632  
3625  15  2  2620  2657  
3631  21  1  2666  
3648  147  1  2620  
3652  104  1  2632  
3654  21  2  2620  2685  
3656  89  2  2632  2672  
3657  257  3  2613  2632  2679  
3658  89  1  2632  
3666  23  1  2632  
3672  27  2  2672  2679  
3674  131  3  2620  2632  2685  
3679  111  3  2620  2666  2672  
3681  29  1  2620  
3682  115  2  2620  2632  
3683  33  2  2620  2632  
3685  86  2  2620  2685  
3704  155  1  2679  
3714  16  1  2632  
3722  50  1  2657  
3725  41  1  2632  
3726  9  1  2685  
3734  26  1  2685  
3736  64  2  2620  2685  
3742  76  1  2620  
3749  84  1  2632  
3750  43  1  2632  
3775  1  1  2620  
3776  1  1  2620  
3777  6  1  2620  
3778  9  1  2620  
3800  65  1  2691  
3801  53  1  2672  
3808  112  1  2632  
3811  41  1  2632  
3834  1  1  2685  
3835  2  1  2685  
3836  1  1  2685  
3837  5  1  2685  
3839  9  1  2672  
3855  52  1  2666  
3879  278  3  2613  2666  2679  
3884  29  1  2632  
3909  10  1  2672  
3921  50  1  2659  
3928  22  1  2632  
3939  11  2  2632  2672  
3941  5  1  2632  
3971  17  1  2632  
3979  5  1  2632  
3980  1  1  2632  
3981  12  1  2632  
3982  12  1  2632  
3983  6  1  2632  
3984  4  1  2632  
3985  8  2  2613  2632  
3986  24  1  2632  
3987  2  1  2632  
3988  3  1  2632  
3989  2  1  2632  
3990  70  2  2613  2632  
3991  6  1  2632  
3992  1  1  2632  
3993  6  1  2632  
3994  202  2  2632  2666  
3995  18  2  2632  2666  
3996  7  1  2632  
3997  1  1  2632  
3998  1  1  2632  
3999  2  1  2632  
4000  14  1  2632  
4001  36  2  2632  2666  
4038  31  1  2672  
4073  81  1  2672  
4078  9  1  2670  
4152  228  3  2666  2679  2691  
4169  114  1  2666  
4176  46  1  2672  
4177  10  1  2672  
4187  96  1  2670  
4192  20  1  2672  
4220  121  2  2613  2666  
4226  46  1  2666  
4309  28  1  2672  
4315  101  1  2679  
4319  168  1  2679  
4320  78  1  2666  
4367  28  1  2691  
4380  79  1  2679  
4384  169  2  2666  2691  
4422  31  1  2613  
4427  214  1  2666  
4428  1  1  2672  
4429  1  1  2672  
4440  361  2  2666  2679  
4453  53  1  2666  
4470  115  2  2613  2691  
4485  139  1  2659  
4486  172  1  2670  
4509  52  1  2691  
4522  10  1  2691  
4531  271  2  2659  2666  
4549  14  1  2679  
4552  127  1  2613  
4555  33  1  2613  
4557  84  1  2666  
4569  69  1  2666  
4586  16  1  2613  
4596  24  1  2666  
4612  101  1  2679  
4613  19  1  2679  
4614  217  2  2613  2679  
4624  312  3  2666  2670  2679  
4625  80  1  2666  
4634  22  1  2691  
4640  13  1  2666  
4663  24  2  2666  2691  
4684  59  1  2670  
4715  61  1  2691  
4729  11  1  2666  
4730  32  1  2666  
4731  1  1  2666  
4814  48  1  2691  
4817  37  1  2679  
4826  26  1  2679  
4828  66  1  2670  
4831  63  1  2613  
4901  389  3  2613  2679  2691  
4908  243  3  2670  2679  2691  
4919  137  3  2613  2679  2691  
4951  105  2  2613  2679  
4958  27  1  2670  
5050  50  1  2670  
5065  44  1  2613  
5122  32  1  2679  
5129  191  3  2613  2679  2691  
5132  23  1  2670  
5135  385  3  2613  2670  2691  
5140  27  1  2691  
5147  144  2  2613  2691  
5149  84  1  2613  
5154  22  1  2613  
5155  98  1  2691  
5182  92  1  2613  
5230  7  1  2613  
5300  6  1  2691  
5325  80  1  2613  
5359  32  1  2679  
5372  18  1  2670  
5495  75  1  2613  
5519  88  2  2613  2670  
5528  52  2  2613  2691  
5546  190  2  2613  2670  
5559  44  1  2613  
5563  108  1  2613  
5639  70  1  2613  
5674  10  1  2613  
5676  85  2  2613  2691  
5684  101  1  2691  
5706  33  1  2613  
5734  10  1  2691  
5740  35  1  2613  
5789  160  2  2613  2691  
5793  104  2  2613  2691  
5794  93  1  2613  
5796  5  1  2613  
5798  135  2  2613  2691  
5874  100  2  2613  2691  
5878  3  1  2691  
6021  28  1  2613  
6025  49  2  2613  2691  
6026  191  1  2613  
6033  95  1  2613  
6049  65  1  2691  
6054  57  1  2613  
6058  68  1  2691  
6081  41  1  2613  
6095  19  1  2613  
6152  142  2  2613  2691  
6175  123  1  2613  
6180  93  1  2613  
6189  15  1  2613  
6190  4  1  2613  
6216  30  1  2613  
6223  3  1  2613  
6315  1  1  2613  
6316  1  1  2613  
6317  4  1  2613  
6368  3  1  2691  
6387  21  1  2691  
6396  8  1  2691  
6410  2  1  2691  
6413  2  1  2691  
6414  24  1  2691  
6415  52  1  2691  
6416  1  1  2691  
