3  302  1  2214  
8  743  15  2203  2206  2214  2215  2216  2230  2236  2256  2269  2274  2278  2282  2283  2287  2296  
11  114  3  2269  2274  2278  
12  50  1  2204  
17  187  2  2216  2282  
18  76  1  2215  
21  309  1  2204  
24  102  1  2204  
25  133  2  2269  2278  
33  227  3  2256  2269  2283  
39  89  1  2274  
44  146  5  2203  2204  2214  2269  2283  
56  94  3  2203  2206  2269  
59  17  1  2269  
63  44  1  2269  
65  275  1  2240  
66  109  3  2204  2206  2214  
67  164  1  2204  
81  122  2  2203  2214  
82  195  2  2204  2256  
85  72  1  2204  
89  80  1  2296  
97  68  1  2204  
103  190  2  2203  2240  
104  95  3  2203  2206  2230  
107  89  2  2215  2278  
116  213  6  2204  2216  2240  2256  2273  2283  
121  132  1  2216  
122  80  1  2269  
129  99  1  2204  
136  94  1  2273  
140  58  1  2283  
147  28  1  2204  
153  32  1  2273  
158  93  2  2204  2216  
163  123  4  2203  2204  2216  2269  
164  334  2  2203  2206  
169  63  1  2204  
192  31  3  2204  2256  2269  
204  100  3  2206  2214  2296  
218  50  1  2204  
224  41  1  2269  
256  14  1  2283  
263  76  1  2204  
272  71  2  2216  2273  
273  35  2  2203  2204  
284  13  1  2269  
286  79  1  2296  
288  244  1  2283  
290  142  2  2214  2273  
292  230  2  2206  2283  
293  321  3  2229  2256  2283  
294  227  2  2203  2206  
295  54  1  2216  
297  77  2  2256  2269  
321  80  1  2204  
328  86  2  2216  2221  
330  21  1  2298  
350  117  2  2204  2298  
361  45  2  2204  2216  
372  42  1  2204  
380  20  1  2221  
384  145  3  2204  2206  2234  
389  21  1  2203  
401  79  1  2234  
408  157  1  2283  
431  732  9  2203  2204  2216  2221  2234  2236  2240  2256  2287  
455  6  1  2269  
494  142  4  2203  2216  2240  2273  
520  5  1  2204  
530  34  1  2256  
531  26  1  2204  
548  214  4  2204  2214  2274  2278  
571  3  1  2204  
577  55  2  2203  2273  
578  150  2  2240  2283  
579  66  1  2274  
591  32  1  2203  
594  98  4  2203  2206  2229  2282  
606  158  1  2283  
607  13  1  2269  
608  7  1  2269  
610  19  1  2269  
626  83  1  2203  
629  47  3  2203  2204  2216  
635  118  1  2296  
637  100  2  2203  2204  
643  81  1  2206  
645  95  3  2203  2206  2282  
649  105  1  2273  
652  4  1  2230  
661  264  6  2204  2215  2216  2221  2269  2298  
666  32  2  2203  2204  
676  232  2  2234  2240  
680  93  1  2236  
695  77  1  2204  
697  8  1  2204  
699  68  2  2204  2216  
700  34  1  2298  
702  773  7  2204  2215  2234  2240  2256  2273  2283  
716  8  1  2204  
719  224  8  2203  2204  2206  2216  2221  2256  2269  2296  
723  113  2  2203  2287  
724  317  4  2203  2204  2206  2256  
729  60  1  2206  
739  90  1  2204  
746  272  6  2206  2215  2216  2269  2274  2283  
753  16  2  2203  2206  
758  165  5  2204  2216  2221  2256  2283  
759  249  5  2206  2215  2273  2287  2298  
768  36  1  2221  
771  61  1  2221  
772  30  2  2216  2283  
774  45  1  2214  
783  99  6  2216  2230  2269  2282  2287  2296  
785  91  1  2216  
787  13  2  2203  2214  
793  97  2  2204  2287  
807  122  1  2204  
822  26  1  2296  
825  24  1  2215  
829  119  2  2203  2206  
832  9  1  2269  
847  149  1  2216  
852  21  2  2296  2298  
859  22  2  2269  2283  
861  46  1  2283  
864  80  1  2296  
869  110  3  2206  2230  2283  
871  29  1  2283  
899  65  1  2236  
903  47  1  2269  
907  77  1  2203  
909  292  8  2206  2216  2221  2236  2273  2278  2283  2287  
914  238  3  2206  2274  2278  
917  297  7  2203  2204  2206  2216  2236  2269  2278  
920  60  3  2215  2269  2296  
926  138  1  2236  
950  19  1  2287  
954  12  1  2296  
955  86  2  2204  2216  
960  41  1  2269  
968  44  1  2204  
969  46  3  2204  2269  2283  
972  196  3  2204  2216  2221  
974  2  1  2269  
977  156  6  2206  2216  2236  2273  2274  2283  
987  95  2  2234  2240  
988  74  2  2204  2269  
1008  88  2  2269  2278  
1009  305  4  2206  2215  2236  2273  
1013  15  1  2278  
1022  60  2  2204  2206  
1024  6  1  2204  
1025  39  1  2221  
1030  37  1  2204  
1034  62  1  2203  
1037  57  5  2204  2216  2240  2256  2269  
1038  399  4  2204  2256  2273  2287  
1040  115  3  2215  2236  2274  
1041  135  3  2215  2283  2287  
1046  48  1  2204  
1047  14  1  2278  
1054  472  10  2203  2204  2215  2234  2236  2256  2269  2274  2278  2283  
1058  4  1  2214  
1065  13  1  2204  
1066  599  11  2204  2206  2214  2216  2221  2234  2269  2273  2283  2287  2298  
1067  158  4  2203  2216  2269  2296  
1084  79  1  2216  
1093  31  1  2269  
1100  107  2  2221  2273  
1103  22  2  2206  2296  
1107  26  2  2204  2287  
1110  218  5  2204  2206  2216  2269  2274  
1111  79  2  2203  2273  
1115  65  2  2206  2230  
1129  33  1  2206  
1146  77  1  2204  
1156  45  1  2216  
1174  124  1  2206  
1177  8  1  2215  
1179  31  2  2204  2283  
1180  65  3  2204  2229  2256  
1183  34  2  2273  2283  
1189  76  4  2204  2216  2273  2296  
1197  290  7  2215  2216  2221  2269  2273  2283  2298  
1211  181  2  2204  2273  
1214  12  1  2206  
1228  8  1  2269  
1232  3  1  2269  
1233  2  1  2269  
1234  4  1  2269  
1235  2  1  2204  
1240  117  1  2206  
1243  30  1  2204  
1244  8  1  2216  
1246  20  1  2221  
1248  18  1  2204  
1255  40  1  2204  
1256  33  2  2203  2273  
1261  462  6  2203  2204  2215  2269  2283  2287  
1267  63  1  2206  
1268  52  2  2204  2283  
1269  17  3  2203  2216  2283  
1282  199  5  2203  2206  2215  2236  2256  
1301  13  1  2230  
1308  52  2  2216  2298  
1312  183  2  2216  2296  
1325  41  1  2203  
1346  48  2  2204  2287  
1352  20  2  2203  2256  
1354  156  2  2204  2216  
1355  72  1  2296  
1357  91  2  2274  2296  
1368  117  2  2273  2274  
1372  157  2  2216  2273  
1376  210  3  2204  2215  2273  
1380  48  1  2203  
1381  38  1  2203  
1400  99  4  2203  2206  2273  2283  
1401  139  7  2203  2204  2230  2234  2269  2287  2296  
1417  81  2  2215  2216  
1421  244  1  2227  
1425  28  1  2274  
1427  587  12  2203  2204  2206  2215  2216  2236  2240  2256  2269  2273  2274  2283  
1433  79  1  2287  
1441  27  1  2204  
1443  46  1  2283  
1458  87  2  2269  2273  
1460  102  6  2203  2204  2206  2215  2216  2234  
1466  30  2  2269  2298  
1468  114  1  2283  
1470  29  2  2273  2283  
1476  16  1  2236  
1481  355  6  2203  2204  2206  2216  2236  2274  
1487  73  2  2215  2256  
1494  80  1  2273  
1495  50  1  2273  
1508  1  1  2296  
1511  36  1  2283  
1515  48  1  2204  
1532  66  3  2204  2234  2287  
1558  25  1  2283  
1567  70  4  2203  2216  2282  2298  
1570  93  2  2216  2221  
1571  112  2  2204  2240  
1576  34  2  2204  2283  
1578  6  1  2214  
1585  6  1  2269  
1586  96  3  2203  2204  2216  
1589  14  1  2283  
1597  19  1  2269  
1598  45  3  2203  2204  2206  
1600  18  1  2273  
1602  55  3  2204  2273  2283  
1609  9  1  2298  
1615  3  1  2278  
1616  76  2  2204  2256  
1617  68  3  2204  2269  2287  
1621  23  1  2256  
1623  89  6  2203  2206  2230  2236  2269  2278  
1633  27  4  2203  2236  2269  2287  
1634  97  2  2204  2216  
1636  67  1  2278  
1639  141  8  2203  2206  2214  2215  2227  2229  2287  2298  
1646  6  1  2215  
1648  57  3  2204  2215  2273  
1658  26  1  2274  
1660  38  1  2240  
1664  20  1  2278  
1671  129  3  2215  2274  2283  
1677  105  1  2240  
1680  90  4  2206  2216  2230  2296  
1694  73  1  2204  
1705  47  1  2204  
1727  5  1  2283  
1738  44  2  2274  2283  
1741  36  1  2215  
1765  33  1  2204  
1768  20  1  2216  
1769  112  5  2203  2206  2216  2269  2278  
1772  204  8  2204  2216  2221  2230  2269  2273  2274  2298  
1796  14  1  2269  
1798  29  2  2236  2283  
1809  13  1  2283  
1811  18  1  2283  
1812  31  1  2283  
1817  181  3  2204  2273  2283  
1820  6  1  2269  
1824  47  1  2206  
1834  36  1  2204  
1835  66  1  2215  
1841  88  2  2236  2274  
1845  63  1  2216  
1850  63  3  2256  2269  2283  
1851  27  1  2269  
1855  10  1  2269  
1859  2  1  2269  
1873  22  1  2204  
1876  2  1  2269  
1881  2  1  2269  
1882  2  1  2269  
1888  14  1  2274  
1898  121  2  2203  2206  
1899  21  3  2229  2269  2274  
1905  17  2  2269  2274  
1908  121  7  2203  2206  2215  2230  2269  2274  2278  
1916  10  1  2269  
1917  28  2  2206  2236  
1920  6  1  2269  
1923  8  1  2269  
1924  7  1  2269  
1925  55  3  2236  2269  2274  
1926  1  1  2269  
1927  6  1  2269  
1929  7  2  2226  2287  
1930  22  1  2269  
1933  45  1  2273  
1939  47  2  2204  2216  
1943  7  1  2225  
1947  23  3  2204  2256  2269  
1948  113  3  2206  2236  2256  
1950  122  3  2230  2282  2298  
1956  44  1  2204  
1957  8  1  2269  
1960  129  9  2203  2206  2215  2229  2236  2269  2274  2278  2287  
1962  146  5  2204  2234  2256  2269  2283  
1970  23  1  2204  
1971  145  3  2204  2216  2256  
1981  41  3  2282  2287  2296  
1984  26  2  2204  2269  
1985  3  1  2214  
1993  16  1  2221  
1994  29  2  2278  2282  
1996  65  4  2215  2216  2236  2269  
1998  17  1  2216  
2003  2  1  2274  
2015  12  1  2204  
2019  4  1  2269  
2028  14  2  2216  2296  
2029  31  1  2215  
2035  15  3  2203  2256  2269  
2042  15  1  2204  
2044  34  1  2273  
2045  28  1  2256  
2048  143  3  2221  2273  2274  
2049  49  2  2216  2282  
2050  66  5  2206  2230  2236  2287  2296  
2051  12  2  2229  2230  
2052  36  2  2206  2274  
2055  75  2  2216  2273  
2056  241  4  2204  2256  2269  2283  
2059  108  4  2204  2214  2236  2296  
2066  38  2  2203  2206  
2068  25  1  2236  
2069  22  1  2226  
2072  31  2  2203  2206  
2073  247  6  2215  2216  2221  2236  2274  2298  
2074  49  2  2203  2240  
2075  95  2  2216  2256  
2080  58  1  2234  
2087  31  2  2204  2206  
2089  48  7  2216  2227  2229  2230  2236  2282  2287  
2090  32  2  2204  2234  
2095  5  1  2203  
2097  17  2  2204  2283  
2102  120  2  2216  2283  
2109  164  5  2204  2240  2256  2273  2283  
2110  48  1  2298  
2111  67  3  2204  2215  2283  
2134  111  4  2204  2216  2221  2283  
2135  3  1  2283  
2137  252  5  2204  2216  2221  2234  2283  
2138  215  9  2203  2206  2215  2216  2236  2269  2274  2278  2283  
2142  36  2  2216  2221  
2172  14  1  2240  
2173  77  1  2216  
2175  8  1  2274  
2177  189  2  2204  2216  
2178  2  1  2282  
2179  124  6  2206  2216  2221  2230  2269  2283  
2180  7  2  2269  2278  
2181  2  1  2269  
2183  49  2  2269  2278  
2184  26  2  2204  2273  
2185  4  1  2206  
2186  45  3  2203  2216  2283  
2188  71  1  2204  
2190  72  2  2204  2221  
2193  66  2  2204  2269  
2197  1  1  2203  
2198  1  1  2203  
2199  4  2  2203  2282  
2200  1  1  2203  
2201  1  1  2203  
2202  1  1  2203  
2204  62  1  2206  
2205  2  1  2206  
2216  141  2  2234  2273  
2221  37  1  2230  
2224  1  1  2225  
2228  1  1  2229  
2231  11  2  2221  2269  
2234  2  1  2236  
2235  2  1  2236  
2236  35  1  2287  
2237  2  1  2269  
2238  1  1  2269  
2239  1  1  2269  
2240  50  1  2269  
2241  1  1  2269  
2242  1  1  2269  
2243  1  1  2269  
2244  6  1  2269  
2245  1  1  2269  
2246  1  1  2269  
2247  1  1  2269  
2248  1  1  2269  
2249  1  1  2269  
2250  1  1  2269  
2251  2  1  2269  
2252  42  1  2269  
2253  1  1  2269  
2254  1  1  2269  
2255  1  1  2269  
2256  31  2  2240  2269  
2257  1  1  2269  
2258  6  1  2269  
2259  1  1  2269  
2260  1  1  2269  
2261  1  1  2269  
2262  4  1  2269  
2263  1  1  2269  
2264  1  1  2269  
2265  1  1  2269  
2266  1  1  2269  
2267  4  1  2269  
2270  1  1  2274  
2271  75  2  2269  2274  
2272  103  3  2215  2221  2274  
2273  142  3  2204  2215  2298  
2275  35  3  2216  2221  2278  
2276  1  1  2278  
2277  6  2  2278  2296  
2283  324  5  2204  2216  2234  2256  2282  
2286  1  1  2287  
2294  38  3  2283  2296  2298  
2297  3  1  2298  
2301  100  1  2204  
2303  46  1  2273  
2304  69  2  2215  2273  
2305  13  1  2269  
2307  68  3  2215  2273  2283  
2334  37  1  2204  
2335  93  2  2204  2256  
2340  105  5  2204  2216  2240  2273  2283  
2342  70  1  2273  
2343  26  1  2298  
2346  12  1  2215  
2348  77  3  2216  2221  2269  
2350  82  3  2204  2216  2269  
2351  180  3  2204  2216  2283  
2355  50  1  2256  
2356  893  11  2204  2215  2216  2221  2230  2234  2256  2269  2273  2283  2298  
2358  5  1  2204  
2359  4  1  2269  
2367  146  5  2204  2216  2221  2269  2273  
2369  12  1  2215  
2376  60  1  2204  
2381  13  1  2221  
2382  32  1  2216  
2383  45  3  2204  2215  2298  
2384  49  1  2204  
2394  14  2  2215  2269  
2398  29  1  2204  
2403  22  1  2215  
2404  53  1  2215  
2405  46  2  2273  2283  
2408  108  3  2204  2221  2298  
2432  18  3  2221  2269  2298  
2436  269  4  2204  2216  2221  2296  
2438  113  3  2204  2216  2283  
2439  104  4  2216  2221  2269  2283  
2442  44  2  2216  2283  
2443  307  3  2216  2234  2283  
2445  164  4  2204  2216  2273  2283  
2450  6  1  2215  
2451  126  2  2204  2273  
2458  103  2  2273  2283  
2469  156  3  2221  2230  2283  
2471  618  8  2204  2216  2234  2240  2256  2273  2283  2287  
2472  38  2  2204  2283  
2474  44  2  2204  2283  
2476  149  5  2216  2221  2230  2234  2283  
2477  18  2  2204  2273  
2479  64  1  2283  
2480  45  1  2216  
2483  168  3  2216  2221  2283  
2484  19  2  2204  2221  
2485  80  1  2204  
2486  61  4  2204  2216  2221  2273  
2487  75  2  2216  2221  
2490  103  2  2204  2273  
2494  200  5  2204  2216  2221  2273  2283  
2506  33  2  2273  2283  
2514  16  1  2204  
2517  28  1  2215  
2519  39  2  2221  2287  
2520  25  1  2273  
2521  79  2  2216  2283  
2525  7  1  2204  
2532  23  1  2204  
2540  40  1  2221  
2546  46  1  2273  
2547  35  2  2215  2240  
2550  22  2  2221  2234  
2560  4  1  2215  
2562  173  4  2204  2216  2240  2273  
2563  15  1  2216  
2567  8  1  2221  
2577  2  1  2204  
2579  19  2  2204  2234  
2587  43  1  2221  
2595  39  1  2273  
2602  14  2  2269  2298  
2604  124  4  2204  2221  2273  2283  
2613  44  1  2283  
2620  139  2  2204  2283  
2623  4  1  2269  
2624  5  1  2269  
2627  6  1  2269  
2632  282  6  2204  2216  2256  2269  2273  2283  
2633  87  1  2269  
2644  3  1  2269  
2645  1  1  2269  
2646  1  1  2269  
2647  14  2  2204  2269  
2648  1  1  2269  
2649  1  1  2269  
2650  1  1  2269  
2651  1  1  2269  
2652  1  1  2269  
2653  1  1  2269  
2654  1  1  2269  
2660  8  1  2204  
2661  18  1  2216  
2664  6  1  2204  
2666  57  2  2204  2283  
2668  33  3  2221  2256  2273  
2669  11  2  2204  2221  
2677  35  3  2216  2273  2283  
2685  62  1  2283  
2690  7  1  2216  
2691  123  2  2234  2283  
2696  10  1  2283  
2702  10  1  2283  
2707  47  2  2216  2273  
2715  238  6  2204  2216  2234  2256  2273  2283  
2720  357  1  2240  
2735  55  1  2283  
2746  43  1  2216  
2747  7  1  2283  
2751  28  1  2273  
2753  15  1  2204  
2755  51  1  2234  
2756  123  2  2216  2283  
2761  44  1  2204  
2766  52  1  2273  
2770  52  2  2216  2283  
2772  175  2  2216  2283  
2773  39  1  2256  
2774  189  3  2204  2230  2283  
2777  50  2  2204  2283  
2778  216  3  2204  2216  2283  
2779  45  2  2273  2283  
2780  38  2  2204  2240  
2785  14  1  2204  
2787  14  1  2240  
2790  6  1  2273  
2791  10  1  2216  
2792  12  1  2216  
2798  9  1  2273  
2801  44  3  2216  2221  2283  
2803  32  2  2273  2283  
2806  42  2  2273  2283  
2813  34  1  2283  
2817  4  1  2216  
2818  1  1  2216  
2823  62  3  2204  2216  2283  
2827  37  1  2204  
2829  12  1  2283  
2831  81  1  2234  
2845  10  1  2283  
2857  8  1  2273  
2860  16  1  2283  
2862  15  1  2216  
2877  88  2  2256  2283  
2881  26  1  2204  
2899  79  1  2204  
2905  41  2  2216  2283  
2917  10  1  2204  
2918  68  1  2204  
2919  56  1  2283  
2923  22  1  2283  
2926  13  1  2283  
2927  8  1  2216  
2952  13  1  2256  
2978  37  1  2283  
2981  19  2  2204  2216  
2983  95  1  2204  
2999  69  1  2204  
3001  79  2  2221  2283  
3011  36  1  2283  
3024  31  2  2216  2283  
3028  4  1  2273  
3029  18  1  2273  
3030  1  1  2273  
3035  3  1  2204  
3048  15  1  2283  
3049  13  1  2204  
3058  35  2  2204  2240  
3062  55  1  2204  
3064  273  4  2204  2216  2234  2283  
3076  63  1  2234  
3084  43  2  2216  2283  
3087  41  4  2204  2216  2256  2283  
3089  42  2  2216  2283  
3090  180  1  2234  
3093  3  1  2204  
3095  12  1  2204  
3098  60  1  2204  
3102  156  3  2204  2216  2283  
3110  122  1  2204  
3112  89  1  2283  
3122  30  1  2216  
3124  3  1  2283  
3137  88  1  2240  
3140  20  1  2256  
3142  21  1  2204  
3144  271  1  2256  
3146  314  3  2204  2256  2287  
3148  98  1  2256  
3149  131  1  2256  
3150  319  4  2204  2234  2240  2256  
3151  148  2  2204  2256  
3153  241  4  2204  2234  2240  2256  
3154  166  2  2204  2283  
3155  69  1  2283  
3156  92  2  2204  2240  
3158  101  1  2204  
3159  54  2  2204  2256  
3169  15  1  2240  
3172  53  2  2216  2283  
3174  102  1  2296  
3176  17  1  2283  
3177  24  1  2283  
3191  114  3  2204  2256  2287  
3200  9  1  2283  
3205  6  1  2204  
3206  48  2  2204  2283  
3208  29  1  2283  
3209  71  1  2204  
3210  28  2  2216  2283  
3213  6  2  2216  2283  
3214  64  2  2216  2283  
3215  13  1  2216  
3227  5  1  2283  
3250  18  1  2283  
3251  147  2  2204  2283  
3252  42  1  2283  
3253  45  2  2204  2283  
3274  13  1  2283  
3278  52  1  2204  
3287  22  2  2216  2283  
3290  144  2  2204  2216  
3297  22  1  2283  
3299  64  1  2283  
3303  32  1  2204  
3304  91  2  2204  2234  
3306  48  1  2216  
3307  82  2  2204  2287  
3314  212  2  2204  2234  
3315  362  4  2204  2234  2240  2287  
3316  44  1  2204  
3330  39  1  2283  
3338  144  3  2204  2256  2287  
3344  5  1  2204  
3353  75  1  2234  
3354  6  1  2204  
3362  95  1  2204  
3363  8  1  2204  
3392  4  1  2216  
3395  85  1  2204  
3398  15  1  2216  
3406  1  1  2283  
3407  4  1  2283  
3408  30  1  2283  
3409  4  1  2283  
3410  2  1  2283  
3411  11  1  2283  
3412  15  1  2283  
3413  1  1  2283  
3414  6  1  2283  
3424  1  1  2216  
3425  9  1  2216  
3426  16  1  2216  
3441  18  2  2204  2216  
3442  99  1  2204  
3443  232  2  2204  2256  
3447  46  1  2256  
3449  113  1  2204  
3459  45  1  2204  
3466  94  1  2204  
3483  35  2  2204  2256  
3498  82  2  2204  2234  
3536  43  1  2204  
3549  29  2  2240  2256  
3562  5  1  2204  
3583  85  1  2204  
3587  23  1  2204  
3592  89  2  2204  2296  
3596  90  1  2234  
3601  145  1  2204  
3602  14  1  2204  
3607  20  1  2204  
3625  15  1  2234  
3648  147  1  2240  
3656  89  1  2204  
3657  257  3  2234  2240  2256  
3669  4  1  2204  
3682  115  1  2204  
3685  86  3  2204  2234  2256  
3690  15  1  2204  
3704  155  1  2204  
3715  12  1  2204  
3722  50  1  2296  
3725  41  1  2204  
3736  64  1  2204  
3742  76  2  2204  2287  
3750  43  1  2234  
3782  20  1  2204  
3788  8  1  2234  
3800  65  1  2256  
3808  112  2  2234  2256  
3811  41  2  2204  2234  
3844  24  1  2256  
3852  23  2  2204  2234  
3867  4  1  2204  
3870  38  2  2204  2240  
3879  278  3  2204  2240  2287  
3882  5  1  2234  
3884  29  1  2204  
3895  7  1  2234  
3903  32  1  2204  
3906  40  1  2204  
3919  80  1  2204  
3928  22  1  2204  
3929  39  1  2234  
3968  2  1  2204  
4000  14  1  2256  
4001  36  2  2204  2234  
4018  4  1  2234  
4039  50  1  2240  
4050  2  1  2234  
4061  1  1  2234  
4068  14  1  2204  
4073  81  1  2204  
4079  2  1  2204  
4083  100  1  2204  
4096  33  1  2204  
4102  40  1  2204  
4109  5  1  2204  
4122  71  1  2240  
4152  228  1  2287  
4153  12  1  2256  
4169  114  1  2204  
4176  46  1  2204  
4178  6  1  2256  
4185  7  2  2204  2256  
4187  96  1  2240  
4196  57  1  2204  
4197  23  2  2240  2256  
4198  59  1  2256  
4220  121  1  2204  
4225  62  1  2256  
4231  36  1  2256  
4240  11  1  2256  
4248  38  1  2204  
4256  34  2  2204  2256  
4257  6  1  2256  
4263  53  1  2204  
4269  13  1  2256  
4275  27  1  2256  
4276  2  1  2256  
4304  46  1  2240  
4315  101  1  2204  
4334  24  1  2204  
4337  34  1  2204  
4384  169  2  2204  2240  
4415  6  2  2204  2234  
4427  214  1  2204  
4437  60  1  2204  
4439  25  1  2204  
4440  361  4  2204  2234  2240  2287  
4452  16  1  2204  
4453  53  2  2204  2240  
4454  43  1  2204  
4459  23  1  2287  
4470  115  1  2204  
4478  14  1  2204  
4485  139  1  2204  
4486  172  2  2234  2287  
4531  271  3  2204  2234  2240  
4533  5  1  2204  
4565  18  1  2204  
4569  69  2  2204  2287  
4571  54  1  2287  
4583  51  1  2240  
4591  13  1  2204  
4609  6  1  2204  
4610  35  1  2204  
4611  139  1  2204  
4614  217  1  2204  
4616  41  1  2204  
4619  68  1  2204  
4620  152  1  2234  
4622  31  2  2204  2287  
4623  211  3  2204  2234  2240  
4624  312  1  2204  
4625  80  1  2204  
4628  18  1  2240  
4633  6  1  2204  
4676  14  1  2204  
4680  33  1  2204  
4684  59  1  2287  
4685  75  2  2204  2287  
4700  2  1  2204  
4702  21  1  2204  
4710  22  1  2204  
4723  9  1  2204  
4728  18  1  2204  
4730  32  1  2204  
4783  19  1  2204  
4800  40  1  2204  
4826  26  1  2287  
4838  8  1  2204  
4840  44  1  2287  
4844  19  1  2204  
4860  28  1  2287  
4877  3  1  2204  
4892  7  1  2204  
4901  389  2  2234  2240  
4903  6  1  2204  
4908  243  2  2234  2240  
4927  46  1  2287  
4946  8  1  2204  
4951  105  1  2234  
4953  12  2  2204  2240  
4958  27  1  2204  
4966  2  1  2204  
4969  7  1  2204  
4970  11  1  2204  
4971  28  1  2204  
4972  1  1  2204  
4973  16  1  2204  
4974  1  1  2204  
4975  2  1  2204  
4976  1  1  2204  
4977  66  2  2204  2240  
4978  1  1  2204  
4979  7  1  2204  
4980  3  1  2204  
4981  15  1  2204  
4982  22  1  2204  
4986  28  1  2240  
5045  49  1  2287  
5051  230  3  2234  2240  2287  
5080  45  1  2240  
5129  191  1  2240  
5135  385  2  2234  2240  
5143  29  1  2240  
5149  84  1  2240  
5150  75  1  2234  
5152  61  1  2240  
5154  22  1  2240  
5155  98  1  2240  
5188  1  1  2287  
5189  1  1  2287  
5190  3  1  2287  
5191  50  1  2240  
5257  14  1  2240  
5302  68  2  2234  2240  
5317  17  1  2234  
5331  6  1  2240  
5444  7  1  2240  
5482  17  1  2240  
5520  11  1  2240  
5521  76  1  2240  
5546  190  2  2234  2240  
5582  81  1  2234  
5594  3  1  2234  
5639  70  1  2234  
5655  58  1  2240  
5707  1  1  2234  
5708  2  1  2234  
5709  1  1  2234  
5710  29  1  2234  
5711  33  1  2234  
5712  8  1  2234  
5713  17  1  2234  
5714  11  1  2234  
5743  58  1  2240  
5755  10  1  2240  
