26  150  2  6140  6152  
33  227  1  6199  
39  89  1  6192  
41  44  1  6180  
65  275  3  6162  6181  6199  
67  164  1  6150  
97  68  1  6169  
103  190  8  6106  6122  6147  6152  6162  6180  6187  6199  
104  95  1  6106  
121  132  1  6113  
129  99  2  6150  6154  
140  58  1  6180  
146  61  1  6150  
164  334  1  6180  
246  56  1  6199  
301  199  1  6122  
317  46  1  6169  
372  42  1  6199  
383  34  1  6181  
401  79  3  6147  6154  6192  
431  732  7  6122  6135  6150  6168  6169  6180  6181  
528  30  1  6180  
548  214  2  6150  6199  
676  232  5  6113  6147  6162  6181  6199  
686  66  1  6199  
702  773  8  6106  6113  6122  6152  6162  6180  6187  6199  
770  7  1  6162  
783  99  1  6180  
822  26  1  6181  
909  292  1  6150  
914  238  1  6162  
917  297  4  6147  6180  6181  6192  
923  18  2  6168  6199  
959  49  1  6152  
960  41  1  6168  
961  21  2  6168  6199  
972  196  1  6147  
978  29  2  6122  6152  
1009  305  12  6113  6122  6147  6150  6152  6158  6159  6162  6180  6181  6192  6194  
1037  57  1  6192  
1038  399  2  6140  6180  
1046  48  2  6168  6199  
1054  472  7  6106  6113  6122  6150  6162  6180  6199  
1066  599  6  6147  6152  6158  6180  6181  6192  
1085  43  1  6140  
1197  290  1  6192  
1261  462  10  6106  6122  6147  6152  6154  6158  6177  6180  6181  6192  
1272  35  1  6180  
1312  183  1  6106  
1354  156  1  6180  
1357  91  2  6180  6199  
1376  210  1  6106  
1421  244  5  6113  6122  6152  6169  6199  
1427  587  1  6199  
1485  68  5  6140  6142  6152  6169  6181  
1494  80  2  6122  6152  
1532  66  1  6180  
1544  8  1  6106  
1561  50  1  6199  
1629  47  1  6147  
1660  38  1  6181  
1663  48  1  6113  
1674  43  1  6180  
1694  73  1  6199  
1720  6  1  6152  
1843  39  1  6113  
1851  27  1  6122  
2008  61  2  6168  6192  
2035  15  1  6192  
2080  58  1  6199  
2090  32  1  6158  
2111  67  2  6122  6180  
2177  189  5  6147  6150  6152  6177  6180  
2240  50  1  6150  
2252  42  3  6106  6147  6150  
2256  31  1  6199  
2283  324  1  6180  
2299  30  2  6154  6199  
2301  100  1  6180  
2315  4  1  6199  
2340  105  1  6199  
2342  70  1  6180  
2345  5  1  6106  
2351  180  2  6152  6158  
2356  893  17  6106  6113  6122  6147  6150  6152  6154  6158  6162  6168  6177  6180  6181  6187  6192  6194  6199  
2367  146  1  6152  
2405  46  3  6122  6140  6180  
2406  24  1  6140  
2440  49  1  6162  
2443  307  7  6106  6113  6122  6154  6162  6177  6180  
2445  164  2  6162  6199  
2458  103  1  6168  
2461  40  5  6140  6152  6159  6168  6169  
2537  29  1  6147  
2562  173  1  6140  
2565  6  1  6168  
2691  123  1  6113  
2692  11  1  6154  
2720  357  4  6124  6169  6187  6199  
2778  216  1  6154  
2802  48  2  6168  6180  
2831  81  1  6180  
2844  5  1  6192  
2999  69  2  6122  6180  
3017  51  4  6122  6158  6162  6180  
3029  18  1  6162  
3060  25  1  6180  
3076  63  1  6199  
3090  180  8  6122  6152  6168  6177  6181  6187  6192  6199  
3112  89  1  6180  
3144  271  6  6113  6122  6152  6180  6187  6192  
3154  166  1  6199  
3163  17  1  6177  
3173  42  1  6199  
3191  114  1  6154  
3214  64  1  6192  
3264  156  6  6113  6122  6150  6162  6180  6194  
3270  26  2  6187  6199  
3289  205  1  6180  
3308  63  1  6154  
3314  212  2  6180  6192  
3315  362  9  6140  6147  6150  6152  6154  6180  6181  6192  6199  
3334  10  1  6122  
3362  95  4  6142  6147  6154  6194  
3412  15  1  6162  
3443  232  2  6147  6154  
3446  27  1  6168  
3456  10  2  6187  6199  
3514  13  1  6180  
3544  33  3  6147  6181  6192  
3548  42  1  6162  
3583  85  1  6162  
3592  89  1  6187  
3596  90  2  6140  6161  
3607  20  1  6199  
3648  147  1  6187  
3652  104  1  6106  
3657  257  4  6168  6187  6192  6199  
3658  89  3  6177  6180  6192  
3674  131  2  6152  6181  
3680  17  1  6180  
3685  86  1  6162  
3704  155  1  6180  
3715  12  1  6150  
3749  84  1  6199  
3783  7  1  6181  
3810  42  1  6162  
3879  278  9  6113  6122  6152  6154  6162  6168  6181  6187  6199  
3903  32  1  6122  
3914  55  2  6122  6162  
3919  80  1  6180  
3926  6  1  6199  
3955  9  1  6180  
3975  15  1  6192  
3990  70  3  6152  6168  6199  
3994  202  4  6106  6113  6122  6192  
4004  9  2  6180  6199  
4008  22  1  6192  
4035  153  3  6113  6122  6180  
4039  50  2  6122  6150  
4071  19  1  6106  
4073  81  1  6154  
4152  228  6  6106  6122  6152  6168  6180  6181  
4176  46  1  6168  
4180  24  2  6113  6162  
4192  20  1  6180  
4220  121  4  6147  6154  6177  6180  
4259  7  1  6194  
4263  53  1  6180  
4266  14  1  6180  
4275  27  1  6113  
4281  20  1  6122  
4285  62  1  6180  
4288  73  5  6113  6124  6169  6187  6192  
4319  168  3  6140  6152  6169  
4320  78  1  6113  
4409  7  1  6150  
4422  31  2  6162  6180  
4427  214  4  6106  6152  6154  6180  
4437  60  2  6124  6187  
4439  25  1  6147  
4440  361  3  6122  6187  6199  
4453  53  3  6122  6162  6180  
4470  115  3  6152  6180  6199  
4481  10  1  6180  
4485  139  1  6150  
4487  4  1  6180  
4489  43  4  6147  6152  6180  6199  
4509  52  1  6177  
4514  26  5  6140  6152  6169  6181  6194  
4531  271  2  6147  6192  
4551  54  1  6199  
4552  127  7  6106  6152  6168  6169  6180  6192  6199  
4571  54  2  6161  6181  
4604  48  3  6122  6162  6180  
4607  29  1  6180  
4608  122  9  6140  6150  6152  6154  6159  6168  6169  6180  6192  
4614  217  4  6147  6154  6177  6180  
4623  211  5  6162  6168  6180  6187  6199  
4624  312  8  6122  6150  6152  6158  6180  6181  6187  6199  
4634  22  1  6113  
4635  15  1  6122  
4636  15  1  6122  
4663  24  1  6180  
4691  12  1  6122  
4706  6  1  6180  
4718  1  1  6180  
4727  24  1  6122  
4747  30  3  6113  6122  6162  
4780  17  1  6150  
4790  37  2  6140  6168  
4828  66  1  6159  
4831  63  4  6122  6147  6158  6177  
4832  26  2  6147  6177  
4836  17  2  6168  6199  
4853  16  1  6168  
4865  22  1  6180  
4866  21  1  6180  
4870  12  2  6180  6199  
4901  389  18  6106  6113  6122  6140  6147  6150  6152  6154  6158  6162  6168  6169  6177  6180  6181  6187  6192  6199  
4906  39  2  6169  6180  
4908  243  7  6152  6154  6168  6177  6181  6192  6199  
4919  137  4  6140  6162  6180  6187  
4951  105  2  6168  6192  
4962  30  2  6152  6192  
4981  15  1  6192  
4983  7  1  6180  
5012  139  3  6147  6150  6162  
5051  230  4  6152  6181  6187  6199  
5065  44  1  6199  
5069  10  1  6199  
5079  14  1  6140  
5108  9  1  6154  
5110  75  7  6122  6140  6147  6158  6180  6181  6187  
5112  42  1  6199  
5129  191  5  6106  6122  6162  6180  6199  
5133  222  10  6140  6147  6150  6152  6159  6162  6168  6180  6187  6194  
5135  385  16  6106  6113  6122  6140  6152  6158  6159  6162  6168  6177  6180  6181  6187  6192  6194  6199  
5137  33  2  6122  6199  
5139  83  1  6180  
5140  27  3  6181  6187  6199  
5143  29  1  6154  
5144  79  1  6192  
5147  144  5  6113  6122  6162  6180  6194  
5149  84  2  6181  6199  
5150  75  1  6124  
5155  98  1  6162  
5157  41  1  6152  
5169  41  1  6180  
5182  92  1  6162  
5212  10  1  6147  
5218  19  1  6150  
5224  52  4  6106  6113  6152  6180  
5239  33  1  6187  
5247  13  1  6199  
5268  7  1  6152  
5270  5  1  6180  
5294  81  4  6152  6180  6187  6199  
5295  20  1  6154  
5302  68  3  6152  6180  6192  
5309  10  1  6180  
5313  25  2  6152  6180  
5325  80  3  6150  6162  6180  
5335  39  1  6180  
5359  32  1  6180  
5363  54  2  6147  6180  
5382  26  2  6162  6187  
5477  53  2  6162  6180  
5480  31  3  6150  6158  6180  
5488  19  1  6180  
5495  75  4  6122  6152  6158  6180  
5497  35  1  6180  
5521  76  2  6152  6180  
5528  52  2  6154  6177  
5546  190  2  6168  6192  
5549  1  1  6147  
5554  19  3  6152  6154  6180  
5557  23  1  6180  
5563  108  6  6140  6169  6181  6187  6192  6199  
5574  17  1  6152  
5582  81  2  6168  6192  
5583  35  4  6154  6168  6169  6192  
5606  29  1  6140  
5617  21  1  6122  
5618  4  1  6154  
5622  11  1  6162  
5639  70  4  6150  6154  6192  6199  
5653  28  3  6168  6192  6199  
5654  2  1  6192  
5655  58  2  6122  6180  
5664  5  1  6140  
5674  10  2  6122  6180  
5676  85  2  6124  6192  
5684  101  8  6124  6147  6152  6154  6158  6180  6187  6199  
5691  12  1  6199  
5699  54  1  6152  
5706  33  3  6122  6152  6180  
5711  33  1  6199  
5712  8  1  6162  
5734  10  1  6180  
5737  29  2  6150  6152  
5740  35  1  6180  
5741  43  1  6180  
5743  58  3  6152  6154  6192  
5772  177  8  6106  6113  6122  6147  6158  6162  6180  6181  
5785  15  1  6187  
5786  7  1  6199  
5789  160  8  6140  6152  6158  6161  6168  6187  6192  6199  
5790  18  1  6140  
5792  91  5  6140  6168  6181  6187  6199  
5793  104  4  6180  6187  6192  6199  
5794  93  8  6140  6152  6168  6169  6181  6187  6192  6199  
5798  135  6  6106  6113  6147  6152  6154  6180  
5801  50  4  6154  6161  6181  6199  
5807  9  1  6147  
5817  3  1  6150  
5818  26  1  6194  
5831  29  2  6187  6192  
5840  6  1  6180  
5856  6  2  6122  6180  
5871  7  2  6162  6199  
5873  4  1  6180  
5874  100  4  6152  6154  6169  6177  
5893  33  1  6122  
5919  6  2  6150  6162  
5921  77  2  6113  6122  
5923  24  2  6106  6122  
5933  42  3  6154  6177  6180  
5945  6  1  6150  
5982  14  2  6169  6187  
5986  14  2  6106  6181  
5995  19  2  6122  6169  
6010  19  1  6150  
6019  31  2  6177  6180  
6021  28  1  6180  
6025  49  3  6187  6192  6199  
6026  191  9  6106  6113  6122  6152  6154  6162  6180  6187  6192  
6032  44  5  6152  6168  6169  6187  6192  
6033  95  6  6113  6152  6154  6162  6177  6180  
6035  54  1  6192  
6037  29  5  6122  6150  6154  6180  6192  
6042  16  1  6180  
6049  65  3  6152  6154  6199  
6054  57  3  6147  6152  6154  
6057  18  3  6152  6154  6181  
6063  47  4  6106  6122  6150  6180  
6067  2  1  6159  
6080  10  1  6194  
6081  41  4  6168  6180  6187  6199  
6088  7  2  6140  6152  
6093  18  3  6140  6152  6192  
6094  81  5  6106  6113  6122  6162  6180  
6113  10  1  6122  
6115  2  1  6122  
6120  4  1  6122  
6124  8  1  6152  
6127  13  2  6122  6147  
6132  1  1  6134  
6133  1  1  6134  
6137  2  1  6140  
6141  1  1  6142  
6143  14  1  6158  
6144  3  1  6158  
6145  36  4  6122  6147  6152  6158  
6146  21  3  6147  6152  6158  
6147  161  5  6122  6152  6158  6162  6180  
6148  1  1  6158  
6149  27  2  6106  6158  
6151  1  1  6158  
6152  142  13  6106  6113  6122  6147  6154  6158  6162  6177  6180  6181  6187  6192  6199  
6153  31  2  6147  6158  
6154  40  2  6152  6158  
6155  98  8  6106  6113  6122  6147  6152  6158  6162  6177  
6156  37  2  6152  6158  
6157  118  9  6106  6147  6150  6152  6154  6158  6162  6177  6180  
6161  4  1  6150  
6165  2  2  6168  6199  
6166  4  3  6168  6180  6199  
6167  1  1  6168  
6171  70  1  6192  
6175  123  5  6122  6147  6177  6181  6192  
6179  11  1  6154  
6180  93  2  6106  6152  
6183  5  1  6154  
6184  1  1  6187  
6185  18  1  6187  
6186  15  2  6187  6199  
6188  1  1  6192  
6189  15  1  6192  
6190  4  1  6192  
6191  2  1  6192  
6193  2  1  6199  
6194  5  2  6180  6199  
6195  1  1  6199  
6196  1  1  6199  
6197  12  1  6199  
6198  1  1  6199  
6204  18  1  6147  
6215  24  2  6122  6180  
6216  30  3  6122  6152  6162  
6231  10  3  6106  6122  6152  
6245  3  1  6150  
6250  9  1  6180  
6280  1  1  6124  
6281  1  1  6124  
6294  47  1  6180  
6300  101  4  6106  6147  6152  6154  
6305  23  1  6177  
6306  15  1  6150  
6308  21  1  6154  
6322  11  1  6154  
6331  5  2  6122  6152  
6334  19  2  6113  6154  
6335  89  4  6106  6122  6162  6180  
6355  27  2  6152  6180  
6356  2  1  6180  
6389  15  1  6180  
6403  4  1  6162  
6405  38  1  6150  
6406  7  1  6177  
6411  25  1  6122  
6414  24  2  6147  6162  
6415  52  3  6147  6150  6152  
6417  12  1  6180  
6418  5  1  6162  
6425  18  2  6150  6162  
6427  10  1  6152  
6453  10  1  6180  
6459  39  1  6122  
6509  16  1  6122  
6511  1  1  6177  
6512  3  1  6177  
6513  1  1  6177  
6524  1  1  6154  
6532  11  2  6106  6180  
6552  28  2  6106  6180  
6553  9  1  6150  
6566  33  1  6147  
6578  39  2  6147  6180  
6582  3  1  6180  
6587  6  1  6150  
6592  1  1  6122  
6603  10  1  6152  
6615  6  1  6147  
6616  14  1  6113  
6622  25  1  6122  
6623  5  1  6147  
6624  12  1  6147  
6625  2  1  6147  
6626  26  1  6122  
6627  36  1  6180  
6635  19  2  6162  6180  
6662  45  5  6106  6122  6150  6162  6180  
6671  13  1  6106  
6672  50  2  6122  6180  
6677  2  1  6106  
6678  2  1  6106  
6679  1  1  6106  
6681  2  1  6106  
6690  13  1  6106  
6692  11  1  6122  
6693  19  2  6113  6122  
6710  4  1  6106  
6711  7  2  6113  6122  
6726  6  1  6180  
6737  4  1  6180  
6738  1  1  6180  
6739  2  1  6180  
6740  1  1  6180  
6741  4  1  6180  
6742  1  1  6180  
6743  3  1  6180  
6744  1  1  6180  
6768  24  2  6122  6162  
6777  2  1  6113  
6782  11  1  6122  
6802  10  1  6150  
6806  4  1  6113  
6812  2  1  6113  
6813  3  1  6113  
6829  1  1  6122  
6830  2  1  6122  
6831  1  1  6122  
6832  1  1  6122  
6833  1  1  6122  
6834  1  1  6122  
6835  1  1  6113  
6916  20  1  6150  
6944  16  1  6150  
7073  1  1  6150  
7074  1  1  6150  
