8  743  2  5875  5896  
65  275  2  5806  5846  
67  164  1  5875  
82  195  1  5894  
93  24  2  5806  5894  
97  68  1  5831  
103  190  3  5831  5861  5875  
129  99  6  5802  5806  5834  5868  5883  5896  
136  94  1  5806  
138  18  1  5879  
147  28  1  5831  
155  9  1  5855  
163  123  1  5806  
251  31  1  5894  
293  321  1  5875  
301  199  1  5875  
317  46  1  5806  
401  79  1  5883  
431  732  13  5804  5806  5830  5831  5833  5846  5849  5850  5861  5875  5879  5883  5896  
494  142  1  5875  
548  214  1  5896  
606  158  1  5806  
635  118  1  5806  
661  264  1  5874  
676  232  9  5802  5806  5830  5831  5862  5879  5883  5893  5896  
680  93  1  5872  
702  773  5  5804  5831  5861  5875  5896  
724  317  1  5875  
758  165  1  5802  
783  99  1  5875  
785  91  4  5831  5862  5879  5896  
909  292  2  5806  5894  
917  297  1  5874  
928  8  2  5846  5874  
929  44  1  5831  
955  86  2  5806  5879  
959  49  1  5875  
960  41  1  5850  
972  196  3  5831  5879  5896  
987  95  8  5804  5830  5831  5834  5861  5862  5883  5896  
1009  305  5  5831  5872  5874  5893  5896  
1030  37  1  5831  
1054  472  3  5804  5874  5875  
1066  599  6  5806  5831  5862  5874  5875  5879  
1110  218  1  5875  
1261  462  1  5806  
1355  72  1  5879  
1421  244  1  5806  
1427  587  1  5806  
1485  68  1  5806  
1558  25  1  5896  
1571  112  1  5881  
1616  76  1  5806  
1629  47  5  5804  5831  5861  5862  5883  
1660  38  2  5893  5896  
1663  48  2  5831  5875  
1664  20  1  5875  
1674  43  1  5861  
1683  49  1  5875  
1694  73  1  5806  
1749  51  1  5861  
1798  29  1  5804  
1826  29  1  5872  
1834  36  2  5868  5896  
1845  63  1  5806  
1971  145  1  5806  
2045  28  1  5806  
2059  108  1  5806  
2066  38  1  5893  
2080  58  1  5874  
2090  32  2  5883  5896  
2138  215  1  5831  
2156  4  1  5829  
2177  189  6  5804  5806  5831  5879  5883  5893  
2188  71  2  5831  5879  
2222  7  1  5802  
2240  50  1  5861  
2280  8  1  5806  
2299  30  1  5806  
2303  46  1  5806  
2313  44  1  5806  
2340  105  1  5861  
2351  180  1  5831  
2356  893  7  5806  5831  5872  5874  5879  5893  5894  
2440  49  1  5875  
2443  307  3  5806  5831  5894  
2461  40  1  5893  
2471  618  4  5804  5831  5862  5896  
2579  19  1  5806  
2613  44  1  5883  
2691  123  1  5846  
2720  357  4  5804  5834  5861  5893  
2731  28  3  5806  5879  5894  
2746  43  1  5875  
2761  44  1  5881  
2774  189  4  5833  5834  5849  5850  
2778  216  1  5894  
2827  37  2  5806  5861  
2875  49  2  5806  5894  
3014  10  2  5831  5875  
3017  51  1  5806  
3029  18  1  5806  
3039  5  1  5874  
3058  35  1  5804  
3060  25  1  5806  
3090  180  7  5804  5806  5861  5872  5875  5879  5893  
3137  88  4  5804  5806  5830  5861  
3144  271  5  5806  5874  5879  5882  5893  
3150  319  4  5830  5861  5882  5883  
3153  241  1  5893  
3154  166  1  5850  
3156  92  2  5831  5861  
3159  54  2  5804  5806  
3174  102  1  5896  
3209  71  1  5806  
3223  2  1  5879  
3264  156  3  5831  5844  5875  
3270  26  1  5893  
3284  24  1  5875  
3289  205  1  5875  
3314  212  1  5896  
3315  362  13  5802  5804  5806  5830  5831  5861  5862  5874  5875  5879  5880  5893  5896  
3334  10  1  5806  
3362  95  1  5831  
3407  4  1  5894  
3428  22  1  5893  
3443  232  2  5806  5879  
3462  2  1  5806  
3498  82  1  5861  
3544  33  2  5802  5806  
3551  15  1  5802  
3596  90  3  5831  5875  5880  
3648  147  1  5831  
3652  104  1  5869  
3653  68  1  5896  
3657  257  3  5804  5861  5883  
3658  89  3  5806  5874  5893  
3672  27  1  5806  
3674  131  1  5861  
3685  86  2  5806  5879  
3704  155  1  5874  
3738  12  2  5875  5896  
3742  76  2  5806  5883  
3783  7  1  5893  
3789  5  1  5806  
3810  42  1  5879  
3852  23  1  5875  
3870  38  1  5861  
3879  278  3  5831  5875  5879  
3906  40  1  5896  
3919  80  1  5806  
3929  39  2  5806  5894  
3952  3  1  5893  
3990  70  2  5806  5893  
3994  202  2  5806  5872  
4035  153  7  5806  5831  5875  5879  5882  5883  5896  
4039  50  1  5806  
4054  2  1  5806  
4073  81  2  5874  5879  
4083  100  1  5868  
4102  40  1  5869  
4122  71  5  5806  5862  5875  5879  5896  
4152  228  3  5806  5831  5894  
4176  46  1  5831  
4183  13  1  5893  
4187  96  4  5802  5804  5806  5849  
4220  121  1  5875  
4248  38  1  5896  
4263  53  2  5831  5875  
4266  14  1  5875  
4281  20  1  5894  
4285  62  3  5806  5831  5862  
4288  73  3  5802  5806  5893  
4304  46  1  5875  
4315  101  1  5879  
4319  168  4  5802  5831  5880  5883  
4320  78  2  5861  5879  
4367  28  1  5831  
4380  79  1  5850  
4384  169  2  5875  5896  
4408  2  1  5874  
4409  7  1  5806  
4427  214  3  5806  5831  5894  
4437  60  1  5846  
4440  361  10  5804  5806  5829  5833  5846  5861  5875  5879  5880  5883  
4446  44  1  5831  
4453  53  1  5883  
4470  115  4  5802  5831  5875  5879  
4480  14  1  5806  
4485  139  1  5883  
4486  172  9  5802  5804  5806  5829  5830  5831  5875  5879  5883  
4489  43  1  5831  
4497  5  1  5804  
4509  52  1  5872  
4514  26  1  5806  
4521  2  1  5879  
4531  271  8  5804  5831  5861  5874  5875  5879  5893  5896  
4551  54  1  5845  
4552  127  2  5806  5879  
4569  69  1  5875  
4571  54  2  5806  5874  
4586  16  2  5831  5893  
4606  41  2  5879  5896  
4608  122  5  5806  5831  5845  5874  5893  
4612  101  2  5831  5868  
4613  19  3  5831  5850  5875  
4614  217  4  5806  5831  5874  5875  
4620  152  5  5804  5831  5861  5879  5896  
4623  211  4  5804  5831  5861  5875  
4624  312  3  5806  5831  5875  
4625  80  1  5862  
4629  10  1  5894  
4631  32  1  5831  
4636  15  1  5831  
4648  21  1  5806  
4656  17  1  5806  
4673  2  1  5894  
4680  33  2  5802  5868  
4715  61  3  5874  5875  5896  
4730  32  1  5804  
4780  17  1  5894  
4790  37  1  5872  
4800  40  2  5874  5875  
4822  4  1  5846  
4828  66  3  5850  5868  5875  
4831  63  2  5831  5875  
4837  19  1  5806  
4847  2  1  5806  
4901  389  8  5804  5806  5831  5861  5872  5874  5875  5893  
4908  243  9  5804  5806  5831  5861  5875  5879  5880  5881  5893  
4919  137  1  5893  
4925  8  1  5806  
4927  46  1  5806  
4951  105  6  5806  5831  5861  5875  5879  5896  
4962  30  4  5833  5849  5881  5883  
4977  66  3  5875  5879  5896  
4992  36  1  5831  
5012  139  3  5861  5883  5893  
5046  21  2  5806  5829  
5050  50  5  5806  5831  5862  5879  5896  
5051  230  9  5804  5806  5830  5831  5833  5861  5868  5875  5896  
5060  11  1  5868  
5080  45  1  5850  
5099  9  1  5893  
5100  4  1  5861  
5106  4  1  5806  
5108  9  1  5806  
5110  75  1  5806  
5123  5  1  5875  
5129  191  3  5831  5875  5896  
5133  222  9  5802  5804  5806  5831  5872  5875  5883  5893  5894  
5135  385  13  5802  5804  5806  5830  5831  5850  5861  5872  5874  5875  5883  5893  5896  
5137  33  2  5806  5829  
5139  83  5  5831  5850  5882  5894  5896  
5143  29  1  5875  
5144  79  3  5806  5883  5893  
5147  144  5  5806  5831  5861  5874  5875  
5149  84  3  5806  5862  5893  
5150  75  1  5879  
5152  61  1  5804  
5153  20  1  5872  
5155  98  3  5804  5806  5830  
5157  41  2  5831  5875  
5169  41  3  5806  5830  5872  
5182  92  2  5804  5806  
5186  24  1  5804  
5191  50  2  5861  5879  
5192  27  2  5806  5831  
5213  2  1  5806  
5235  10  1  5806  
5239  33  1  5831  
5241  42  3  5831  5861  5875  
5256  4  2  5806  5883  
5260  3  1  5879  
5277  8  2  5806  5874  
5294  81  3  5804  5806  5831  
5296  10  1  5869  
5302  68  3  5806  5811  5862  
5319  3  1  5846  
5325  80  4  5806  5831  5862  5893  
5331  6  1  5806  
5363  54  1  5806  
5372  18  2  5868  5879  
5382  26  1  5875  
5410  7  1  5896  
5438  14  2  5802  5830  
5476  31  3  5831  5879  5883  
5477  53  1  5806  
5478  4  1  5881  
5479  18  2  5806  5875  
5480  31  1  5875  
5482  17  1  5804  
5488  19  1  5874  
5495  75  2  5831  5875  
5497  35  4  5802  5806  5831  5862  
5519  88  2  5874  5893  
5520  11  1  5806  
5521  76  4  5806  5831  5874  5893  
5528  52  1  5893  
5542  78  7  5806  5831  5874  5875  5879  5893  5896  
5546  190  9  5804  5806  5831  5861  5862  5874  5875  5879  5883  
5552  10  1  5830  
5554  19  1  5831  
5563  108  7  5806  5831  5834  5875  5879  5882  5893  
5574  17  1  5896  
5582  81  5  5806  5831  5861  5879  5896  
5583  35  1  5893  
5590  17  1  5831  
5591  2  1  5896  
5602  8  1  5806  
5617  21  1  5806  
5621  23  2  5806  5834  
5622  11  1  5806  
5639  70  1  5806  
5653  28  1  5834  
5655  58  1  5861  
5656  6  1  5875  
5673  28  8  5802  5804  5829  5833  5868  5879  5880  5881  
5676  85  5  5806  5831  5875  5883  5893  
5678  22  2  5802  5806  
5699  54  4  5831  5879  5883  5893  
5706  33  2  5806  5831  
5711  33  1  5806  
5713  17  1  5806  
5725  21  1  5831  
5731  5  1  5830  
5740  35  1  5861  
5741  43  1  5893  
5743  58  1  5806  
5755  10  1  5861  
5771  12  1  5875  
5772  177  2  5806  5872  
5780  10  2  5804  5806  
5783  18  2  5831  5868  
5789  160  2  5874  5893  
5790  18  1  5874  
5792  91  1  5806  
5793  104  1  5806  
5794  93  2  5806  5893  
5796  5  1  5893  
5798  135  2  5831  5872  
5799  3  1  5806  
5800  9  4  5806  5831  5846  5875  
5801  50  2  5806  5830  
5805  1  1  5806  
5807  9  1  5806  
5808  2  1  5806  
5810  1  1  5811  
5824  7  1  5831  
5826  11  1  5875  
5828  1  1  5829  
5831  29  2  5861  5875  
5832  6  2  5861  5875  
5847  3  3  5846  5849  5850  
5848  1  1  5849  
5851  1  1  5855  
5852  1  1  5855  
5853  1  1  5855  
5854  1  1  5855  
5859  1  1  5861  
5860  1  1  5861  
5863  1  1  5862  
5864  10  1  5862  
5870  2  1  5875  
5871  7  1  5875  
5872  11  1  5875  
5873  4  1  5875  
5874  100  3  5831  5875  5893  
5876  4  1  5879  
5877  1  1  5879  
5878  3  1  5879  
5887  1  1  5831  
5888  1  1  5831  
5889  1  1  5831  
5890  1  1  5831  
5892  1  1  5896  
5893  33  1  5896  
5894  1  1  5896  
5895  1  1  5896  
5899  2  1  5893  
5933  42  1  5806  
5936  11  1  5806  
5986  14  1  5806  
5989  11  1  5806  
6002  15  1  5806  
6010  19  1  5806  
6025  49  3  5806  5874  5893  
6026  191  4  5806  5831  5872  5874  
6030  5  1  5874  
6032  44  3  5806  5874  5893  
6033  95  4  5806  5831  5874  5893  
6036  3  1  5806  
6049  65  3  5806  5831  5893  
6054  57  2  5806  5831  
6057  18  1  5806  
6058  68  2  5806  5831  
6093  18  1  5893  
6095  19  3  5806  5874  5893  
6106  13  1  5806  
6139  7  1  5806  
6143  14  1  5806  
6145  36  1  5872  
6146  21  1  5872  
6147  161  3  5806  5872  5894  
6150  5  1  5806  
6152  142  4  5831  5872  5874  5893  
6153  31  1  5806  
6154  40  1  5872  
6155  98  3  5806  5831  5872  
6157  118  2  5806  5831  
6161  4  1  5806  
6171  70  1  5893  
6175  123  4  5806  5831  5893  5894  
6178  2  1  5806  
6180  93  2  5831  5893  
6182  1  1  5806  
6183  5  1  5806  
6185  18  1  5874  
6189  15  1  5831  
6204  18  1  5872  
6205  7  1  5874  
6250  9  1  5874  
6261  9  1  5831  
6293  1  1  5831  
6294  47  1  5831  
6295  4  1  5831  
6296  12  1  5831  
6297  7  1  5831  
6298  7  1  5831  
6299  4  1  5831  
6300  101  2  5831  5872  
6312  1  1  5893  
6324  6  2  5806  5874  
6329  3  1  5874  
6335  89  1  5894  
6347  4  1  5874  
6355  27  1  5806  
6358  1  1  5874  
6415  52  2  5806  5894  
6422  5  1  5872  
6493  27  1  5872  
6542  31  1  5872  
6554  19  1  5872  
6566  33  1  5872  
6587  6  1  5806  
6609  6  1  5872  
6619  1  1  5872  
6623  5  1  5894  
6626  26  1  5806  
6630  13  1  5806  
6639  19  1  5806  
6657  30  1  5806  
6662  45  1  5806  
6672  50  1  5806  
6680  13  1  5806  
6709  4  1  5806  
6723  12  1  5806  
6725  9  1  5894  
6734  1  1  5869  
6735  1  1  5869  
6736  1  1  5869  
6797  30  2  5806  5894  
6798  21  1  5894  
6800  6  1  5806  
6818  2  1  5806  
6821  3  1  5806  
6822  4  1  5806  
6830  2  1  5806  
6854  3  1  5806  
6905  1  1  5806  
6908  7  1  5806  
6910  20  2  5806  5894  
6913  9  1  5894  
6917  2  1  5806  
6944  16  1  5806  
6966  13  1  5806  
7006  2  1  5806  
7049  11  1  5894  
7057  6  1  5806  
7072  6  1  5806  
7079  1  1  5806  
7080  1  1  5806  
7081  1  1  5806  
7082  1  1  5806  
7083  1  1  5806  
7084  1  1  5894  
7085  1  1  5894  
