3  302  2  5914  5937  
17  187  1  5929  
21  309  3  5969  5986  5998  
65  275  3  5923  5933  5968  
67  164  5  5923  5937  5968  5969  5986  
93  24  2  5914  5923  
97  68  1  5968  
103  190  6  5914  5919  5923  5935  5968  5990  
129  99  3  5926  5949  5986  
136  94  2  5919  5933  
158  93  2  5969  5986  
164  334  1  5969  
188  17  1  5933  
224  41  1  5929  
246  56  2  5969  5974  
293  321  1  5919  
301  199  2  5923  5990  
328  86  1  5933  
372  42  1  5998  
383  34  1  5923  
384  145  1  5919  
401  79  8  5919  5947  5949  5953  5957  5968  5969  5986  
408  157  2  5929  5968  
410  6  1  5968  
431  732  11  5919  5923  5929  5932  5933  5935  5947  5968  5974  5990  5998  
494  142  2  5933  5974  
528  30  1  5933  
548  214  3  5923  5969  5986  
578  150  1  5998  
581  25  1  5969  
606  158  1  5933  
635  118  1  5919  
637  100  1  5933  
661  264  1  5933  
676  232  11  5909  5914  5919  5921  5929  5933  5936  5947  5949  5968  5986  
680  93  1  5968  
702  773  8  5919  5923  5932  5933  5937  5968  5990  5998  
705  146  1  5974  
724  317  1  5986  
739  90  1  5919  
770  7  2  5933  5937  
785  91  2  5969  5986  
822  26  1  5929  
834  12  1  5936  
871  29  1  5968  
909  292  1  5909  
917  297  1  5929  
951  39  2  5923  5969  
955  86  2  5969  5986  
978  29  1  5968  
987  95  7  5905  5918  5919  5935  5983  5990  5998  
1009  305  8  5914  5932  5933  5936  5937  5950  5986  5990  
1038  399  1  5969  
1054  472  3  5933  5968  5998  
1066  599  4  5933  5936  5968  5986  
1085  43  1  5937  
1110  218  2  5937  5990  
1140  35  1  5998  
1211  181  1  5936  
1246  20  1  5919  
1253  7  1  5937  
1261  462  8  5923  5932  5933  5936  5937  5947  5983  5986  
1272  35  1  5969  
1282  199  1  5937  
1355  72  1  5914  
1357  91  1  5969  
1421  244  1  5968  
1427  587  3  5923  5937  5968  
1481  355  2  5919  5923  
1485  68  4  5929  5932  5968  5969  
1515  48  1  5914  
1518  19  1  5933  
1532  66  1  5986  
1571  112  3  5919  5969  5998  
1601  42  1  5923  
1629  47  8  5905  5919  5926  5935  5953  5968  5969  5983  
1660  38  2  5923  5968  
1683  49  1  5990  
1694  73  2  5969  5974  
1732  13  1  5914  
1774  5  1  5936  
1809  13  1  5912  
1826  29  1  5998  
1971  145  2  5933  5986  
2008  61  1  5968  
2059  108  2  5923  5968  
2073  247  1  5950  
2075  95  1  5937  
2080  58  2  5933  5969  
2090  32  1  5947  
2091  8  1  5957  
2111  67  1  5968  
2138  215  4  5919  5923  5932  5968  
2177  189  2  5914  5936  
2184  26  1  5923  
2188  71  1  5969  
2219  6  1  5935  
2252  42  3  5921  5933  5968  
2256  31  1  5919  
2283  324  2  5929  5968  
2299  30  1  5969  
2301  100  1  5919  
2303  46  1  5909  
2329  47  1  5968  
2355  50  1  5969  
2356  893  14  5909  5914  5919  5923  5929  5932  5936  5937  5968  5969  5983  5986  5990  5998  
2405  46  2  5933  5937  
2406  24  3  5914  5969  5983  
2407  8  2  5919  5936  
2445  164  3  5969  5974  5998  
2461  40  2  5937  5968  
2471  618  8  5926  5932  5947  5953  5969  5983  5986  5998  
2472  38  1  5969  
2476  149  3  5937  5986  5998  
2490  103  1  5933  
2546  46  1  5968  
2562  173  2  5969  5998  
2585  18  1  5929  
2598  5  1  5933  
2613  44  2  5968  5983  
2616  16  1  5937  
2647  14  1  5937  
2666  57  2  5923  5968  
2691  123  3  5905  5929  5933  
2720  357  5  5914  5923  5986  5990  5998  
2729  44  1  5923  
2735  55  1  5968  
2746  43  2  5968  5974  
2756  123  2  5919  5932  
2761  44  2  5933  5998  
2778  216  5  5909  5919  5923  5933  5969  
2802  48  2  5929  5969  
2823  62  2  5969  5998  
2829  12  1  5933  
2831  81  1  5923  
2875  49  1  5909  
2964  28  1  5969  
3017  51  1  5909  
3029  18  2  5929  5933  
3060  25  1  5905  
3090  180  9  5919  5923  5932  5933  5937  5968  5986  5990  5998  
3101  10  1  5923  
3137  88  1  5990  
3142  21  1  5933  
3144  271  3  5914  5933  5968  
3146  314  1  5998  
3150  319  6  5919  5926  5949  5953  5965  5968  
3153  241  2  5968  5998  
3154  166  1  5969  
3156  92  2  5968  5998  
3209  71  1  5919  
3212  16  1  5986  
3245  40  1  5968  
3254  4  1  5986  
3264  156  5  5919  5929  5933  5968  5969  
3265  15  3  5983  5986  5998  
3284  24  2  5919  5969  
3307  82  1  5933  
3314  212  7  5919  5926  5932  5949  5986  5990  5998  
3315  362  12  5914  5919  5923  5932  5936  5947  5968  5969  5983  5986  5990  5998  
3316  44  1  5914  
3330  39  1  5937  
3337  20  1  5937  
3362  95  1  5969  
3423  10  1  5937  
3428  22  1  5933  
3442  99  1  5969  
3446  27  1  5968  
3447  46  1  5968  
3465  53  1  5909  
3466  94  3  5912  5968  5969  
3514  13  1  5933  
3583  85  1  5969  
3585  15  1  5923  
3592  89  1  5968  
3596  90  1  5990  
3601  145  1  5905  
3607  20  1  5998  
3631  21  1  5936  
3648  147  2  5929  5998  
3657  257  3  5914  5923  5937  
3674  131  3  5919  5947  5968  
3685  86  2  5919  5988  
3704  155  2  5919  5936  
3762  9  2  5936  5968  
3810  42  3  5923  5974  5998  
3848  11  1  5969  
3852  23  1  5935  
3879  278  6  5923  5933  5968  5969  5990  5998  
3895  7  1  5998  
3906  40  3  5936  5969  5986  
3919  80  1  5929  
3929  39  1  5986  
3952  3  1  5905  
3988  3  1  5919  
3990  70  1  5936  
4004  9  1  5969  
4008  22  1  5968  
4035  153  2  5923  5933  
4064  14  1  5905  
4073  81  1  5937  
4083  100  1  5914  
4122  71  2  5914  5986  
4147  5  1  5929  
4152  228  2  5929  5990  
4176  46  1  5923  
4180  24  1  5929  
4197  23  1  5936  
4220  121  5  5936  5947  5969  5986  5990  
4225  62  1  5968  
4263  53  2  5933  5968  
4266  14  1  5968  
4281  20  2  5932  5969  
4285  62  3  5932  5968  5998  
4286  2  1  5998  
4315  101  1  5933  
4319  168  10  5914  5932  5937  5947  5957  5968  5983  5986  5990  5998  
4320  78  3  5905  5935  5987  
4324  6  1  5937  
4334  24  1  5937  
4371  5  2  5919  5969  
4384  169  1  5968  
4414  3  1  5923  
4415  6  1  5933  
4422  31  2  5933  5968  
4427  214  1  5929  
4437  60  2  5905  5919  
4440  361  9  5919  5923  5926  5932  5933  5937  5950  5990  5998  
4446  44  1  5968  
4453  53  2  5923  5937  
4464  19  2  5968  5998  
4470  115  3  5923  5933  5968  
4475  14  1  5986  
4486  172  13  5905  5914  5918  5919  5932  5935  5936  5937  5947  5969  5983  5986  5990  
4489  43  2  5912  5933  
4505  6  2  5986  5998  
4509  52  2  5929  5968  
4514  26  1  5933  
4531  271  7  5914  5923  5927  5933  5968  5969  5986  
4548  2  1  5933  
4552  127  5  5929  5937  5968  5969  5998  
4555  33  1  5968  
4569  69  1  5933  
4571  54  1  5986  
4604  48  1  5968  
4608  122  4  5926  5936  5950  5968  
4612  101  1  5923  
4614  217  5  5914  5933  5968  5986  5990  
4620  152  16  5905  5914  5919  5926  5932  5933  5935  5936  5947  5950  5968  5969  5983  5986  5990  5998  
4623  211  11  5919  5923  5932  5933  5937  5947  5968  5969  5986  5990  5998  
4624  312  4  5923  5933  5968  5986  
4628  18  1  5950  
4631  32  3  5953  5968  5983  
4646  8  1  5968  
4648  21  1  5968  
4663  24  1  5929  
4672  44  1  5968  
4680  33  4  5914  5968  5974  5990  
4694  9  1  5969  
4702  21  1  5914  
4715  61  2  5936  5990  
4727  24  1  5923  
4739  6  1  5969  
4780  17  1  5929  
4790  37  1  5937  
4800  40  1  5969  
4814  48  2  5936  5968  
4820  6  1  5969  
4822  4  1  5933  
4828  66  5  5932  5935  5937  5986  5988  
4836  17  1  5990  
4837  19  1  5968  
4839  2  1  5969  
4860  28  1  5968  
4863  12  1  5937  
4865  22  1  5937  
4866  21  1  5933  
4870  12  2  5969  5998  
4901  389  13  5914  5919  5923  5929  5933  5936  5937  5968  5969  5983  5986  5990  5998  
4908  243  12  5919  5923  5926  5932  5937  5947  5968  5969  5983  5986  5990  5998  
4909  26  4  5923  5968  5969  5998  
4919  137  7  5923  5933  5937  5968  5986  5990  5998  
4923  10  2  5919  5937  
4926  8  2  5969  5998  
4927  46  3  5909  5929  5990  
4951  105  5  5923  5932  5933  5969  5986  
4962  30  2  5932  5957  
4969  7  1  5914  
4970  11  1  5974  
4973  16  1  5932  
4979  7  1  5929  
4992  36  1  5990  
5012  139  5  5905  5937  5953  5968  5969  
5013  5  1  5965  
5046  21  3  5914  5933  5986  
5051  230  9  5914  5919  5923  5932  5937  5947  5986  5990  5998  
5065  44  1  5969  
5068  3  1  5932  
5079  14  1  5923  
5080  45  5  5914  5923  5926  5969  5998  
5098  3  1  5968  
5110  75  3  5923  5983  5986  
5129  191  8  5919  5923  5932  5933  5968  5969  5990  5998  
5133  222  11  5918  5923  5929  5932  5933  5936  5937  5950  5968  5990  5998  
5135  385  14  5914  5919  5923  5926  5929  5933  5936  5947  5950  5953  5968  5983  5990  5998  
5137  33  2  5914  5933  
5139  83  4  5906  5921  5926  5936  
5140  27  2  5914  5949  
5143  29  1  5998  
5144  79  7  5914  5968  5969  5983  5986  5990  5998  
5145  41  2  5933  5986  
5147  144  9  5909  5923  5929  5933  5937  5950  5968  5986  5998  
5149  84  3  5947  5968  5986  
5150  75  3  5914  5968  5986  
5151  67  3  5969  5983  5998  
5152  61  1  5929  
5155  98  5  5923  5936  5968  5986  5998  
5157  41  2  5937  5986  
5182  92  1  5937  
5183  16  1  5912  
5191  50  2  5923  5968  
5218  19  1  5919  
5228  10  1  5929  
5239  33  2  5936  5968  
5241  42  4  5949  5983  5986  5998  
5279  4  1  5969  
5293  2  1  5938  
5294  81  1  5923  
5295  20  2  5923  5969  
5300  6  1  5968  
5302  68  1  5932  
5309  10  1  5929  
5325  80  5  5914  5918  5923  5933  5968  
5356  4  1  5929  
5372  18  1  5969  
5379  5  1  5937  
5382  26  1  5968  
5401  24  3  5923  5933  5968  
5423  13  2  5929  5968  
5437  3  1  5986  
5439  10  1  5968  
5454  3  1  5969  
5460  14  3  5936  5937  5968  
5470  3  1  5949  
5476  31  1  5932  
5477  53  1  5933  
5480  31  1  5929  
5488  19  2  5933  5969  
5495  75  4  5933  5937  5968  5990  
5497  35  2  5923  5968  
5519  88  6  5914  5919  5921  5936  5968  5998  
5520  11  2  5953  5957  
5521  76  2  5923  5968  
5528  52  2  5936  5968  
5542  78  7  5905  5932  5933  5935  5936  5968  5969  
5546  190  12  5909  5919  5926  5929  5932  5933  5936  5937  5947  5983  5986  5990  
5552  10  1  5914  
5554  19  1  5968  
5557  23  2  5953  5998  
5559  44  5  5932  5933  5936  5968  5998  
5563  108  7  5914  5932  5933  5949  5968  5969  5998  
5574  17  3  5926  5936  5998  
5582  81  9  5914  5921  5923  5933  5968  5974  5986  5990  5998  
5590  17  5  5919  5932  5969  5983  5986  
5594  3  1  5983  
5606  29  5  5919  5923  5969  5983  5998  
5609  2  1  5919  
5621  23  1  5949  
5622  11  2  5912  5919  
5633  3  1  5947  
5639  70  3  5936  5968  5986  
5653  28  1  5998  
5655  58  1  5909  
5664  5  1  5937  
5673  28  2  5905  5936  
5676  85  4  5914  5923  5933  5968  
5677  4  1  5905  
5678  22  2  5919  5998  
5680  2  1  5937  
5684  101  6  5909  5914  5937  5968  5969  5990  
5690  17  1  5947  
5699  54  7  5914  5936  5947  5953  5968  5969  5983  
5706  33  2  5933  5968  
5710  29  11  5919  5926  5932  5936  5947  5953  5957  5969  5974  5986  5998  
5711  33  2  5923  5968  
5713  17  2  5937  5947  
5714  11  4  5919  5932  5949  5974  
5725  21  3  5918  5936  5983  
5737  29  1  5968  
5740  35  2  5921  5968  
5741  43  3  5919  5936  5968  
5743  58  2  5968  5990  
5771  12  1  5968  
5772  177  4  5909  5923  5932  5936  
5783  18  2  5919  5927  
5785  15  1  5933  
5786  7  1  5914  
5789  160  13  5914  5919  5921  5923  5932  5933  5936  5937  5968  5969  5983  5986  5998  
5792  91  5  5914  5929  5933  5968  5990  
5793  104  6  5914  5923  5933  5936  5968  5986  
5794  93  5  5923  5933  5937  5968  5990  
5798  135  2  5929  5968  
5801  50  6  5937  5953  5969  5974  5983  5986  
5807  9  1  5933  
5818  26  4  5933  5986  5990  5998  
5824  7  1  5933  
5826  11  1  5923  
5827  5  2  5929  5969  
5831  29  1  5969  
5835  4  1  5968  
5858  2  1  5919  
5874  100  7  5919  5923  5933  5936  5947  5968  5969  
5876  4  2  5927  5998  
5884  12  4  5919  5969  5983  5998  
5893  33  8  5923  5932  5935  5968  5969  5983  5990  5998  
5902  2  1  5907  
5905  2  1  5923  
5920  2  1  5969  
5921  77  8  5932  5936  5947  5950  5953  5968  5969  5983  
5923  24  1  5968  
5924  3  1  5919  
5925  3  1  5986  
5930  8  2  5936  5969  
5933  42  3  5937  5986  5990  
5934  1  1  5935  
5936  11  1  5968  
5946  3  2  5905  5947  
5948  6  2  5919  5949  
5951  1  1  5953  
5952  1  1  5953  
5954  1  1  5919  
5955  1  1  5919  
5956  2  1  5919  
5958  4  1  5932  
5967  4  1  5969  
5970  2  1  5969  
5971  1  1  5969  
5972  1  1  5969  
5979  2  2  5968  5983  
5980  6  3  5983  5986  5990  
5981  1  1  5983  
5982  14  4  5923  5933  5983  5998  
5985  1  1  5986  
5986  14  1  5968  
5989  11  1  5990  
5995  19  2  5968  5998  
5999  3  1  5998  
6010  19  1  5933  
6011  7  1  5937  
6015  6  1  5968  
6018  2  1  5923  
6025  49  3  5933  5936  5968  
6026  191  4  5929  5933  5936  5968  
6030  5  1  5923  
6031  3  1  5937  
6032  44  3  5923  5933  5968  
6033  95  3  5929  5933  5968  
6037  29  1  5929  
6049  65  3  5914  5933  5968  
6054  57  2  5914  5933  
6058  68  1  5929  
6059  1  1  5914  
6061  5  2  5914  5937  
6077  6  1  5933  
6080  10  2  5933  5937  
6081  41  2  5923  5933  
6088  7  1  5937  
6093  18  1  5936  
6094  81  3  5923  5933  5937  
6095  19  1  5933  
6096  1  1  5937  
6099  1  1  5923  
6100  1  1  5923  
6101  1  1  5923  
6102  1  1  5923  
6103  2  1  5923  
6104  1  1  5923  
6105  1  1  5923  
6106  13  1  5923  
6107  1  1  5923  
6108  1  1  5923  
6109  1  1  5923  
6110  1  1  5923  
6111  1  1  5923  
6112  3  1  5923  
6113  10  2  5923  5933  
6114  1  1  5923  
6115  2  1  5923  
6116  1  1  5923  
6117  1  1  5923  
6118  1  1  5923  
6119  1  1  5923  
6120  4  1  5923  
6121  3  3  5923  5929  5968  
6122  15  1  5923  
6123  1  1  5923  
6124  8  1  5923  
6125  3  1  5923  
6126  1  1  5923  
6127  13  1  5923  
6128  1  1  5923  
6129  1  1  5923  
6130  2  1  5923  
6145  36  1  5936  
6147  161  2  5909  5929  
6152  142  2  5936  5968  
6160  3  1  5968  
6162  16  2  5933  5968  
6171  70  1  5909  
6175  123  3  5909  5929  5933  
6180  93  3  5905  5933  5968  
6189  15  1  5933  
6205  7  1  5968  
6212  2  1  5933  
6213  11  2  5933  5968  
6215  24  1  5968  
6216  30  2  5933  5968  
6244  4  1  5936  
6266  14  2  5936  5968  
6310  21  2  5933  5968  
6323  1  1  5933  
6324  6  1  5933  
6325  1  1  5933  
6326  1  1  5933  
6327  1  1  5933  
6328  5  1  5933  
6329  3  1  5933  
6333  4  1  5968  
6335  89  1  5929  
6348  39  1  5968  
6355  27  2  5909  5968  
6364  15  1  5968  
6371  6  1  5968  
6372  2  1  5968  
6376  15  2  5936  5968  
6381  12  1  5968  
6384  1  1  5968  
6385  2  1  5968  
6386  1  1  5968  
6387  21  1  5968  
6388  2  1  5968  
6389  15  1  5968  
6390  1  1  5968  
6391  4  1  5968  
6392  1  1  5968  
6397  1  1  5936  
6440  7  1  5929  
6459  39  1  5909  
6493  27  1  5929  
6509  16  1  5929  
6616  14  1  5909  
6622  25  1  5909  
6627  36  1  5909  
6698  35  1  5929  
6864  15  1  5909  
6893  1  1  5929  
6900  19  1  5929  
6916  20  1  5929  
6930  4  1  5929  
6943  1  1  5929  
6944  16  1  5929  
6945  1  1  5929  
6946  1  1  5929  
