3  302  1  6591  
12  50  1  6591  
33  227  1  6591  
57  9  1  6586  
65  275  4  6532  6537  6584  6591  
67  164  2  6584  6591  
81  122  1  6537  
93  24  3  6549  6560  6591  
97  68  2  6537  6582  
103  190  3  6537  6584  6591  
116  213  1  6537  
121  132  1  6591  
126  10  1  6591  
129  99  2  6537  6584  
147  28  2  6559  6571  
158  93  1  6549  
173  79  1  6584  
218  50  1  6537  
251  31  1  6559  
263  76  1  6591  
293  321  3  6584  6586  6591  
317  46  1  6559  
372  42  2  6510  6537  
401  79  3  6537  6559  6591  
431  732  6  6523  6532  6537  6540  6559  6586  
493  24  1  6584  
528  30  1  6559  
577  55  1  6559  
610  19  1  6537  
661  264  1  6537  
676  232  10  6514  6532  6537  6544  6549  6560  6562  6582  6584  6591  
686  66  3  6559  6582  6591  
698  50  3  6559  6584  6591  
702  773  5  6508  6540  6582  6586  6591  
779  4  1  6591  
781  39  1  6591  
785  91  1  6584  
871  29  1  6586  
888  16  1  6584  
909  292  1  6584  
917  297  1  6584  
955  86  2  6584  6591  
972  196  2  6532  6537  
1009  305  6  6537  6549  6559  6582  6584  6592  
1037  57  2  6537  6584  
1054  472  1  6559  
1066  599  2  6537  6584  
1115  65  3  6532  6584  6591  
1180  65  1  6537  
1261  462  9  6508  6510  6523  6532  6537  6540  6559  6584  6591  
1354  156  1  6537  
1376  210  1  6591  
1427  587  1  6508  
1485  68  2  6514  6532  
1494  80  1  6584  
1538  55  1  6537  
1576  34  1  6591  
1591  14  1  6559  
1601  42  2  6584  6591  
1602  55  1  6591  
1674  43  1  6559  
1677  105  1  6537  
1678  10  1  6584  
1732  13  1  6586  
1749  51  1  6537  
1826  29  2  6537  6584  
1845  63  1  6584  
1850  63  1  6537  
1943  7  1  6540  
1950  122  1  6591  
1962  146  2  6559  6591  
1970  23  1  6591  
1971  145  1  6591  
1996  65  1  6584  
2042  15  1  6537  
2059  108  2  6514  6584  
2080  58  1  6584  
2090  32  1  6591  
2109  164  2  6559  6591  
2138  215  1  6537  
2177  189  4  6510  6537  6584  6591  
2179  124  2  6540  6591  
2193  66  1  6540  
2215  34  1  6591  
2240  50  1  6584  
2252  42  3  6537  6559  6591  
2256  31  1  6586  
2283  324  4  6508  6540  6584  6586  
2337  11  1  6537  
2351  180  2  6532  6559  
2356  893  17  6508  6510  6514  6523  6532  6537  6540  6544  6549  6559  6560  6562  6582  6584  6586  6591  6592  
2367  146  1  6584  
2388  9  1  6591  
2436  269  1  6591  
2443  307  8  6508  6510  6523  6537  6540  6559  6584  6586  
2477  18  2  6582  6584  
2546  46  2  6508  6591  
2579  19  1  6571  
2597  7  1  6540  
2613  44  1  6537  
2664  6  1  6591  
2665  12  2  6584  6591  
2688  8  1  6514  
2691  123  1  6582  
2707  47  1  6584  
2716  55  1  6584  
2729  44  1  6591  
2778  216  3  6549  6559  6584  
2813  34  1  6591  
2823  62  1  6584  
2875  49  2  6537  6584  
2954  19  1  6559  
2964  28  2  6586  6591  
3014  10  1  6584  
3017  51  1  6584  
3029  18  1  6559  
3049  13  1  6591  
3060  25  1  6560  
3090  180  6  6508  6510  6523  6582  6586  6591  
3100  33  1  6584  
3102  156  1  6584  
3112  89  1  6586  
3137  88  1  6591  
3144  271  1  6508  
3150  319  4  6537  6584  6586  6591  
3153  241  2  6537  6584  
3154  166  2  6540  6559  
3155  69  1  6582  
3157  22  1  6508  
3191  114  3  6537  6559  6591  
3208  29  1  6591  
3245  40  1  6591  
3253  45  1  6537  
3264  156  3  6537  6559  6591  
3265  15  1  6544  
3278  52  2  6584  6591  
3304  91  1  6537  
3307  82  1  6540  
3314  212  1  6591  
3315  362  5  6508  6537  6559  6584  6591  
3330  39  1  6510  
3334  10  1  6510  
3337  20  1  6537  
3362  95  2  6559  6591  
3390  7  2  6559  6591  
3442  99  1  6591  
3443  232  7  6514  6523  6532  6537  6559  6584  6591  
3466  94  1  6591  
3510  15  1  6537  
3544  33  2  6559  6584  
3548  42  1  6584  
3549  29  1  6537  
3583  85  1  6591  
3592  89  2  6584  6591  
3596  90  3  6537  6584  6586  
3648  147  2  6559  6584  
3658  89  1  6584  
3680  17  2  6537  6591  
3704  155  2  6537  6591  
3713  4  1  6537  
3715  12  1  6591  
3749  84  1  6537  
3755  16  2  6584  6591  
3782  20  1  6591  
3800  65  1  6537  
3810  42  1  6508  
3813  17  1  6584  
3870  38  2  6584  6591  
3879  278  3  6559  6582  6584  
3903  32  1  6591  
3914  55  3  6514  6549  6584  
3955  9  2  6532  6540  
3975  15  2  6514  6584  
3990  70  2  6559  6584  
3994  202  6  6532  6537  6582  6584  6586  6591  
4000  14  2  6537  6540  
4008  22  1  6591  
4035  153  3  6537  6586  6591  
4067  9  1  6591  
4073  81  2  6537  6591  
4102  40  1  6591  
4122  71  2  6537  6584  
4128  7  1  6586  
4137  7  1  6591  
4152  228  5  6508  6559  6582  6584  6586  
4176  46  1  6584  
4217  25  1  6508  
4220  121  3  6537  6559  6591  
4225  62  2  6582  6584  
4285  62  2  6549  6591  
4319  168  5  6537  6559  6562  6571  6592  
4320  78  1  6586  
4367  28  4  6537  6539  6540  6559  
4372  4  1  6591  
4427  214  3  6508  6540  6591  
4439  25  1  6586  
4440  361  1  6540  
4446  44  2  6586  6597  
4453  53  3  6508  6537  6559  
4459  23  1  6591  
4470  115  2  6537  6584  
4480  14  1  6584  
4485  139  2  6537  6591  
4489  43  3  6582  6584  6591  
4509  52  5  6540  6559  6584  6586  6591  
4531  271  2  6537  6591  
4549  14  1  6571  
4551  54  4  6537  6540  6582  6584  
4552  127  9  6508  6510  6523  6532  6537  6559  6582  6584  6586  
4569  69  1  6591  
4583  51  1  6559  
4586  16  1  6539  
4601  5  1  6537  
4604  48  1  6584  
4607  29  1  6537  
4608  122  5  6510  6523  6537  6584  6591  
4612  101  2  6584  6591  
4614  217  7  6514  6532  6537  6559  6584  6591  6597  
4623  211  1  6537  
4624  312  7  6500  6508  6537  6582  6584  6586  6591  
4631  32  2  6540  6591  
4634  22  1  6559  
4635  15  1  6537  
4636  15  3  6500  6516  6591  
4646  8  1  6537  
4672  44  1  6584  
4680  33  2  6584  6591  
4691  12  1  6591  
4710  22  2  6584  6591  
4747  30  1  6591  
4786  3  1  6510  
4800  40  1  6584  
4831  63  3  6537  6584  6592  
4832  26  3  6510  6537  6584  
4853  16  1  6508  
4860  28  2  6584  6591  
4870  12  1  6537  
4901  389  12  6508  6510  6523  6532  6537  6539  6559  6560  6582  6584  6586  6591  
4906  39  3  6508  6537  6582  
4908  243  5  6508  6510  6537  6540  6559  
4919  137  1  6508  
4925  8  1  6586  
4962  30  1  6516  
4970  11  1  6591  
4982  22  2  6537  6591  
5012  139  10  6500  6508  6523  6526  6532  6539  6560  6584  6591  6597  
5051  230  2  6537  6584  
5082  13  1  6584  
5105  13  1  6584  
5110  75  2  6562  6591  
5112  42  2  6508  6591  
5113  14  2  6523  6537  
5129  191  5  6537  6540  6544  6584  6591  
5133  222  10  6516  6523  6532  6537  6540  6549  6556  6559  6560  6584  
5135  385  13  6508  6510  6523  6532  6537  6539  6540  6559  6562  6582  6584  6586  6591  
5139  83  10  6500  6508  6516  6523  6525  6537  6549  6556  6559  6584  
5140  27  2  6500  6526  
5143  29  1  6584  
5147  144  8  6506  6532  6537  6559  6562  6582  6584  6591  
5148  5  1  6508  
5149  84  3  6508  6537  6591  
5150  75  1  6537  
5152  61  2  6537  6584  
5155  98  2  6508  6591  
5169  41  2  6584  6591  
5182  92  4  6508  6537  6540  6591  
5191  50  4  6537  6559  6584  6591  
5192  27  7  6505  6508  6537  6540  6559  6582  6586  
5218  19  2  6537  6591  
5228  10  1  6514  
5230  7  1  6540  
5235  10  2  6532  6560  
5236  4  1  6584  
5247  13  1  6591  
5257  14  2  6584  6591  
5281  10  1  6537  
5294  81  2  6508  6537  
5295  20  2  6584  6591  
5296  10  1  6591  
5302  68  2  6508  6537  
5325  80  3  6532  6537  6582  
5335  39  1  6532  
5337  7  1  6537  
5356  4  1  6514  
5359  32  1  6584  
5362  3  1  6591  
5363  54  2  6532  6584  
5382  26  1  6591  
5401  24  3  6500  6586  6591  
5423  13  4  6559  6584  6586  6591  
5475  5  1  6586  
5477  53  4  6537  6559  6584  6591  
5480  31  4  6514  6540  6584  6591  
5488  19  1  6532  
5495  75  6  6540  6561  6562  6571  6584  6591  
5497  35  1  6591  
5499  8  2  6559  6591  
5521  76  4  6508  6537  6584  6591  
5528  52  6  6510  6523  6559  6582  6584  6591  
5541  7  1  6591  
5542  78  4  6537  6559  6584  6591  
5546  190  4  6514  6532  6537  6584  
5554  19  2  6523  6537  
5559  44  3  6508  6537  6584  
5606  29  2  6537  6584  
5617  21  5  6537  6549  6559  6584  6591  
5618  4  1  6508  
5638  4  2  6544  6584  
5639  70  6  6508  6514  6537  6559  6584  6591  
5655  58  1  6500  
5676  85  6  6523  6537  6559  6560  6584  6591  
5684  101  4  6582  6584  6586  6597  
5691  12  1  6586  
5699  54  4  6532  6537  6559  6584  
5706  33  1  6537  
5711  33  1  6584  
5725  21  3  6523  6584  6591  
5734  10  2  6532  6537  
5735  9  1  6537  
5737  29  2  6584  6591  
5740  35  2  6537  6591  
5741  43  2  6537  6591  
5743  58  2  6582  6584  
5771  12  1  6591  
5772  177  8  6532  6537  6549  6559  6582  6584  6586  6591  
5787  9  2  6559  6584  
5789  160  1  6532  
5790  18  1  6539  
5792  91  7  6523  6525  6537  6540  6571  6584  6591  
5793  104  8  6506  6508  6523  6537  6562  6586  6591  6597  
5794  93  1  6591  
5798  135  11  6508  6510  6523  6525  6532  6540  6559  6582  6584  6586  6591  
5801  50  4  6523  6559  6560  6584  
5831  29  3  6582  6584  6586  
5840  6  1  6584  
5857  2  1  6591  
5872  11  1  6532  
5874  100  8  6508  6510  6516  6537  6540  6582  6584  6591  
5891  2  1  6591  
5893  33  1  6584  
5908  10  1  6591  
5915  22  6  6510  6516  6540  6556  6559  6586  
5921  77  4  6537  6584  6591  6597  
5923  24  2  6537  6584  
5924  3  1  6591  
5933  42  2  6510  6584  
5948  6  1  6540  
5995  19  1  6584  
6002  15  2  6537  6540  
6010  19  2  6537  6584  
6019  31  2  6537  6584  
6021  28  2  6516  6537  
6026  191  8  6508  6523  6537  6540  6582  6584  6586  6591  
6033  95  5  6508  6510  6532  6537  6559  
6035  54  5  6537  6549  6559  6584  6597  
6037  29  3  6537  6571  6591  
6042  16  1  6560  
6049  65  5  6510  6523  6540  6559  6584  
6054  57  8  6537  6539  6540  6559  6582  6584  6586  6591  
6057  18  3  6523  6532  6559  
6058  68  6  6549  6559  6561  6571  6584  6597  
6063  47  2  6537  6593  
6081  41  2  6508  6537  
6103  2  1  6584  
6106  13  2  6537  6584  
6127  13  1  6559  
6143  14  1  6537  
6145  36  4  6532  6582  6584  6586  
6146  21  5  6537  6539  6540  6584  6597  
6147  161  4  6532  6537  6584  6592  
6150  5  1  6591  
6152  142  12  6508  6510  6523  6532  6537  6540  6559  6562  6582  6584  6586  6591  
6153  31  2  6514  6537  
6154  40  10  6508  6537  6539  6540  6556  6559  6562  6571  6584  6591  
6155  98  10  6508  6510  6540  6562  6582  6584  6586  6591  6592  6597  
6156  37  3  6532  6582  6584  
6157  118  7  6508  6510  6523  6532  6540  6559  6584  
6161  4  1  6584  
6162  16  3  6508  6537  6584  
6171  70  5  6508  6523  6549  6584  6586  
6175  123  7  6508  6510  6514  6523  6537  6540  6584  
6177  5  2  6525  6591  
6179  11  2  6523  6537  
6180  93  8  6508  6537  6539  6540  6559  6582  6586  6591  
6183  5  1  6523  
6193  2  1  6508  
6197  12  2  6523  6559  
6204  18  2  6532  6592  
6213  11  1  6559  
6215  24  2  6537  6559  
6216  30  2  6540  6544  
6218  3  1  6559  
6250  9  2  6537  6591  
6255  4  1  6584  
6257  2  1  6559  
6276  2  1  6591  
6294  47  6  6506  6508  6523  6537  6584  6591  
6295  4  2  6537  6539  
6296  12  2  6525  6559  
6297  7  2  6540  6584  
6298  7  2  6537  6539  
6299  4  1  6591  
6300  101  11  6500  6508  6532  6559  6562  6571  6582  6584  6586  6591  6597  
6302  22  1  6523  
6305  23  5  6523  6537  6560  6584  6591  
6306  15  2  6500  6523  
6307  9  2  6584  6586  
6308  21  4  6537  6540  6559  6584  
6310  21  1  6540  
6322  11  1  6539  
6334  19  2  6559  6560  
6335  89  3  6560  6561  6584  
6336  12  3  6508  6523  6591  
6348  39  3  6508  6584  6591  
6385  2  1  6540  
6387  21  4  6537  6540  6582  6586  
6389  15  1  6532  
6393  9  1  6537  
6396  8  2  6559  6582  
6399  2  1  6544  
6405  38  4  6537  6559  6584  6591  
6406  7  1  6523  
6411  25  3  6537  6544  6584  
6412  4  1  6537  
6414  24  2  6584  6591  
6415  52  5  6523  6532  6537  6571  6584  
6417  12  1  6537  
6418  5  1  6584  
6420  15  2  6537  6591  
6421  3  1  6508  
6422  5  1  6591  
6425  18  2  6582  6586  
6427  10  2  6537  6591  
6430  6  1  6591  
6440  7  1  6537  
6454  3  2  6584  6591  
6459  39  4  6506  6537  6549  6597  
6465  4  2  6508  6523  
6478  9  2  6510  6591  
6482  2  1  6510  
6493  27  1  6582  
6495  3  1  6586  
6502  3  2  6532  6537  
6507  1  1  6508  
6509  16  2  6510  6584  
6515  3  1  6584  
6516  3  1  6586  
6521  1  1  6523  
6522  1  1  6523  
6532  11  1  6537  
6533  1  1  6537  
6534  3  1  6537  
6535  2  1  6537  
6536  1  1  6537  
6538  3  1  6586  
6542  31  3  6559  6582  6586  
6543  3  1  6559  
6545  4  2  6582  6586  
6553  9  1  6584  
6554  19  2  6559  6584  
6557  1  1  6559  
6558  7  1  6559  
6560  8  3  6571  6582  6586  
6562  3  2  6582  6586  
6565  4  1  6584  
6566  33  2  6560  6591  
6574  2  1  6584  
6578  39  4  6532  6584  6586  6591  
6579  1  1  6584  
6580  1  1  6584  
6581  1  1  6584  
6582  3  1  6584  
6583  1  1  6584  
6587  6  1  6591  
6589  1  1  6591  
6590  1  1  6591  
6624  12  1  6514  
6627  36  2  6549  6584  
6639  19  1  6560  
6642  3  1  6560  
6655  2  1  6532  
6657  30  2  6537  6584  
6662  45  2  6537  6584  
6672  50  3  6532  6537  6584  
6680  13  1  6584  
6698  35  1  6549  
6699  11  1  6537  
6725  9  1  6584  
6729  2  1  6584  
6768  24  2  6514  6584  
6784  5  2  6537  6584  
6796  27  3  6514  6549  6584  
6797  30  1  6537  
6802  10  1  6537  
6803  12  1  6584  
6836  5  1  6584  
6850  11  1  6584  
6853  4  1  6537  
6854  3  1  6537  
6900  19  1  6537  
6904  3  1  6584  
6909  16  1  6537  
6914  8  1  6537  
6916  20  1  6537  
6923  5  1  6537  
6930  4  1  6584  
6944  16  1  6537  
6956  2  1  6584  
6966  13  1  6537  
6970  2  1  6584  
6985  1  1  6514  
6986  1  1  6537  
7002  10  2  6537  6584  
7004  1  1  6584  
7005  5  1  6584  
7006  2  1  6584  
7007  1  1  6584  
7008  1  1  6584  
7033  4  1  6537  
7036  2  1  6537  
7052  1  1  6537  
7057  6  1  6537  
7069  1  1  6537  
