8  743  12  3801  3817  3832  3840  3844  3845  3848  3850  3864  3865  3870  3872  
9  65  1  3819  
11  114  1  3832  
21  309  4  3844  3855  3872  3879  
33  227  1  3873  
34  20  1  3879  
39  89  1  3844  
44  146  1  3840  
50  39  1  3821  
65  275  6  3800  3801  3817  3832  3865  3879  
67  164  1  3855  
81  122  1  3832  
116  213  4  3832  3845  3848  3864  
121  132  2  3820  3850  
140  58  1  3879  
146  61  1  3879  
158  93  1  3819  
164  334  1  3879  
169  63  1  3870  
173  79  1  3840  
192  31  1  3855  
251  31  1  3848  
273  35  3  3819  3844  3848  
288  244  2  3865  3872  
290  142  1  3819  
301  199  2  3870  3879  
307  25  1  3819  
317  46  1  3820  
318  31  1  3864  
328  86  1  3848  
408  157  1  3844  
431  732  8  3817  3819  3832  3840  3845  3850  3870  3884  
438  12  1  3832  
497  4  1  3840  
504  121  1  3855  
530  34  2  3801  3844  
548  214  3  3855  3864  3879  
549  9  1  3820  
577  55  1  3800  
578  150  3  3865  3870  3892  
579  66  1  3844  
589  16  1  3884  
606  158  1  3850  
635  118  1  3850  
637  100  2  3801  3848  
638  11  1  3805  
661  264  1  3848  
676  232  1  3871  
680  93  2  3820  3844  
686  66  1  3864  
699  68  1  3870  
700  34  1  3850  
702  773  16  3801  3808  3832  3840  3844  3845  3848  3850  3864  3865  3870  3871  3872  3879  3884  3892  
719  224  2  3840  3845  
722  12  1  3801  
724  317  5  3801  3808  3848  3870  3884  
729  60  2  3864  3870  
739  90  1  3864  
746  272  5  3840  3845  3850  3864  3865  
749  29  1  3864  
758  165  2  3844  3879  
785  91  1  3819  
793  97  2  3832  3855  
807  122  5  3801  3844  3848  3865  3892  
822  26  1  3879  
870  27  2  3832  3870  
909  292  2  3840  3865  
914  238  1  3840  
917  297  5  3820  3848  3864  3884  3892  
929  44  1  3845  
955  86  1  3848  
972  196  1  3865  
977  156  3  3840  3845  3850  
979  16  1  3801  
988  74  1  3855  
1008  88  3  3832  3840  3879  
1022  60  2  3832  3879  
1032  62  1  3870  
1038  399  19  3801  3819  3821  3832  3838  3840  3844  3845  3848  3850  3864  3865  3870  3871  3872  3879  3880  3892  3899  
1041  135  2  3840  3892  
1054  472  4  3801  3820  3832  3879  
1066  599  9  3832  3840  3848  3855  3865  3870  3871  3872  3884  
1084  79  2  3801  3844  
1110  218  2  3864  3865  
1111  79  1  3840  
1127  11  1  3872  
1135  103  1  3845  
1146  77  1  3872  
1150  51  1  3820  
1197  290  3  3819  3845  3848  
1211  181  1  3892  
1243  30  1  3855  
1247  91  1  3840  
1261  462  5  3819  3832  3850  3855  3879  
1282  199  2  3844  3845  
1346  48  2  3819  3832  
1347  26  1  3808  
1350  24  1  3832  
1352  20  1  3801  
1354  156  1  3870  
1355  72  1  3845  
1357  91  1  3848  
1376  210  2  3844  3879  
1380  48  1  3872  
1401  139  4  3820  3832  3840  3845  
1421  244  4  3819  3832  3870  3879  
1427  587  14  3800  3832  3840  3844  3845  3848  3851  3855  3864  3865  3872  3873  3879  3892  
1428  42  3  3840  3865  3892  
1430  81  2  3838  3848  
1432  6  1  3879  
1443  46  1  3840  
1460  102  1  3850  
1470  29  1  3840  
1481  355  4  3820  3832  3840  3865  
1494  80  1  3865  
1518  19  1  3884  
1532  66  2  3850  3892  
1538  55  1  3879  
1550  4  1  3884  
1561  50  1  3832  
1570  93  1  3817  
1571  112  2  3855  3879  
1602  55  1  3879  
1634  97  2  3832  3865  
1666  19  1  3870  
1670  8  1  3832  
1671  129  1  3840  
1677  105  1  3872  
1683  49  2  3832  3884  
1692  6  1  3832  
1694  73  1  3832  
1697  57  1  3819  
1729  9  1  3855  
1730  33  2  3850  3864  
1744  36  1  3840  
1749  51  1  3848  
1765  33  1  3879  
1772  204  1  3870  
1786  13  1  3855  
1794  4  1  3892  
1806  5  1  3832  
1834  36  1  3819  
1850  63  1  3864  
1873  22  1  3855  
1939  47  3  3820  3832  3848  
1948  113  2  3870  3872  
1950  122  1  3844  
1956  44  3  3820  3865  3872  
1961  14  5  3840  3864  3865  3872  3892  
1962  146  2  3820  3848  
1970  23  2  3807  3848  
1971  145  3  3820  3848  3864  
1996  65  2  3817  3850  
2008  61  1  3850  
2030  17  1  3819  
2045  28  1  3848  
2048  143  6  3820  3840  3864  3865  3870  3892  
2056  241  11  3801  3820  3840  3844  3845  3848  3850  3855  3864  3865  3872  
2059  108  1  3840  
2073  247  3  3807  3817  3832  
2080  58  3  3820  3832  3844  
2090  32  1  3871  
2109  164  4  3819  3845  3850  3872  
2110  48  4  3817  3850  3864  3870  
2137  252  10  3819  3821  3832  3840  3845  3850  3865  3870  3871  3892  
2138  215  4  3832  3840  3850  3892  
2165  57  2  3850  3865  
2177  189  5  3808  3855  3870  3879  3884  
2179  124  2  3840  3892  
2183  49  2  3864  3899  
2186  45  3  3819  3832  3850  
2188  71  3  3832  3850  3884  
2190  72  3  3819  3832  3864  
2193  66  2  3855  3884  
2215  34  1  3879  
2216  141  6  3807  3817  3819  3832  3872  3892  
2240  50  1  3844  
2273  142  2  3844  3848  
2274  2  1  3844  
2279  7  1  3884  
2283  324  5  3801  3832  3840  3848  3865  
2293  2  1  3844  
2301  100  2  3840  3845  
2303  46  1  3864  
2307  68  1  3840  
2329  47  2  3808  3819  
2335  93  3  3819  3832  3844  
2340  105  2  3848  3870  
2348  77  2  3809  3871  
2350  82  1  3865  
2351  180  7  3819  3840  3864  3865  3871  3880  3892  
2355  50  2  3832  3870  
2356  893  17  3801  3817  3819  3820  3832  3840  3844  3845  3848  3850  3864  3865  3870  3871  3872  3884  3899  
2367  146  1  3871  
2384  49  1  3855  
2397  7  1  3844  
2398  29  1  3865  
2408  108  3  3838  3871  3884  
2430  7  2  3807  3864  
2436  269  11  3800  3817  3832  3838  3840  3844  3845  3848  3850  3865  3872  
2438  113  2  3840  3872  
2439  104  1  3819  
2442  44  2  3871  3872  
2443  307  5  3864  3870  3880  3884  3899  
2445  164  1  3844  
2451  126  3  3832  3855  3879  
2469  156  2  3855  3879  
2471  618  15  3801  3808  3819  3832  3840  3844  3845  3848  3850  3855  3870  3871  3872  3879  3884  
2472  38  1  3832  
2476  149  4  3832  3845  3855  3865  
2479  64  2  3840  3844  
2480  45  3  3832  3840  3865  
2482  74  3  3801  3808  3848  
2483  168  7  3819  3840  3845  3850  3865  3892  3899  
2485  80  3  3832  3855  3879  
2487  75  1  3845  
2490  103  2  3864  3870  
2494  200  10  3819  3820  3832  3840  3845  3850  3864  3870  3872  3892  
2499  21  1  3892  
2506  33  2  3840  3892  
2521  79  2  3819  3832  
2546  46  1  3844  
2547  35  1  3848  
2562  173  1  3801  
2579  19  2  3807  3884  
2595  39  1  3879  
2596  50  5  3820  3846  3864  3870  3872  
2604  124  3  3820  3840  3850  
2620  139  5  3820  3840  3865  3870  3899  
2632  282  9  3801  3840  3844  3845  3848  3850  3870  3871  3884  
2641  28  3  3800  3832  3879  
2657  29  1  3832  
2666  57  1  3879  
2668  33  1  3819  
2685  62  7  3817  3821  3838  3844  3848  3851  3892  
2687  36  1  3871  
2691  123  1  3807  
2700  19  1  3870  
2707  47  3  3840  3865  3872  
2712  70  7  3805  3832  3840  3845  3850  3864  3865  
2715  238  14  3801  3808  3809  3819  3820  3832  3840  3844  3845  3848  3850  3864  3865  3870  
2716  55  1  3820  
2720  357  12  3801  3808  3832  3844  3845  3848  3850  3870  3871  3872  3884  3899  
2735  55  2  3840  3879  
2736  10  1  3840  
2753  15  1  3808  
2770  52  1  3840  
2772  175  4  3820  3840  3844  3892  
2773  39  2  3832  3879  
2774  189  8  3805  3807  3809  3817  3840  3870  3879  3899  
2778  216  10  3819  3832  3848  3850  3864  3865  3870  3871  3872  3892  
2780  38  1  3801  
2802  48  3  3832  3844  3848  
2803  32  1  3840  
2831  81  2  3855  3884  
2847  9  1  3808  
2877  88  2  3801  3844  
2878  18  3  3845  3870  3872  
2881  26  3  3819  3845  3848  
2891  9  1  3832  
2899  79  3  3838  3865  3892  
2903  7  1  3840  
2915  20  2  3820  3840  
2917  10  1  3855  
2918  68  3  3808  3832  3884  
2919  56  1  3840  
2936  41  1  3884  
2952  13  1  3840  
2954  19  1  3844  
2975  3  2  3832  3845  
2983  95  1  3819  
2999  69  1  3848  
3001  79  7  3805  3819  3840  3850  3864  3865  3892  
3011  36  1  3801  
3028  4  1  3871  
3049  13  2  3865  3872  
3062  55  2  3844  3872  
3064  273  13  3801  3819  3820  3832  3840  3845  3848  3850  3864  3865  3872  3884  3892  
3076  63  4  3851  3871  3879  3899  
3077  3  1  3845  
3082  12  3  3845  3850  3892  
3084  43  1  3872  
3102  156  6  3840  3864  3865  3870  3872  3884  
3110  122  4  3844  3848  3870  3872  
3112  89  2  3864  3879  
3122  30  1  3879  
3131  9  1  3801  
3137  88  3  3805  3809  3850  
3140  20  1  3820  
3142  21  1  3832  
3144  271  5  3801  3844  3848  3871  3879  
3146  314  7  3801  3832  3844  3870  3872  3879  3884  
3148  98  14  3801  3805  3817  3820  3821  3838  3845  3848  3850  3864  3870  3880  3892  3899  
3149  131  5  3801  3848  3870  3871  3879  
3150  319  9  3801  3808  3844  3848  3870  3871  3872  3879  3884  
3151  148  10  3801  3844  3845  3850  3864  3865  3870  3872  3880  3899  
3152  68  2  3801  3870  
3153  241  8  3840  3845  3850  3864  3865  3870  3872  3879  
3154  166  4  3865  3871  3884  3892  
3156  92  1  3879  
3158  101  4  3840  3848  3850  3870  
3159  54  2  3801  3848  
3160  56  3  3801  3844  3848  
3173  42  1  3864  
3174  102  6  3819  3845  3850  3864  3872  3892  
3177  24  1  3865  
3206  48  2  3832  3845  
3226  81  1  3840  
3243  16  1  3872  
3245  40  1  3840  
3251  147  11  3819  3821  3840  3844  3845  3847  3850  3864  3870  3872  3892  
3253  45  2  3864  3879  
3264  156  2  3807  3879  
3268  13  1  3872  
3270  26  1  3832  
3277  12  1  3808  
3278  52  3  3805  3870  3879  
3289  205  7  3819  3840  3865  3870  3871  3879  3884  
3290  144  7  3819  3840  3845  3850  3864  3865  3872  
3299  64  2  3865  3872  
3303  32  1  3872  
3304  91  4  3817  3819  3865  3870  
3307  82  3  3801  3832  3892  
3308  63  8  3819  3832  3840  3847  3865  3870  3880  3899  
3312  12  1  3844  
3314  212  6  3832  3838  3850  3870  3871  3879  
3315  362  3  3832  3855  3879  
3316  44  3  3870  3871  3879  
3317  40  2  3845  3872  
3331  38  3  3845  3864  3870  
3332  87  6  3820  3832  3840  3864  3870  3872  
3333  36  1  3864  
3338  144  5  3808  3840  3848  3851  3899  
3344  5  1  3884  
3353  75  7  3819  3832  3840  3850  3864  3892  3899  
3362  95  4  3807  3819  3820  3879  
3387  14  2  3865  3872  
3391  93  9  3819  3820  3832  3838  3840  3845  3850  3864  3872  
3395  85  3  3809  3844  3864  
3403  10  1  3870  
3408  30  3  3840  3844  3872  
3411  11  1  3879  
3421  8  1  3892  
3432  12  1  3807  
3434  11  1  3870  
3438  3  1  3840  
3442  99  1  3879  
3443  232  5  3832  3845  3848  3865  3884  
3447  46  2  3832  3870  
3449  113  4  3801  3844  3848  3870  
3456  10  1  3801  
3459  45  3  3845  3865  3872  
3466  94  4  3840  3845  3850  3892  
3467  47  2  3850  3872  
3471  10  2  3819  3821  
3483  35  1  3848  
3490  18  1  3848  
3492  8  1  3884  
3498  82  2  3840  3870  
3510  15  1  3850  
3514  13  1  3848  
3536  43  4  3801  3809  3844  3848  
3546  17  5  3817  3832  3845  3850  3892  
3549  29  1  3845  
3551  15  1  3884  
3574  2  1  3848  
3577  26  5  3819  3820  3832  3845  3870  
3582  3  1  3819  
3583  85  5  3808  3844  3865  3879  3892  
3585  15  1  3850  
3592  89  2  3850  3872  
3596  90  4  3844  3848  3892  3899  
3599  33  10  3805  3840  3845  3850  3851  3864  3865  3873  3880  3899  
3601  145  5  3800  3801  3808  3809  3871  
3602  14  1  3840  
3610  32  1  3844  
3617  57  1  3879  
3622  28  3  3808  3809  3844  
3625  15  2  3850  3865  
3631  21  1  3884  
3636  6  2  3840  3845  
3648  147  1  3819  
3649  15  1  3840  
3652  104  2  3808  3848  
3653  68  2  3848  3871  
3654  21  2  3819  3832  
3656  89  6  3805  3807  3808  3844  3848  3870  
3657  257  7  3801  3844  3848  3870  3872  3879  3884  
3658  89  2  3801  3871  
3666  23  1  3820  
3672  27  2  3872  3879  
3674  131  7  3805  3807  3845  3850  3865  3872  3899  
3677  6  1  3892  
3679  111  3  3855  3870  3872  
3681  29  1  3871  
3682  115  8  3800  3840  3848  3870  3871  3879  3884  3892  
3683  33  2  3870  3892  
3685  86  9  3801  3807  3819  3832  3840  3845  3848  3850  3865  
3686  77  3  3832  3848  3870  
3699  1  1  3821  
3703  8  3  3807  3848  3850  
3704  155  1  3819  
3714  16  7  3805  3840  3845  3850  3865  3870  3899  
3721  25  5  3832  3840  3845  3850  3892  
3722  50  4  3809  3832  3865  3892  
3725  41  2  3840  3871  
3726  9  2  3823  3840  
3734  26  8  3805  3819  3832  3840  3845  3850  3865  3892  
3735  7  3  3840  3864  3892  
3736  64  7  3817  3820  3838  3840  3864  3865  3872  
3739  5  1  3872  
3740  37  4  3840  3864  3865  3872  
3742  76  3  3807  3840  3864  
3749  84  2  3820  3832  
3750  43  5  3819  3820  3848  3870  3871  
3754  2  1  3809  
3755  16  4  3845  3850  3864  3865  
3762  9  2  3805  3847  
3780  11  2  3871  3884  
3788  8  2  3819  3832  
3790  2  1  3805  
3794  5  1  3870  
3797  2  1  3832  
3800  65  4  3801  3820  3844  3870  
3803  9  1  3820  
3806  1  1  3807  
3808  112  4  3801  3844  3848  3870  
3810  42  1  3892  
3813  17  1  3848  
3815  3  1  3817  
3816  4  2  3845  3850  
3818  3  1  3819  
3820  3  1  3819  
3822  1  1  3823  
3825  1  1  3832  
3826  1  1  3832  
3827  1  1  3832  
3828  1  1  3832  
3829  1  1  3832  
3830  2  1  3832  
3831  1  1  3832  
3837  5  1  3872  
3839  9  3  3845  3848  3870  
3842  1  1  3845  
3843  1  1  3845  
3844  24  3  3801  3845  3848  
3848  11  1  3850  
3849  1  1  3850  
3852  23  2  3840  3872  
3855  52  1  3832  
3860  6  1  3840  
3861  1  1  3840  
3862  1  1  3840  
3863  2  1  3840  
3866  4  1  3865  
3867  4  1  3865  
3868  17  2  3870  3872  
3869  1  1  3872  
3870  38  2  3872  3884  
3871  9  2  3844  3872  
3879  278  2  3832  3884  
3884  29  1  3870  
3898  12  1  3808  
3909  10  1  3801  
3919  80  1  3879  
3935  6  1  3808  
3957  5  1  3808  
3971  17  1  3809  
3978  2  1  3870  
3981  12  1  3870  
3984  4  1  3844  
3986  24  1  3844  
3990  70  2  3844  3848  
3994  202  4  3808  3870  3879  3884  
3995  18  2  3848  3870  
3996  7  1  3855  
4008  22  1  3870  
4011  2  1  3809  
4020  1  1  3820  
4021  18  1  3820  
4029  2  1  3844  
4035  153  1  3879  
4039  50  1  3879  
4056  11  1  3870  
4058  15  2  3801  3848  
4068  14  1  3808  
4073  81  3  3808  3870  3871  
4082  45  1  3871  
4083  100  1  3832  
4090  16  1  3879  
4096  33  2  3870  3884  
4102  40  1  3832  
4108  3  1  3870  
4113  27  2  3801  3844  
4114  11  2  3844  3848  
4122  71  1  3800  
4152  228  6  3801  3844  3855  3870  3879  3884  
4153  12  2  3801  3844  
4154  1  1  3809  
4169  114  1  3884  
4175  19  1  3844  
4180  24  1  3832  
4187  96  1  3808  
4192  20  1  3871  
4193  14  2  3844  3871  
4197  23  1  3848  
4198  59  3  3801  3844  3848  
4200  1  1  3844  
4201  2  1  3844  
4202  1  1  3844  
4203  1  1  3844  
4204  1  1  3844  
4205  1  1  3844  
4206  1  1  3844  
4207  1  1  3844  
4208  1  1  3844  
4209  1  1  3844  
4210  1  1  3844  
4211  1  1  3844  
4212  1  1  3844  
4213  3  1  3844  
4214  3  2  3844  3848  
4215  1  1  3844  
4216  1  1  3844  
4217  25  1  3844  
4218  8  1  3844  
4219  1  1  3844  
4220  121  2  3832  3879  
4223  11  1  3871  
4225  62  1  3879  
4226  46  1  3884  
4232  15  2  3808  3884  
4248  38  1  3871  
4255  1  1  3848  
4256  34  1  3848  
4257  6  1  3848  
4269  13  1  3801  
4291  4  1  3801  
4292  2  1  3801  
4309  28  1  3808  
4315  101  1  3879  
4320  78  1  3884  
4334  24  1  3832  
4353  4  1  3855  
4367  28  1  3808  
4380  79  1  3879  
4384  169  5  3808  3832  3870  3879  3884  
4411  9  1  3808  
4418  17  1  3871  
4422  31  1  3870  
4427  214  3  3832  3870  3884  
4437  60  2  3870  3879  
4439  25  1  3870  
4440  361  4  3832  3870  3879  3884  
4444  2  1  3871  
4446  44  2  3879  3884  
4448  23  1  3879  
4454  43  1  3832  
4459  23  2  3832  3879  
4460  7  1  3871  
4463  4  1  3870  
4470  115  2  3879  3884  
4473  28  1  3808  
4498  7  1  3870  
4506  11  1  3832  
4525  1  1  3870  
4531  271  4  3807  3808  3832  3879  
4533  5  1  3832  
4546  14  1  3879  
4549  14  1  3855  
4565  18  1  3832  
4569  69  1  3879  
4596  24  1  3884  
4604  48  1  3879  
4606  41  1  3879  
4607  29  1  3879  
4608  122  1  3832  
4610  35  1  3832  
4611  139  3  3832  3855  3879  
4612  101  1  3879  
4613  19  1  3879  
4614  217  3  3832  3855  3879  
4616  41  1  3832  
4619  68  2  3832  3884  
4623  211  1  3832  
4624  312  2  3832  3879  
4625  80  1  3832  
4631  32  1  3884  
4646  8  1  3879  
4656  17  1  3879  
4669  19  1  3884  
4684  59  2  3800  3879  
4693  2  1  3884  
4694  9  1  3884  
4695  1  1  3884  
4696  1  1  3884  
4715  61  1  3879  
4747  30  1  3879  
4797  8  1  3879  
4800  40  2  3855  3879  
4817  37  1  3879  
4838  8  1  3832  
4840  44  1  3879  
4860  28  1  3855  
4865  22  1  3879  
4866  21  1  3879  
4901  389  1  3879  
4908  243  1  3879  
4909  26  1  3855  
4919  137  1  3879  
4924  11  1  3879  
4951  105  1  3879  
4963  1  1  3832  
4964  1  1  3832  
4965  8  1  3832  
4966  2  1  3832  
4967  1  1  3832  
4968  3  1  3832  
4977  66  1  3855  
5002  21  1  3855  
5012  139  1  3879  
5045  49  1  3800  
5098  3  1  3879  
5118  23  1  3879  
5122  32  2  3855  3879  
5129  191  1  3879  
5133  222  2  3807  3879  
5147  144  1  3879  
5152  61  1  3879  
5166  11  1  3879  
5182  92  1  3879  
5191  50  1  3879  
5239  33  1  3879  
5242  11  1  3879  
5263  11  1  3879  
5281  10  1  3879  
5313  25  1  3879  
5335  39  1  3879  
5336  2  1  3879  
5337  7  1  3879  
5338  2  1  3879  
5339  4  1  3879  
5340  1  1  3879  
5341  3  1  3879  
5342  1  1  3879  
5343  1  1  3879  
5344  1  1  3879  
5345  1  1  3879  
5519  88  1  3807  
5676  85  1  3807  
5789  160  1  3807  
5793  104  1  3807  
