21  309  2  4601  4680  
24  102  2  4643  4680  
27  5  1  4680  
41  44  1  4680  
44  146  1  4680  
55  38  1  4680  
65  275  8  4614  4623  4643  4656  4663  4671  4680  4684  
66  109  1  4680  
67  164  1  4680  
82  195  3  4635  4643  4680  
103  190  6  4614  4623  4635  4643  4680  4691  
107  89  1  4613  
116  213  1  4680  
121  132  1  4680  
138  18  1  4624  
158  93  3  4643  4672  4680  
164  334  1  4680  
192  31  1  4680  
218  50  2  4656  4685  
219  23  1  4680  
224  41  1  4680  
246  56  2  4643  4680  
249  22  1  4653  
251  31  1  4680  
260  56  1  4680  
288  244  2  4611  4617  
292  230  3  4643  4653  4665  
293  321  2  4614  4680  
301  199  4  4613  4617  4656  4691  
318  31  1  4663  
333  11  1  4680  
361  45  1  4680  
372  42  1  4634  
401  79  1  4663  
408  157  1  4653  
431  732  17  4613  4614  4623  4624  4634  4635  4639  4643  4653  4656  4663  4665  4671  4672  4680  4684  4691  
440  10  1  4680  
494  142  2  4680  4691  
501  22  1  4680  
548  214  2  4656  4680  
578  150  2  4635  4663  
581  25  1  4680  
606  158  1  4639  
626  83  1  4663  
635  118  1  4663  
637  100  1  4646  
643  81  1  4639  
661  264  1  4685  
676  232  9  4614  4623  4634  4643  4663  4665  4672  4680  4691  
685  1  1  4643  
686  66  2  4665  4680  
698  50  1  4601  
699  68  1  4653  
702  773  15  4613  4617  4623  4624  4634  4635  4639  4646  4653  4656  4665  4671  4680  4684  4691  
705  146  2  4643  4680  
723  113  2  4635  4663  
724  317  7  4613  4617  4639  4643  4653  4665  4680  
725  41  1  4680  
749  29  1  4680  
758  165  3  4663  4684  4685  
763  12  1  4601  
771  61  4  4601  4639  4646  4653  
783  99  2  4635  4680  
785  91  1  4663  
793  97  1  4680  
822  26  1  4680  
834  12  1  4663  
871  29  1  4679  
888  16  1  4643  
905  7  1  4643  
906  6  1  4643  
909  292  1  4643  
914  238  1  4643  
917  297  4  4601  4663  4680  4685  
920  60  1  4611  
924  12  1  4613  
928  8  1  4680  
951  39  1  4653  
959  49  1  4684  
960  41  1  4680  
972  196  1  4680  
978  29  1  4691  
987  95  2  4623  4680  
988  74  1  4680  
999  2  1  4680  
1009  305  1  4672  
1022  60  3  4613  4680  4685  
1038  399  10  4611  4614  4617  4624  4639  4653  4663  4680  4684  4685  
1054  472  6  4613  4617  4623  4656  4680  4691  
1066  599  8  4601  4614  4623  4643  4663  4680  4685  4691  
1079  10  1  4680  
1104  61  1  4634  
1107  26  1  4684  
1110  218  1  4680  
1115  65  1  4614  
1146  77  2  4624  4665  
1197  290  1  4665  
1243  30  1  4680  
1261  462  9  4601  4611  4624  4634  4643  4663  4672  4680  4685  
1272  35  2  4635  4663  
1280  4  1  4685  
1351  11  1  4639  
1354  156  2  4639  4643  
1355  72  1  4672  
1357  91  1  4680  
1376  210  3  4613  4643  4665  
1377  28  1  4680  
1380  48  1  4679  
1409  11  1  4656  
1416  68  1  4656  
1421  244  5  4613  4635  4656  4665  4684  
1426  4  1  4680  
1427  587  3  4635  4646  4680  
1476  16  2  4663  4680  
1485  68  2  4643  4672  
1511  36  2  4601  4624  
1515  48  1  4643  
1518  19  1  4656  
1532  66  1  4646  
1533  6  1  4665  
1538  55  1  4613  
1550  4  1  4653  
1561  50  2  4613  4680  
1567  70  2  4611  4613  
1571  112  5  4623  4643  4656  4663  4680  
1586  96  1  4680  
1601  42  2  4643  4680  
1602  55  2  4613  4663  
1605  9  1  4613  
1629  47  1  4680  
1634  97  2  4663  4680  
1660  38  4  4635  4643  4680  4691  
1663  48  1  4613  
1671  129  3  4646  4680  4690  
1677  105  1  4643  
1683  49  2  4623  4684  
1694  73  2  4643  4680  
1705  47  3  4623  4641  4680  
1729  9  1  4680  
1731  3  1  4680  
1765  33  3  4635  4663  4684  
1785  7  1  4680  
1786  13  1  4680  
1817  181  2  4623  4691  
1826  29  1  4623  
1834  36  2  4623  4643  
1850  63  1  4601  
1852  3  1  4601  
1873  22  1  4680  
1901  50  1  4680  
1916  10  1  4635  
1917  28  1  4601  
1924  7  1  4601  
1927  6  1  4601  
1933  45  1  4611  
1962  146  2  4653  4680  
1971  145  5  4635  4643  4656  4680  4691  
1984  26  1  4680  
2008  61  1  4634  
2010  3  1  4680  
2056  241  3  4601  4613  4684  
2059  108  1  4680  
2066  38  2  4634  4663  
2073  247  3  4613  4635  4663  
2074  49  1  4665  
2075  95  6  4617  4634  4635  4656  4663  4691  
2080  58  1  4680  
2090  32  1  4680  
2106  9  1  4680  
2111  67  3  4646  4656  4672  
2138  215  1  4623  
2177  189  12  4611  4614  4617  4624  4641  4643  4646  4656  4661  4663  4680  4681  
2183  49  1  4663  
2184  26  2  4663  4684  
2188  71  1  4680  
2190  72  2  4601  4656  
2193  66  5  4624  4639  4656  4665  4685  
2215  34  1  4613  
2240  50  1  4643  
2252  42  2  4614  4663  
2256  31  1  4691  
2258  6  1  4643  
2273  142  1  4635  
2283  324  4  4613  4624  4663  4680  
2299  30  2  4643  4680  
2301  100  2  4624  4663  
2303  46  2  4635  4641  
2304  69  2  4680  4684  
2313  44  2  4671  4691  
2321  7  1  4672  
2329  47  1  4680  
2342  70  1  4685  
2353  2  1  4680  
2355  50  1  4665  
2356  893  12  4601  4614  4624  4634  4639  4643  4646  4653  4663  4665  4671  4672  
2367  146  3  4643  4671  4680  
2376  60  1  4691  
2378  12  1  4656  
2384  49  2  4613  4680  
2391  64  3  4623  4624  4656  
2406  24  1  4680  
2408  108  5  4611  4643  4663  4666  4680  
2440  49  1  4663  
2442  44  2  4680  4691  
2443  307  12  4601  4614  4639  4641  4643  4646  4653  4663  4665  4671  4672  4682  
2445  164  3  4617  4643  4680  
2451  126  7  4611  4614  4624  4635  4663  4665  4671  
2458  103  1  4611  
2464  6  1  4680  
2469  156  1  4611  
2471  618  18  4601  4611  4613  4614  4617  4623  4624  4635  4639  4646  4653  4656  4661  4665  4680  4684  4685  4691  
2472  38  1  4679  
2476  149  3  4635  4639  4680  
2485  80  2  4639  4653  
2490  103  1  4656  
2506  33  1  4680  
2515  3  1  4614  
2519  39  2  4680  4685  
2525  7  1  4680  
2546  46  1  4684  
2547  35  2  4617  4691  
2562  173  2  4680  4685  
2565  6  1  4613  
2595  39  1  4684  
2613  44  1  4680  
2616  16  1  4643  
2632  282  4  4601  4639  4643  4653  
2641  28  1  4656  
2662  4  1  4680  
2665  12  1  4663  
2666  57  2  4624  4653  
2691  123  2  4614  4663  
2715  238  1  4611  
2720  357  14  4611  4613  4634  4639  4641  4643  4653  4656  4663  4665  4671  4680  4684  4691  
2729  44  1  4614  
2735  55  3  4613  4656  4684  
2742  10  1  4646  
2746  43  3  4613  4617  4643  
2755  51  1  4617  
2756  123  1  4653  
2761  44  2  4656  4685  
2773  39  2  4613  4643  
2774  189  1  4688  
2775  2  1  4614  
2778  216  3  4613  4680  4684  
2781  13  3  4601  4635  4653  
2823  62  1  4680  
2827  37  1  4680  
2831  81  7  4611  4613  4656  4665  4671  4672  4685  
2867  3  1  4680  
2875  49  1  4643  
2878  18  1  4663  
2917  10  1  4680  
2918  68  2  4656  4663  
2936  41  2  4617  4663  
2964  28  2  4643  4663  
2972  2  1  4653  
2995  2  1  4680  
2999  69  3  4656  4671  4684  
3013  8  1  4635  
3017  51  2  4614  4684  
3048  15  1  4656  
3049  13  1  4663  
3053  4  1  4680  
3058  35  2  4617  4680  
3060  25  2  4663  4672  
3062  55  1  4624  
3064  273  5  4601  4639  4653  4663  4665  
3076  63  2  4643  4663  
3087  41  1  4613  
3090  180  4  4623  4634  4635  4680  
3097  2  1  4643  
3098  60  2  4656  4685  
3102  156  2  4624  4639  
3110  122  2  4639  4653  
3111  3  1  4680  
3112  89  1  4681  
3137  88  3  4623  4643  4680  
3142  21  1  4617  
3144  271  11  4601  4613  4614  4623  4624  4635  4639  4656  4681  4684  4691  
3146  314  11  4601  4613  4614  4617  4624  4639  4646  4653  4656  4665  4684  
3149  131  2  4601  4613  
3150  319  18  4601  4611  4613  4617  4623  4624  4635  4639  4641  4643  4646  4653  4656  4663  4665  4680  4685  4691  
3153  241  9  4611  4613  4623  4635  4639  4643  4656  4672  4680  
3154  166  4  4611  4614  4646  4665  
3156  92  5  4613  4634  4656  4680  4684  
3157  22  2  4613  4643  
3158  101  2  4624  4646  
3159  54  1  4680  
3160  56  2  4639  4665  
3173  42  2  4614  4656  
3178  20  1  4685  
3191  114  2  4624  4680  
3209  71  3  4614  4663  4680  
3240  14  2  4639  4653  
3251  147  4  4611  4635  4680  4684  
3253  45  1  4643  
3264  156  6  4613  4623  4634  4635  4643  4680  
3278  52  1  4624  
3280  12  1  4680  
3284  24  1  4663  
3289  205  6  4613  4617  4653  4656  4665  4671  
3290  144  1  4643  
3304  91  1  4680  
3307  82  2  4643  4663  
3309  11  1  4680  
3314  212  2  4617  4624  
3315  362  13  4611  4613  4614  4617  4623  4635  4643  4656  4663  4680  4684  4685  4691  
3316  44  1  4656  
3337  20  1  4663  
3338  144  3  4624  4663  4665  
3344  5  1  4639  
3354  6  1  4672  
3362  95  2  4641  4690  
3395  85  2  4611  4663  
3411  11  2  4613  4643  
3434  11  1  4665  
3441  18  1  4635  
3442  99  2  4679  4680  
3443  232  4  4601  4663  4680  4685  
3446  27  1  4646  
3449  113  4  4617  4639  4656  4665  
3451  23  1  4613  
3466  94  1  4680  
3509  5  1  4601  
3544  33  2  4614  4680  
3548  42  2  4611  4663  
3551  15  2  4623  4653  
3557  7  1  4643  
3583  85  1  4643  
3587  23  1  4680  
3592  89  2  4613  4663  
3596  90  2  4617  4661  
3601  145  6  4634  4646  4663  4682  4688  4690  
3617  57  5  4613  4623  4635  4639  4691  
3631  21  1  4646  
3648  147  2  4624  4680  
3649  15  1  4656  
3652  104  1  4613  
3653  68  7  4613  4635  4639  4643  4663  4665  4684  
3657  257  8  4617  4623  4639  4646  4653  4656  4684  4691  
3658  89  1  4663  
3672  27  2  4613  4684  
3674  131  2  4613  4685  
3679  111  6  4617  4639  4653  4656  4671  4685  
3682  115  8  4613  4624  4635  4656  4663  4681  4685  4692  
3685  86  2  4611  4643  
3686  77  2  4639  4653  
3690  15  2  4617  4671  
3704  155  12  4611  4613  4623  4624  4639  4641  4643  4646  4656  4663  4684  4685  
3736  64  1  4624  
3742  76  4  4643  4671  4680  4685  
3749  84  2  4623  4680  
3762  9  1  4663  
3767  8  1  4663  
3782  20  1  4692  
3793  2  1  4639  
3800  65  2  4634  4663  
3801  53  5  4613  4643  4671  4681  4690  
3808  112  4  4601  4639  4641  4665  
3810  42  3  4635  4656  4680  
3811  41  2  4614  4639  
3819  2  1  4639  
3855  52  3  4624  4639  4656  
3870  38  1  4680  
3878  7  1  4601  
3879  278  13  4611  4613  4614  4617  4623  4624  4634  4635  4656  4663  4680  4684  4691  
3903  32  1  4691  
3906  40  1  4680  
3914  55  1  4672  
3919  80  4  4613  4624  4656  4684  
3921  50  3  4611  4639  4646  
3929  39  2  4634  4663  
3972  11  1  4680  
3981  12  1  4653  
3990  70  1  4634  
3991  6  1  4639  
3994  202  3  4635  4639  4665  
3995  18  1  4639  
3996  7  1  4614  
4001  36  1  4601  
4008  22  2  4613  4692  
4021  18  3  4646  4671  4690  
4028  16  1  4663  
4034  7  1  4665  
4035  153  7  4614  4623  4635  4639  4665  4680  4684  
4037  20  2  4663  4681  
4038  31  2  4641  4646  
4039  50  2  4635  4643  
4040  15  1  4680  
4056  11  1  4639  
4062  9  1  4643  
4064  14  1  4611  
4069  8  1  4614  
4071  19  1  4613  
4073  81  3  4624  4656  4680  
4083  100  2  4624  4684  
4090  16  2  4617  4656  
4102  40  2  4614  4617  
4122  71  3  4613  4614  4685  
4124  15  1  4624  
4128  7  1  4623  
4150  4  1  4680  
4152  228  7  4613  4624  4635  4646  4653  4663  4684  
4169  114  11  4601  4624  4635  4639  4641  4643  4646  4653  4656  4681  4682  
4187  96  6  4623  4635  4643  4646  4663  4691  
4196  57  2  4643  4663  
4197  23  2  4611  4680  
4201  2  1  4601  
4218  8  1  4665  
4220  121  4  4613  4624  4663  4680  
4225  62  3  4613  4680  4691  
4226  46  6  4639  4653  4661  4665  4682  4688  
4231  36  1  4639  
4232  15  1  4653  
4247  18  1  4613  
4248  38  3  4611  4617  4639  
4256  34  1  4663  
4263  53  3  4635  4680  4691  
4266  14  1  4680  
4275  27  1  4613  
4285  62  2  4680  4691  
4288  73  3  4635  4643  4680  
4289  4  1  4656  
4304  46  2  4635  4639  
4305  20  2  4634  4656  
4309  28  1  4601  
4312  2  1  4601  
4315  101  3  4617  4646  4656  
4319  168  4  4613  4665  4684  4685  
4320  78  2  4611  4671  
4334  24  1  4680  
4337  34  2  4624  4665  
4343  3  1  4613  
4344  5  1  4601  
4350  30  1  4653  
4353  4  1  4680  
4364  3  1  4643  
4380  79  3  4624  4643  4646  
4384  169  12  4601  4613  4617  4624  4634  4635  4639  4653  4663  4665  4671  4684  
4398  6  1  4635  
4407  10  1  4684  
4419  12  2  4601  4653  
4427  214  11  4601  4624  4635  4639  4643  4646  4653  4656  4665  4681  4685  
4437  60  5  4635  4639  4653  4684  4691  
4439  25  1  4601  
4440  361  15  4611  4613  4614  4617  4623  4624  4635  4639  4643  4653  4656  4665  4680  4684  4691  
4446  44  3  4639  4646  4665  
4448  23  1  4646  
4452  16  1  4613  
4453  53  1  4623  
4454  43  2  4653  4680  
4459  23  1  4613  
4464  19  1  4634  
4470  115  11  4617  4623  4624  4634  4639  4643  4663  4665  4680  4685  4691  
4473  28  3  4641  4643  4646  
4474  27  1  4624  
4475  14  2  4653  4665  
4477  10  1  4680  
4480  14  1  4634  
4481  10  1  4601  
4482  9  2  4663  4680  
4485  139  10  4601  4611  4613  4639  4641  4663  4666  4671  4681  4690  
4486  172  9  4613  4614  4617  4623  4643  4663  4680  4684  4685  
4489  43  1  4680  
4505  6  1  4663  
4506  11  1  4635  
4509  52  1  4684  
4516  13  1  4646  
4531  271  15  4611  4613  4623  4624  4634  4635  4639  4641  4646  4656  4663  4680  4684  4685  4691  
4540  8  1  4684  
4549  14  1  4665  
4551  54  4  4617  4623  4643  4680  
4552  127  1  4613  
4555  33  1  4643  
4557  84  10  4601  4611  4613  4617  4639  4643  4646  4653  4684  4685  
4565  18  2  4639  4653  
4569  69  4  4613  4617  4656  4663  
4571  54  3  4613  4614  4671  
4582  11  1  4617  
4583  51  4  4623  4665  4671  4691  
4591  13  1  4680  
4593  4  2  4639  4646  
4594  5  1  4623  
4595  3  1  4601  
4596  24  5  4601  4661  4665  4666  4682  
4597  1  1  4601  
4598  1  1  4601  
4599  12  2  4601  4643  
4600  1  1  4601  
4602  1  1  4601  
4603  2  1  4601  
4604  48  2  4601  4680  
4605  1  1  4601  
4606  41  4  4623  4624  4684  4685  
4607  29  1  4613  
4608  122  4  4614  4634  4643  4663  
4609  6  1  4635  
4610  35  1  4624  
4611  139  4  4617  4624  4656  4685  
4612  101  6  4613  4614  4623  4672  4680  4684  
4614  217  8  4613  4623  4635  4643  4656  4663  4680  4685  
4615  49  3  4611  4617  4656  
4616  41  3  4623  4643  4680  
4617  14  2  4684  4685  
4619  68  1  4624  
4620  152  4  4613  4623  4635  4680  
4623  211  8  4614  4624  4634  4635  4656  4680  4685  4691  
4624  312  7  4611  4613  4617  4635  4656  4663  4684  
4625  80  2  4617  4624  
4628  18  1  4623  
4629  10  2  4613  4639  
4630  4  1  4639  
4631  32  3  4613  4639  4680  
4632  3  1  4639  
4633  6  1  4639  
4634  22  2  4635  4639  
4635  15  2  4639  4646  
4636  15  2  4639  4641  
4637  2  1  4639  
4638  15  2  4635  4639  
4640  13  2  4635  4663  
4642  1  1  4643  
4644  1  1  4646  
4645  1  1  4646  
4646  8  1  4635  
4648  21  2  4613  4671  
4649  1  1  4653  
4650  1  1  4653  
4651  1  1  4653  
4652  1  1  4653  
4654  1  1  4661  
4655  1  1  4661  
4656  17  2  4661  4684  
4657  1  1  4661  
4658  1  1  4661  
4659  1  1  4661  
4660  1  1  4661  
4663  24  1  4665  
4664  3  1  4665  
4667  2  1  4671  
4668  1  1  4671  
4669  19  1  4671  
4670  1  1  4671  
4672  44  4  4617  4671  4681  4682  
4677  1  1  4679  
4678  1  1  4679  
4680  33  1  4613  
4684  59  3  4613  4635  4680  
4685  75  2  4617  4656  
4686  7  1  4611  
4691  12  1  4680  
4693  2  1  4643  
4702  21  2  4624  4681  
4706  6  1  4663  
4710  22  2  4634  4643  
4715  61  4  4614  4623  4663  4691  
4723  9  1  4624  
4728  18  1  4680  
4729  11  1  4634  
4730  32  5  4623  4624  4663  4680  4685  
4746  2  1  4680  
4747  30  2  4611  4614  
4756  3  1  4611  
4782  4  1  4685  
4783  19  2  4617  4624  
4790  37  2  4613  4624  
4794  12  1  4635  
4798  4  1  4613  
4800  40  4  4624  4635  4663  4680  
4814  48  3  4614  4635  4691  
4815  2  1  4680  
4817  37  2  4613  4684  
4820  6  1  4680  
4826  26  1  4617  
4832  26  1  4635  
4834  3  1  4663  
4836  17  1  4656  
4840  44  2  4684  4685  
4860  28  2  4617  4663  
4863  12  1  4624  
4865  22  1  4613  
4866  21  2  4611  4613  
4868  30  1  4684  
4901  389  11  4613  4614  4623  4634  4635  4643  4663  4672  4680  4684  4691  
4903  6  1  4680  
4906  39  1  4643  
4908  243  10  4613  4614  4623  4634  4643  4656  4663  4680  4684  4691  
4909  26  1  4680  
4911  14  1  4613  
4919  137  7  4613  4617  4634  4635  4663  4684  4691  
4923  10  2  4613  4680  
4924  11  1  4613  
4927  46  2  4613  4663  
4933  13  1  4624  
4936  3  2  4623  4624  
4937  1  1  4624  
4951  105  1  4635  
4953  12  1  4680  
4956  11  1  4663  
4958  27  1  4680  
4969  7  1  4656  
4977  66  4  4614  4656  4663  4680  
4981  15  1  4680  
4982  22  2  4611  4663  
4992  36  4  4613  4680  4684  4685  
5002  21  1  4663  
5012  139  5  4614  4634  4635  4680  4691  
5014  2  1  4680  
5015  10  1  4663  
5019  4  1  4617  
5025  4  1  4613  
5038  18  2  4611  4617  
5045  49  1  4685  
5050  50  4  4613  4635  4663  4680  
5051  230  12  4611  4613  4617  4623  4634  4635  4643  4656  4663  4680  4684  4691  
5053  10  1  4643  
5059  7  1  4680  
5065  44  2  4635  4656  
5068  3  1  4685  
5069  10  1  4684  
5070  3  1  4685  
5079  14  1  4685  
5080  45  4  4643  4680  4684  4685  
5082  13  1  4680  
5099  9  1  4656  
5105  13  2  4613  4684  
5106  4  1  4656  
5107  6  2  4613  4656  
5118  23  1  4613  
5122  32  2  4614  4617  
5129  191  8  4613  4614  4635  4643  4672  4680  4684  4691  
5132  23  1  4635  
5133  222  4  4614  4634  4643  4663  
5135  385  8  4614  4623  4634  4635  4643  4663  4680  4691  
5139  83  2  4643  4663  
5141  6  1  4635  
5143  29  2  4663  4680  
5144  79  1  4643  
5145  41  1  4635  
5147  144  5  4623  4635  4643  4680  4684  
5149  84  3  4663  4680  4691  
5150  75  2  4611  4680  
5151  67  5  4613  4663  4684  4685  4691  
5152  61  3  4613  4680  4691  
5154  22  1  4680  
5155  98  5  4613  4623  4634  4643  4680  
5156  12  1  4680  
5157  41  1  4617  
5158  15  1  4680  
5160  12  1  4684  
5169  41  4  4623  4643  4680  4684  
5182  92  4  4623  4635  4643  4691  
5183  16  1  4672  
5186  24  2  4623  4680  
5191  50  6  4611  4613  4617  4680  4684  4691  
5212  10  1  4617  
5218  19  1  4680  
5225  9  1  4617  
5235  10  1  4643  
5236  4  1  4672  
5237  3  1  4611  
5239  33  1  4680  
5240  4  1  4680  
5241  42  2  4643  4691  
5242  11  1  4613  
5247  13  1  4680  
5252  9  1  4614  
5253  4  1  4617  
5257  14  1  4617  
5263  11  1  4623  
5267  3  1  4680  
5273  2  1  4685  
5281  10  1  4663  
5294  81  4  4614  4643  4680  4691  
5295  20  1  4680  
5300  6  1  4663  
5302  68  1  4680  
5313  25  2  4613  4684  
5316  30  2  4663  4685  
5325  80  3  4634  4643  4672  
5331  6  1  4623  
5335  39  2  4643  4684  
5341  3  1  4643  
5359  32  2  4614  4643  
5363  54  1  4672  
5366  18  2  4613  4684  
5372  18  1  4643  
5382  26  1  4634  
5403  11  1  4684  
5408  2  1  4635  
5410  7  1  4680  
5418  9  1  4613  
5438  14  1  4623  
5454  3  1  4680  
5462  6  2  4613  4684  
5466  12  1  4663  
5470  3  1  4680  
5476  31  3  4643  4680  4691  
5477  53  2  4643  4680  
5479  18  3  4612  4613  4680  
5480  31  2  4680  4684  
5481  1  1  4684  
5482  17  3  4663  4680  4684  
5483  1  1  4684  
5490  3  1  4685  
5495  75  1  4613  
5497  35  1  4680  
5501  1  1  4613  
5502  10  2  4613  4663  
5512  1  1  4635  
5519  88  1  4663  
5520  11  2  4623  4635  
5521  76  4  4623  4643  4663  4680  
5528  52  2  4634  4663  
5541  7  1  4680  
5542  78  1  4634  
5546  190  8  4614  4623  4634  4643  4663  4672  4680  4691  
5550  3  1  4663  
5551  2  1  4663  
5552  10  2  4643  4663  
5553  1  1  4663  
5554  19  1  4634  
5555  5  1  4635  
5556  2  1  4663  
5559  44  3  4635  4663  4680  
5560  6  1  4635  
5561  5  2  4635  4680  
5562  2  1  4635  
5563  108  4  4623  4634  4643  4680  
5569  4  1  4663  
5582  81  3  4623  4634  4680  
5621  23  1  4643  
5636  3  1  4680  
5639  70  3  4643  4663  4680  
5653  28  1  4691  
5655  58  2  4614  4623  
5660  8  1  4680  
5670  13  2  4680  4691  
5673  28  1  4680  
5676  85  3  4663  4680  4691  
5678  22  2  4643  4680  
5684  101  3  4614  4663  4680  
5690  17  2  4643  4680  
5699  54  2  4614  4680  
5706  33  1  4634  
5710  29  1  4680  
5725  21  1  4614  
5737  29  1  4680  
5740  35  1  4634  
5741  43  2  4634  4663  
5743  58  1  4680  
5755  10  1  4680  
5772  177  3  4614  4634  4672  
5780  10  1  4643  
5783  18  2  4623  4680  
5784  7  1  4643  
5789  160  2  4634  4663  
5792  91  4  4614  4643  4663  4672  
5793  104  1  4663  
5801  50  2  4643  4680  
5812  2  1  4680  
5813  1  1  4680  
5814  2  1  4680  
5815  4  1  4680  
5816  1  1  4680  
5817  3  1  4680  
5818  26  1  4680  
5819  1  1  4680  
5820  1  1  4680  
5821  1  1  4680  
5822  1  1  4680  
5823  1  1  4680  
5824  7  1  4680  
5825  1  1  4681  
5869  2  1  4643  
5874  100  2  4634  4663  
5921  77  3  4614  4634  4663  
5933  42  1  4634  
5936  11  1  4634  
5975  2  1  4643  
6019  31  1  4643  
6021  28  1  4614  
6025  49  1  4634  
6026  191  4  4614  4634  4643  4663  
6033  95  1  4614  
6035  54  1  4614  
6037  29  2  4614  4663  
6049  65  1  4663  
6058  68  1  4614  
6077  6  1  4634  
6081  41  1  4663  
6093  18  1  4634  
6094  81  1  4634  
6106  13  1  4643  
6127  13  1  4643  
6147  161  3  4614  4643  4672  
6152  142  2  4634  4663  
6153  31  2  4643  4672  
6156  37  1  4614  
6157  118  1  4643  
6171  70  2  4634  4643  
6175  123  2  4643  4672  
6180  93  2  4614  4643  
6197  12  1  4663  
6244  4  1  4614  
6261  9  1  4614  
6276  2  1  4663  
6302  22  1  4614  
6328  5  1  4643  
6335  89  2  4614  4663  
6348  39  3  4614  4634  4672  
6349  13  2  4614  4634  
6364  15  1  4634  
6370  1  1  4634  
6371  6  1  4634  
6376  15  1  4643  
6381  12  1  4663  
6393  9  1  4663  
6396  8  1  4663  
6409  1  1  4663  
6410  2  1  4663  
6414  24  1  4614  
6415  52  3  4614  4643  4672  
6553  9  1  4643  
6573  2  1  4643  
6578  39  1  4614  
6597  1  1  4614  
6603  10  1  4643  
6622  25  1  4614  
6627  36  1  4643  
6630  13  1  4614  
6635  19  1  4614  
6639  19  1  4614  
6643  2  1  4614  
6657  30  1  4672  
6662  45  1  4672  
6671  13  1  4614  
6672  50  1  4614  
6674  8  1  4614  
6696  20  1  4614  
6698  35  1  4643  
6699  11  2  4614  4643  
6730  23  1  4643  
6743  3  1  4614  
6765  11  1  4643  
6768  24  1  4614  
6775  6  1  4614  
6796  27  2  4643  4672  
6797  30  1  4643  
6803  12  1  4614  
6822  4  1  4614  
6823  1  1  4614  
6824  2  1  4614  
6825  2  1  4614  
6826  4  2  4614  4643  
6827  1  1  4614  
6828  1  1  4614  
6850  11  1  4643  
6864  15  1  4672  
6886  7  1  4643  
6924  1  1  4643  
6925  3  1  4643  
6926  1  1  4643  
6927  1  1  4643  
6928  3  1  4643  
6997  2  1  4672  
